0 -10
0.003 -6.99717
0.006 -6.99504
0.009 -6.9929
0.012 -6.99075
0.015 -6.98858
0.018 -6.98641
0.021 -6.98422
0.024 -6.98201
0.027 -6.9798
0.03 -6.97757
0.033 -6.97533
0.036 -6.97307
0.039 -6.9708
0.042 -6.96852
0.045 -6.96622
0.048 -6.96392
0.051 -6.96159
0.054 -6.95926
0.057 -6.95691
0.06 -6.95455
0.063 -6.95217
0.066 -6.94978
0.069 -6.94737
0.072 -6.94496
0.075 -6.94252
0.078 -6.94008
0.081 -6.93762
0.084 -6.93514
0.087 -6.93265
0.09 -6.93015
0.093 -6.92763
0.096 -6.9251
0.099 -6.92255
0.102 -6.91999
0.105 -6.91742
0.108 -6.91483
0.111 -6.91222
0.114 -6.9096
0.117 -6.90697
0.12 -6.90432
0.123 -6.90165
0.126 -6.89897
0.129 -6.89628
0.132 -6.89357
0.135 -6.89084
0.138 -6.8881
0.141 -6.88534
0.144 -6.88257
0.147 -6.87978
0.15 -6.87698
0.153 -6.87416
0.156 -6.87133
0.159 -6.86848
0.162 -6.86561
0.165 -6.86273
0.168 -6.85983
0.171 -6.85692
0.174 -6.85399
0.177 -6.85104
0.18 -6.84808
0.183 -6.8451
0.186 -6.8421
0.189 -6.83909
0.192 -6.83606
0.195 -6.83302
0.198 -6.82996
0.201 -6.82688
0.204 -6.82378
0.207 -6.82067
0.21 -6.81754
0.213 -6.8144
0.216 -6.81123
0.219 -6.80805
0.222 -6.80486
0.225 -6.80164
0.228 -6.79841
0.231 -6.79516
0.234 -6.7919
0.237 -6.78861
0.24 -6.78531
0.243 -6.78199
0.246 -6.77866
0.249 -6.7753
0.252 -6.77193
0.255 -6.76854
0.258 -6.76514
0.261 -6.76171
0.264 -6.75827
0.267 -6.75481
0.27 -6.75133
0.273 -6.74783
0.276 -6.74432
0.279 -6.74079
0.282 -6.73723
0.285 -6.73367
0.288 -6.73008
0.291 -6.72647
0.294 -6.72285
0.297 -6.71921
0.3 -6.71554
0.303 -6.71186
0.306 -6.70817
0.309 -6.70445
0.312 -6.70071
0.315 -6.69696
0.318 -6.69319
0.321 -6.6894
0.324 -6.68559
0.327 -6.68176
0.33 -6.67791
0.333 -6.67404
0.336 -6.67016
0.339 -6.66625
0.342 -6.66233
0.345 -6.65838
0.348 -6.65442
0.351 -6.65044
0.354 -6.64644
0.357 -6.64242
0.36 -6.63838
0.363 -6.63433
0.366 -6.63025
0.369 -6.62615
0.372 -6.62204
0.375 -6.6179
0.378 -6.61375
0.381 -6.60957
0.384 -6.60538
0.387 -6.60117
0.39 -6.59694
0.393 -6.59269
0.396 -6.58842
0.399 -6.58413
0.402 -6.57982
0.405 -6.57549
0.408 -6.57114
0.411 -6.56678
0.414 -6.56239
0.417 -6.55798
0.42 -6.55356
0.423 -6.54911
0.426 -6.54465
0.429 -6.54017
0.432 -6.53566
0.435 -6.53114
0.438 -6.5266
0.441 -6.52204
0.444 -6.51746
0.447 -6.51286
0.45 -6.50824
0.453 -6.5036
0.456 -6.49894
0.459 -6.49426
0.462 -6.48957
0.465 -6.48485
0.468 -6.48012
0.471 -6.47536
0.474 -6.47059
0.477 -6.4658
0.48 -6.46098
0.483 -6.45615
0.486 -6.4513
0.489 -6.44644
0.492 -6.44155
0.495 -6.43664
0.498 -6.43172
0.501 -6.42677
0.504 -6.42181
0.507 -6.41683
0.51 -6.41183
0.513 -6.40681
0.516 -6.40177
0.519 -6.39671
0.522 -6.39164
0.525 -6.38655
0.528 -6.38144
0.531 -6.37631
0.534 -6.37116
0.537 -6.36599
0.54 -6.36081
0.543 -6.3556
0.546 -6.35038
0.549 -6.34515
0.552 -6.33989
0.555 -6.33462
0.558 -6.32933
0.561 -6.32402
0.564 -6.31869
0.567 -6.31335
0.57 -6.30799
0.573 -6.30261
0.576 -6.29721
0.579 -6.2918
0.582 -6.28637
0.585 -6.28092
0.588 -6.27546
0.591 -6.26998
0.594 -6.26448
0.597 -6.25897
0.6 -6.25344
0.603 -6.2479
0.606 -6.24233
0.609 -6.23676
0.612 -6.23116
0.615 -6.22555
0.618 -6.21993
0.621 -6.21429
0.624 -6.20863
0.627 -6.20296
0.63 -6.19727
0.633 -6.19157
0.636 -6.18585
0.639 -6.18012
0.642 -6.17437
0.645 -6.16861
0.648 -6.16283
0.651 -6.15704
0.654 -6.15124
0.657 -6.14542
0.66 -6.13959
0.663 -6.13374
0.666 -6.12788
0.669 -6.12201
0.672 -6.11612
0.675 -6.11022
0.678 -6.1043
0.681 -6.09837
0.684 -6.09243
0.687 -6.08648
0.69 -6.08052
0.693 -6.07454
0.696 -6.06855
0.699 -6.06254
0.702 -6.05653
0.705 -6.0505
0.708 -6.04446
0.711 -6.03841
0.714 -6.03235
0.717 -6.02628
0.72 -6.0202
0.723 -6.0141
0.726 -6.008
0.729 -6.00188
0.732 -5.99575
0.735 -5.98961
0.738 -5.98347
0.741 -5.97731
0.744 -5.97114
0.747 -5.96496
0.75 -5.95878
0.753 -5.95258
0.756 -5.94637
0.759 -5.94016
0.762 -5.93394
0.765 -5.9277
0.768 -5.92146
0.771 -5.91521
0.774 -5.90895
0.777 -5.90269
0.78 -5.89641
0.783 -5.89013
0.786 -5.88384
0.789 -5.87754
0.792 -5.87124
0.795 -5.86493
0.798 -5.85861
0.801 -5.85228
0.804 -5.84595
0.807 -5.83961
0.81 -5.83326
0.813 -5.82691
0.816 -5.82055
0.819 -5.81419
0.822 -5.80782
0.825 -5.80144
0.828 -5.79506
0.831 -5.78867
0.834 -5.78228
0.837 -5.77588
0.84 -5.76948
0.843 -5.76307
0.846 -5.75666
0.849 -5.75024
0.852 -5.74382
0.855 -5.7374
0.858 -5.73097
0.861 -5.72454
0.864 -5.7181
0.867 -5.71166
0.87 -5.70522
0.873 -5.69877
0.876 -5.69232
0.879 -5.68587
0.882 -5.67941
0.885 -5.67295
0.888 -5.66649
0.891 -5.66003
0.894 -5.65356
0.897 -5.64709
0.9 -5.64062
0.903 -5.63415
0.906 -5.62768
0.909 -5.6212
0.912 -5.61472
0.915 -5.60824
0.918 -5.60176
0.921 -5.59528
0.924 -5.5888
0.927 -5.58231
0.93 -5.57583
0.933 -5.56934
0.936 -5.56286
0.939 -5.55637
0.942 -5.54988
0.945 -5.54339
0.948 -5.53691
0.951 -5.53042
0.954 -5.52393
0.957 -5.51744
0.96 -5.51096
0.963 -5.50447
0.966 -5.49798
0.969 -5.4915
0.972 -5.48501
0.975 -5.47853
0.978 -5.47204
0.981 -5.46556
0.984 -5.45908
0.987 -5.4526
0.99 -5.44612
0.993 -5.43964
0.996 -5.43316
0.999 -5.42669
1.002 -5.42022
1.005 -5.41374
1.008 -5.40727
1.011 -5.4008
1.014 -5.39434
1.017 -5.38787
1.02 -5.38141
1.023 -5.37495
1.026 -5.36849
1.029 -5.36204
1.032 -5.35558
1.035 -5.34913
1.038 -5.34268
1.041 -5.33624
1.044 -5.32979
1.047 -5.32335
1.05 -5.31691
1.053 -5.31048
1.056 -5.30404
1.059 -5.29761
1.062 -5.29119
1.065 -5.28476
1.068 -5.27834
1.071 -5.27192
1.074 -5.26551
1.077 -5.2591
1.08 -5.25269
1.083 -5.24628
1.086 -5.23988
1.089 -5.23348
1.092 -5.22709
1.095 -5.2207
1.098 -5.21431
1.101 -5.20793
1.104 -5.20155
1.107 -5.19517
1.11 -5.1888
1.113 -5.18243
1.116 -5.17606
1.119 -5.1697
1.122 -5.16334
1.125 -5.15698
1.128 -5.15063
1.131 -5.14429
1.134 -5.13794
1.137 -5.1316
1.14 -5.12527
1.143 -5.11894
1.146 -5.11261
1.149 -5.10628
1.152 -5.09997
1.155 -5.09365
1.158 -5.08734
1.161 -5.08103
1.164 -5.07473
1.167 -5.06843
1.17 -5.06213
1.173 -5.05584
1.176 -5.04955
1.179 -5.04327
1.182 -5.03699
1.185 -5.03072
1.188 -5.02445
1.191 -5.01818
1.194 -5.01192
1.197 -5.00566
1.2 -4.99941
1.203 -4.99316
1.206 -4.98691
1.209 -4.98067
1.212 -4.97443
1.215 -4.9682
1.218 -4.96197
1.221 -4.95574
1.224 -4.94952
1.227 -4.9433
1.23 -4.93709
1.233 -4.93088
1.236 -4.92468
1.239 -4.91848
1.242 -4.91228
1.245 -4.90609
1.248 -4.8999
1.251 -4.89372
1.254 -4.88754
1.257 -4.88136
1.26 -4.87519
1.263 -4.86902
1.266 -4.86285
1.269 -4.85669
1.272 -4.85054
1.275 -4.84439
1.278 -4.83824
1.281 -4.83209
1.284 -4.82595
1.287 -4.81982
1.29 -4.81368
1.293 -4.80755
1.296 -4.80143
1.299 -4.79531
1.302 -4.78919
1.305 -4.78308
1.308 -4.77697
1.311 -4.77086
1.314 -4.76476
1.317 -4.75866
1.32 -4.75257
1.323 -4.74648
1.326 -4.74039
1.329 -4.73431
1.332 -4.72823
1.335 -4.72215
1.338 -4.71608
1.341 -4.71001
1.344 -4.70394
1.347 -4.69788
1.35 -4.69182
1.353 -4.68577
1.356 -4.67971
1.359 -4.67367
1.362 -4.66762
1.365 -4.66158
1.368 -4.65554
1.371 -4.64951
1.374 -4.64348
1.377 -4.63745
1.38 -4.63143
1.383 -4.62541
1.386 -4.61939
1.389 -4.61338
1.392 -4.60737
1.395 -4.60136
1.398 -4.59535
1.401 -4.58935
1.404 -4.58336
1.407 -4.57736
1.41 -4.57137
1.413 -4.56539
1.416 -4.5594
1.419 -4.55342
1.422 -4.54744
1.425 -4.54147
1.428 -4.5355
1.431 -4.52953
1.434 -4.52356
1.437 -4.5176
1.44 -4.51165
1.443 -4.50569
1.446 -4.49974
1.449 -4.49379
1.452 -4.48784
1.455 -4.4819
1.458 -4.47596
1.461 -4.47003
1.464 -4.4641
1.467 -4.45817
1.47 -4.45224
1.473 -4.44632
1.476 -4.4404
1.479 -4.43448
1.482 -4.42857
1.485 -4.42266
1.488 -4.41676
1.491 -4.41085
1.494 -4.40495
1.497 -4.39906
1.5 -4.39317
1.503 -4.38728
1.506 -4.38139
1.509 -4.37551
1.512 -4.36963
1.515 -4.36376
1.518 -4.35789
1.521 -4.35202
1.524 -4.34615
1.527 -4.34029
1.53 -4.33444
1.533 -4.32858
1.536 -4.32273
1.539 -4.31689
1.542 -4.31105
1.545 -4.30521
1.548 -4.29938
1.551 -4.29355
1.554 -4.28772
1.557 -4.2819
1.56 -4.27608
1.563 -4.27027
1.566 -4.26446
1.569 -4.25866
1.572 -4.25286
1.575 -4.24706
1.578 -4.24127
1.581 -4.23548
1.584 -4.2297
1.587 -4.22392
1.59 -4.21815
1.593 -4.21238
1.596 -4.20662
1.599 -4.20086
1.602 -4.19511
1.605 -4.18936
1.608 -4.18362
1.611 -4.17788
1.614 -4.17215
1.617 -4.16642
1.62 -4.1607
1.623 -4.15498
1.626 -4.14927
1.629 -4.14357
1.632 -4.13787
1.635 -4.13218
1.638 -4.12649
1.641 -4.12081
1.644 -4.11514
1.647 -4.10947
1.65 -4.10381
1.653 -4.09816
1.656 -4.09251
1.659 -4.08687
1.662 -4.08123
1.665 -4.07561
1.668 -4.06999
1.671 -4.06438
1.674 -4.05877
1.677 -4.05317
1.68 -4.04758
1.683 -4.042
1.686 -4.03642
1.689 -4.03086
1.692 -4.0253
1.695 -4.01975
1.698 -4.0142
1.701 -4.00867
1.704 -4.00314
1.707 -3.99763
1.71 -3.99212
1.713 -3.98662
1.716 -3.98113
1.719 -3.97565
1.722 -3.97018
1.725 -3.96472
1.728 -3.95926
1.731 -3.95382
1.734 -3.94839
1.737 -3.94296
1.74 -3.93755
1.743 -3.93215
1.746 -3.92676
1.749 -3.92138
1.752 -3.91601
1.755 -3.91065
1.758 -3.9053
1.761 -3.89996
1.764 -3.89463
1.767 -3.88932
1.77 -3.88401
1.773 -3.87872
1.776 -3.87344
1.779 -3.86818
1.782 -3.86292
1.785 -3.85768
1.788 -3.85245
1.791 -3.84723
1.794 -3.84202
1.797 -3.83683
1.8 -3.83165
1.803 -3.82649
1.806 -3.82134
1.809 -3.8162
1.812 -3.81107
1.815 -3.80596
1.818 -3.80086
1.821 -3.79578
1.824 -3.79071
1.827 -3.78566
1.83 -3.78062
1.833 -3.77559
1.836 -3.77058
1.839 -3.76559
1.842 -3.76061
1.845 -3.75564
1.848 -3.75069
1.851 -3.74576
1.854 -3.74084
1.857 -3.73594
1.86 -3.73105
1.863 -3.72618
1.866 -3.72133
1.869 -3.71649
1.872 -3.71167
1.875 -3.70686
1.878 -3.70208
1.881 -3.69731
1.884 -3.69255
1.887 -3.68782
1.89 -3.6831
1.893 -3.6784
1.896 -3.67371
1.899 -3.66905
1.902 -3.6644
1.905 -3.65977
1.908 -3.65516
1.911 -3.65057
1.914 -3.64599
1.917 -3.64143
1.92 -3.6369
1.923 -3.63238
1.926 -3.62788
1.929 -3.6234
1.932 -3.61893
1.935 -3.61449
1.938 -3.61006
1.941 -3.60566
1.944 -3.60127
1.947 -3.59691
1.95 -3.59256
1.953 -3.58824
1.956 -3.58393
1.959 -3.57964
1.962 -3.57538
1.965 -3.57113
1.968 -3.56691
1.971 -3.5627
1.974 -3.55851
1.977 -3.55435
1.98 -3.55021
1.983 -3.54608
1.986 -3.54198
1.989 -3.5379
1.992 -3.53384
1.995 -3.5298
1.998 -3.52578
2.001 -3.52178
2.004 -3.5178
2.007 -3.51385
2.01 -3.50991
2.013 -3.506
2.016 -3.50211
2.019 -3.49824
2.022 -3.49439
2.025 -3.49057
2.028 -3.48676
2.031 -3.48298
2.034 -3.47922
2.037 -3.47548
2.04 -3.47176
2.043 -3.46807
2.046 -3.46439
2.049 -3.46074
2.052 -3.45711
2.055 -3.45351
2.058 -3.44992
2.061 -3.44636
2.064 -3.44282
2.067 -3.4393
2.07 -3.43581
2.073 -3.43233
2.076 -3.42888
2.079 -3.42546
2.082 -3.42205
2.085 -3.41867
2.088 -3.41531
2.091 -3.41197
2.094 -3.40866
2.097 -3.40536
2.1 -3.40209
2.103 -3.39885
2.106 -3.39562
2.109 -3.39242
2.112 -3.38924
2.115 -3.38609
2.118 -3.38296
2.121 -3.37985
2.124 -3.37676
2.127 -3.37369
2.13 -3.37065
2.133 -3.36764
2.136 -3.36464
2.139 -3.36167
2.142 -3.35872
2.145 -3.35579
2.148 -3.35289
2.151 -3.35001
2.154 -3.34715
2.157 -3.34432
2.16 -3.34151
2.163 -3.33872
2.166 -3.33596
2.169 -3.33321
2.172 -3.3305
2.175 -3.3278
2.178 -3.32513
2.181 -3.32248
2.184 -3.31985
2.187 -3.31725
2.19 -3.31467
2.193 -3.31211
2.196 -3.30958
2.199 -3.30707
2.202 -3.30458
2.205 -3.30212
2.208 -3.29967
2.211 -3.29726
2.214 -3.29486
2.217 -3.29249
2.22 -3.29014
2.223 -3.28781
2.226 -3.28551
2.229 -3.28323
2.232 -3.28097
2.235 -3.27874
2.238 -3.27653
2.241 -3.27434
2.244 -3.27217
2.247 -3.27003
2.25 -3.26791
2.253 -3.26582
2.256 -3.26374
2.259 -3.26169
2.262 -3.25966
2.265 -3.25766
2.268 -3.25568
2.271 -3.25372
2.274 -3.25178
2.277 -3.24986
2.28 -3.24797
2.283 -3.2461
2.286 -3.24426
2.289 -3.24243
2.292 -3.24063
2.295 -3.23885
2.298 -3.23709
2.301 -3.23536
2.304 -3.23365
2.307 -3.23196
2.31 -3.23029
2.313 -3.22864
2.316 -3.22702
2.319 -3.22542
2.322 -3.22384
2.325 -3.22228
2.328 -3.22074
2.331 -3.21923
2.334 -3.21774
2.337 -3.21626
2.34 -3.21482
2.343 -3.21339
2.346 -3.21198
2.349 -3.2106
2.352 -3.20923
2.355 -3.20789
2.358 -3.20657
2.361 -3.20527
2.364 -3.20399
2.367 -3.20273
2.37 -3.20149
2.373 -3.20028
2.376 -3.19908
2.379 -3.19791
2.382 -3.19675
2.385 -3.19562
2.388 -3.1945
2.391 -3.19341
2.394 -3.19233
2.397 -3.19128
2.4 -3.19025
2.403 -3.18923
2.406 -3.18824
2.409 -3.18726
2.412 -3.18631
2.415 -3.18537
2.418 -3.18445
2.421 -3.18356
2.424 -3.18268
2.427 -3.18182
2.43 -3.18098
2.433 -3.18016
2.436 -3.17935
2.439 -3.17857
2.442 -3.1778
2.445 -3.17705
2.448 -3.17632
2.451 -3.17561
2.454 -3.17492
2.457 -3.17424
2.46 -3.17358
2.463 -3.17294
2.466 -3.17232
2.469 -3.17171
2.472 -3.17112
2.475 -3.17055
2.478 -3.16999
2.481 -3.16945
2.484 -3.16893
2.487 -3.16842
2.49 -3.16793
2.493 -3.16746
2.496 -3.167
2.499 -3.16656
2.502 -3.16614
2.505 -3.16573
2.508 -3.16533
2.511 -3.16495
2.514 -3.16459
2.517 -3.16424
2.52 -3.1639
2.523 -3.16358
2.526 -3.16328
2.529 -3.16299
2.532 -3.16271
2.535 -3.16245
2.538 -3.1622
2.541 -3.16197
2.544 -3.16175
2.547 -3.16154
2.55 -3.16135
2.553 -3.16117
2.556 -3.161
2.559 -3.16085
2.562 -3.16071
2.565 -3.16058
2.568 -3.16047
2.571 -3.16036
2.574 -3.16027
2.577 -3.16019
2.58 -3.16013
2.583 -3.16007
2.586 -3.16003
2.589 -3.16
2.592 -3.15998
2.595 -3.15997
2.598 -3.15998
2.601 -3.15999
2.604 -3.16001
2.607 -3.16005
2.61 -3.1601
2.613 -3.16015
2.616 -3.16022
2.619 -3.1603
2.622 -3.16038
2.625 -3.16048
2.628 -3.16059
2.631 -3.16071
2.634 -3.16083
2.637 -3.16097
2.64 -3.16111
2.643 -3.16127
2.646 -3.16143
2.649 -3.1616
2.652 -3.16178
2.655 -3.16197
2.658 -3.16217
2.661 -3.16238
2.664 -3.16259
2.667 -3.16281
2.67 -3.16304
2.673 -3.16328
2.676 -3.16353
2.679 -3.16378
2.682 -3.16404
2.685 -3.16431
2.688 -3.16459
2.691 -3.16487
2.694 -3.16516
2.697 -3.16546
2.7 -3.16576
2.703 -3.16607
2.706 -3.16639
2.709 -3.16671
2.712 -3.16704
2.715 -3.16737
2.718 -3.16772
2.721 -3.16806
2.724 -3.16842
2.727 -3.16878
2.73 -3.16914
2.733 -3.16951
2.736 -3.16989
2.739 -3.17027
2.742 -3.17065
2.745 -3.17105
2.748 -3.17144
2.751 -3.17184
2.754 -3.17225
2.757 -3.17266
2.76 -3.17308
2.763 -3.1735
2.766 -3.17392
2.769 -3.17435
2.772 -3.17478
2.775 -3.17522
2.778 -3.17566
2.781 -3.17611
2.784 -3.17656
2.787 -3.17701
2.79 -3.17747
2.793 -3.17793
2.796 -3.17839
2.799 -3.17886
2.802 -3.17933
2.805 -3.17981
2.808 -3.18029
2.811 -3.18077
2.814 -3.18125
2.817 -3.18174
2.82 -3.18223
2.823 -3.18272
2.826 -3.18321
2.829 -3.18371
2.832 -3.18421
2.835 -3.18472
2.838 -3.18522
2.841 -3.18573
2.844 -3.18624
2.847 -3.18676
2.85 -3.18727
2.853 -3.18779
2.856 -3.18831
2.859 -3.18883
2.862 -3.18935
2.865 -3.18988
2.868 -3.1904
2.871 -3.19093
2.874 -3.19146
2.877 -3.192
2.88 -3.19253
2.883 -3.19307
2.886 -3.1936
2.889 -3.19414
2.892 -3.19468
2.895 -3.19522
2.898 -3.19576
2.901 -3.19631
2.904 -3.19685
2.907 -3.1974
2.91 -3.19794
2.913 -3.19849
2.916 -3.19904
2.919 -3.19959
2.922 -3.20014
2.925 -3.20069
2.928 -3.20124
2.931 -3.2018
2.934 -3.20235
2.937 -3.20291
2.94 -3.20346
2.943 -3.20402
2.946 -3.20457
2.949 -3.20513
2.952 -3.20569
2.955 -3.20624
2.958 -3.2068
2.961 -3.20736
2.964 -3.20792
2.967 -3.20848
2.97 -3.20903
2.973 -3.20959
2.976 -3.21015
2.979 -3.21071
2.982 -3.21127
2.985 -3.21183
2.988 -3.21239
2.991 -3.21295
2.994 -3.21351
2.997 -3.21407
3 -3.21463
3.001 -10
