0 0
0.003 0.281679
0.006 0.282593
0.009 0.283513
0.012 0.284438
0.015 0.285369
0.018 0.286306
0.021 0.287248
0.024 0.288196
0.027 0.289149
0.03 0.290108
0.033 0.291073
0.036 0.292044
0.039 0.29302
0.042 0.294003
0.045 0.294991
0.048 0.295985
0.051 0.296986
0.054 0.297992
0.057 0.299004
0.06 0.300022
0.063 0.301046
0.066 0.302077
0.069 0.303113
0.072 0.304156
0.075 0.305205
0.078 0.30626
0.081 0.307322
0.084 0.308389
0.087 0.309464
0.09 0.310544
0.093 0.311631
0.096 0.312724
0.099 0.313824
0.102 0.314931
0.105 0.316044
0.108 0.317163
0.111 0.31829
0.114 0.319422
0.117 0.320562
0.12 0.321708
0.123 0.322861
0.126 0.324021
0.129 0.325188
0.132 0.326361
0.135 0.327542
0.138 0.328729
0.141 0.329924
0.144 0.331125
0.147 0.332334
0.15 0.333549
0.153 0.334772
0.156 0.336002
0.159 0.337239
0.162 0.338483
0.165 0.339735
0.168 0.340994
0.171 0.34226
0.174 0.343534
0.177 0.344815
0.18 0.346103
0.183 0.347399
0.186 0.348702
0.189 0.350013
0.192 0.351332
0.195 0.352658
0.198 0.353992
0.201 0.355334
0.204 0.356683
0.207 0.35804
0.21 0.359405
0.213 0.360778
0.216 0.362159
0.219 0.363547
0.222 0.364944
0.225 0.366348
0.228 0.367761
0.231 0.369181
0.234 0.37061
0.237 0.372047
0.24 0.373492
0.243 0.374945
0.246 0.376407
0.249 0.377876
0.252 0.379355
0.255 0.380841
0.258 0.382336
0.261 0.383839
0.264 0.385351
0.267 0.386871
0.27 0.388399
0.273 0.389936
0.276 0.391482
0.279 0.393037
0.282 0.3946
0.285 0.396171
0.288 0.397752
0.291 0.399341
0.294 0.400939
0.297 0.402546
0.3 0.404162
0.303 0.405786
0.306 0.40742
0.309 0.409062
0.312 0.410714
0.315 0.412374
0.318 0.414044
0.321 0.415723
0.324 0.41741
0.327 0.419107
0.33 0.420813
0.333 0.422529
0.336 0.424253
0.339 0.425987
0.342 0.42773
0.345 0.429482
0.348 0.431244
0.351 0.433015
0.354 0.434796
0.357 0.436586
0.36 0.438385
0.363 0.440194
0.366 0.442013
0.369 0.443841
0.372 0.445678
0.375 0.447525
0.378 0.449382
0.381 0.451249
0.384 0.453125
0.387 0.455011
0.39 0.456906
0.393 0.458812
0.396 0.460727
0.399 0.462652
0.402 0.464586
0.405 0.466531
0.408 0.468485
0.411 0.47045
0.414 0.472424
0.417 0.474408
0.42 0.476402
0.423 0.478406
0.426 0.48042
0.429 0.482444
0.432 0.484478
0.435 0.486522
0.438 0.488576
0.441 0.49064
0.444 0.492715
0.447 0.494799
0.45 0.496893
0.453 0.498998
0.456 0.501113
0.459 0.503238
0.462 0.505373
0.465 0.507518
0.468 0.509673
0.471 0.511839
0.474 0.514015
0.477 0.516201
0.48 0.518397
0.483 0.520603
0.486 0.52282
0.489 0.525047
0.492 0.527284
0.495 0.529531
0.498 0.531789
0.501 0.534057
0.504 0.536335
0.507 0.538624
0.51 0.540922
0.513 0.543231
0.516 0.545551
0.519 0.54788
0.522 0.55022
0.525 0.55257
0.528 0.55493
0.531 0.557301
0.534 0.559682
0.537 0.562073
0.54 0.564474
0.543 0.566886
0.546 0.569308
0.549 0.57174
0.552 0.574182
0.555 0.576635
0.558 0.579097
0.561 0.58157
0.564 0.584053
0.567 0.586547
0.57 0.58905
0.573 0.591564
0.576 0.594087
0.579 0.596621
0.582 0.599165
0.585 0.601719
0.588 0.604283
0.591 0.606857
0.594 0.609441
0.597 0.612036
0.6 0.61464
0.603 0.617254
0.606 0.619878
0.609 0.622512
0.612 0.625156
0.615 0.62781
0.618 0.630474
0.621 0.633147
0.624 0.635831
0.627 0.638524
0.63 0.641227
0.633 0.64394
0.636 0.646662
0.639 0.649394
0.642 0.652136
0.645 0.654887
0.648 0.657648
0.651 0.660419
0.654 0.663199
0.657 0.665989
0.66 0.668788
0.663 0.671597
0.666 0.674414
0.669 0.677242
0.672 0.680079
0.675 0.682925
0.678 0.68578
0.681 0.688644
0.684 0.691518
0.687 0.694401
0.69 0.697293
0.693 0.700194
0.696 0.703104
0.699 0.706023
0.702 0.708952
0.705 0.711889
0.708 0.714835
0.711 0.717789
0.714 0.720753
0.717 0.723726
0.72 0.726707
0.723 0.729697
0.726 0.732695
0.729 0.735702
0.732 0.738718
0.735 0.741742
0.738 0.744775
0.741 0.747816
0.744 0.750865
0.747 0.753923
0.75 0.75699
0.753 0.760064
0.756 0.763147
0.759 0.766238
0.762 0.769337
0.765 0.772444
0.768 0.775559
0.771 0.778682
0.774 0.781813
0.777 0.784952
0.78 0.788099
0.783 0.791253
0.786 0.794416
0.789 0.797586
0.792 0.800764
0.795 0.803949
0.798 0.807143
0.801 0.810343
0.804 0.813551
0.807 0.816767
0.81 0.81999
0.813 0.82322
0.816 0.826458
0.819 0.829703
0.822 0.832955
0.825 0.836215
0.828 0.839482
0.831 0.842755
0.834 0.846036
0.837 0.849324
0.84 0.852619
0.843 0.855921
0.846 0.859229
0.849 0.862545
0.852 0.865867
0.855 0.869197
0.858 0.872533
0.861 0.875875
0.864 0.879224
0.867 0.88258
0.87 0.885943
0.873 0.889312
0.876 0.892688
0.879 0.89607
0.882 0.899458
0.885 0.902853
0.888 0.906254
0.891 0.909662
0.894 0.913076
0.897 0.916496
0.9 0.919922
0.903 0.923355
0.906 0.926794
0.909 0.930238
0.912 0.933689
0.915 0.937147
0.918 0.94061
0.921 0.944079
0.924 0.947554
0.927 0.951035
0.93 0.954522
0.933 0.958015
0.936 0.961514
0.939 0.965018
0.942 0.968529
0.945 0.972045
0.948 0.975567
0.951 0.979095
0.954 0.982628
0.957 0.986168
0.96 0.989713
0.963 0.993263
0.966 0.99682
0.969 1.00038
0.972 1.00395
0.975 1.00752
0.978 1.0111
0.981 1.01469
0.984 1.01828
0.987 1.02187
0.99 1.02547
0.993 1.02908
0.996 1.03269
0.999 1.03631
1.002 1.03993
1.005 1.04356
1.008 1.0472
1.011 1.05083
1.014 1.05448
1.017 1.05813
1.02 1.06179
1.023 1.06545
1.026 1.06912
1.029 1.07279
1.032 1.07647
1.035 1.08015
1.038 1.08384
1.041 1.08753
1.044 1.09123
1.047 1.09494
1.05 1.09865
1.053 1.10237
1.056 1.10609
1.059 1.10982
1.062 1.11355
1.065 1.11729
1.068 1.12103
1.071 1.12478
1.074 1.12854
1.077 1.1323
1.08 1.13607
1.083 1.13984
1.086 1.14362
1.089 1.1474
1.092 1.15119
1.095 1.15498
1.098 1.15879
1.101 1.16259
1.104 1.1664
1.107 1.17022
1.11 1.17405
1.113 1.17788
1.116 1.18171
1.119 1.18556
1.122 1.1894
1.125 1.19326
1.128 1.19712
1.131 1.20098
1.134 1.20486
1.137 1.20873
1.14 1.21262
1.143 1.21651
1.146 1.22041
1.149 1.22431
1.152 1.22822
1.155 1.23214
1.158 1.23606
1.161 1.23999
1.164 1.24392
1.167 1.24787
1.17 1.25182
1.173 1.25577
1.176 1.25973
1.179 1.2637
1.182 1.26768
1.185 1.27166
1.188 1.27565
1.191 1.27965
1.194 1.28365
1.197 1.28766
1.2 1.29168
1.203 1.29571
1.206 1.29974
1.209 1.30378
1.212 1.30783
1.215 1.31188
1.218 1.31595
1.221 1.32002
1.224 1.3241
1.227 1.32818
1.23 1.33228
1.233 1.33638
1.236 1.34049
1.239 1.34461
1.242 1.34873
1.245 1.35287
1.248 1.35701
1.251 1.36116
1.254 1.36532
1.257 1.36949
1.26 1.37366
1.263 1.37785
1.266 1.38204
1.269 1.38625
1.272 1.39046
1.275 1.39468
1.278 1.39891
1.281 1.40315
1.284 1.4074
1.287 1.41166
1.29 1.41593
1.293 1.42021
1.296 1.42449
1.299 1.42879
1.302 1.4331
1.305 1.43742
1.308 1.44174
1.311 1.44608
1.314 1.45043
1.317 1.45479
1.32 1.45916
1.323 1.46354
1.326 1.46793
1.329 1.47233
1.332 1.47675
1.335 1.48117
1.338 1.4856
1.341 1.49005
1.344 1.49451
1.347 1.49898
1.35 1.50346
1.353 1.50795
1.356 1.51246
1.359 1.51698
1.362 1.52151
1.365 1.52605
1.368 1.5306
1.371 1.53517
1.374 1.53975
1.377 1.54434
1.38 1.54895
1.383 1.55357
1.386 1.5582
1.389 1.56285
1.392 1.56751
1.395 1.57218
1.398 1.57686
1.401 1.58156
1.404 1.58628
1.407 1.59101
1.41 1.59575
1.413 1.60051
1.416 1.60528
1.419 1.61007
1.422 1.61487
1.425 1.61969
1.428 1.62452
1.431 1.62937
1.434 1.63423
1.437 1.63911
1.44 1.644
1.443 1.64891
1.446 1.65384
1.449 1.65878
1.452 1.66374
1.455 1.66871
1.458 1.67371
1.461 1.67871
1.464 1.68374
1.467 1.68878
1.47 1.69384
1.473 1.69892
1.476 1.70402
1.479 1.70913
1.482 1.71426
1.485 1.71941
1.488 1.72458
1.491 1.72976
1.494 1.73497
1.497 1.74019
1.5 1.74543
1.503 1.75069
1.506 1.75597
1.509 1.76127
1.512 1.76659
1.515 1.77193
1.518 1.77729
1.521 1.78267
1.524 1.78807
1.527 1.79348
1.53 1.79892
1.533 1.80438
1.536 1.80986
1.539 1.81536
1.542 1.82089
1.545 1.82643
1.548 1.832
1.551 1.83758
1.554 1.84319
1.557 1.84882
1.56 1.85447
1.563 1.86015
1.566 1.86584
1.569 1.87156
1.572 1.8773
1.575 1.88306
1.578 1.88885
1.581 1.89466
1.584 1.90049
1.587 1.90635
1.59 1.91223
1.593 1.91813
1.596 1.92406
1.599 1.93001
1.602 1.93599
1.605 1.94198
1.608 1.94801
1.611 1.95405
1.614 1.96013
1.617 1.96622
1.62 1.97234
1.623 1.97849
1.626 1.98466
1.629 1.99086
1.632 1.99708
1.635 2.00332
1.638 2.0096
1.641 2.01589
1.644 2.02222
1.647 2.02857
1.65 2.03494
1.653 2.04134
1.656 2.04777
1.659 2.05422
1.662 2.0607
1.665 2.0672
1.668 2.07373
1.671 2.08029
1.674 2.08688
1.677 2.09349
1.68 2.10012
1.683 2.10679
1.686 2.11348
1.689 2.12019
1.692 2.12694
1.695 2.13371
1.698 2.14051
1.701 2.14733
1.704 2.15418
1.707 2.16106
1.71 2.16797
1.713 2.1749
1.716 2.18186
1.719 2.18885
1.722 2.19586
1.725 2.2029
1.728 2.20997
1.731 2.21706
1.734 2.22418
1.737 2.23133
1.74 2.23851
1.743 2.24571
1.746 2.25294
1.749 2.26019
1.752 2.26747
1.755 2.27478
1.758 2.28212
1.761 2.28948
1.764 2.29686
1.767 2.30428
1.77 2.31172
1.773 2.31919
1.776 2.32668
1.779 2.3342
1.782 2.34174
1.785 2.34931
1.788 2.3569
1.791 2.36452
1.794 2.37217
1.797 2.37984
1.8 2.38753
1.803 2.39525
1.806 2.403
1.809 2.41077
1.812 2.41856
1.815 2.42638
1.818 2.43422
1.821 2.44208
1.824 2.44997
1.827 2.45788
1.83 2.46581
1.833 2.47376
1.836 2.48174
1.839 2.48974
1.842 2.49776
1.845 2.5058
1.848 2.51387
1.851 2.52195
1.854 2.53006
1.857 2.53818
1.86 2.54633
1.863 2.5545
1.866 2.56268
1.869 2.57088
1.872 2.57911
1.875 2.58735
1.878 2.59561
1.881 2.60388
1.884 2.61218
1.887 2.62049
1.89 2.62881
1.893 2.63716
1.896 2.64551
1.899 2.65389
1.902 2.66228
1.905 2.67068
1.908 2.6791
1.911 2.68753
1.914 2.69597
1.917 2.70443
1.92 2.71289
1.923 2.72137
1.926 2.72987
1.929 2.73837
1.932 2.74688
1.935 2.7554
1.938 2.76393
1.941 2.77247
1.944 2.78102
1.947 2.78958
1.95 2.79814
1.953 2.80671
1.956 2.81529
1.959 2.82387
1.962 2.83246
1.965 2.84105
1.968 2.84965
1.971 2.85825
1.974 2.86685
1.977 2.87546
1.98 2.88406
1.983 2.89267
1.986 2.90128
1.989 2.90989
1.992 2.9185
1.995 2.92711
1.998 2.93571
2.001 2.94432
2.004 2.95292
2.007 2.96151
2.01 2.97011
2.013 2.97869
2.016 2.98728
2.019 2.99585
2.022 3.00443
2.025 3.01299
2.028 3.02154
2.031 3.03009
2.034 3.03863
2.037 3.04716
2.04 3.05568
2.043 3.06419
2.046 3.07268
2.049 3.08117
2.052 3.08964
2.055 3.0981
2.058 3.10654
2.061 3.11497
2.064 3.12338
2.067 3.13178
2.07 3.14016
2.073 3.14853
2.076 3.15687
2.079 3.1652
2.082 3.17351
2.085 3.1818
2.088 3.19007
2.091 3.19832
2.094 3.20655
2.097 3.21475
2.1 3.22293
2.103 3.23109
2.106 3.23923
2.109 3.24734
2.112 3.25542
2.115 3.26348
2.118 3.27152
2.121 3.27952
2.124 3.2875
2.127 3.29545
2.13 3.30337
2.133 3.31127
2.136 3.31913
2.139 3.32696
2.142 3.33477
2.145 3.34254
2.148 3.35028
2.151 3.35798
2.154 3.36566
2.157 3.3733
2.16 3.3809
2.163 3.38848
2.166 3.39601
2.169 3.40352
2.172 3.41098
2.175 3.41841
2.178 3.4258
2.181 3.43316
2.184 3.44047
2.187 3.44775
2.19 3.45499
2.193 3.4622
2.196 3.46936
2.199 3.47648
2.202 3.48356
2.205 3.4906
2.208 3.4976
2.211 3.50456
2.214 3.51148
2.217 3.51835
2.22 3.52519
2.223 3.53197
2.226 3.53872
2.229 3.54542
2.232 3.55208
2.235 3.5587
2.238 3.56527
2.241 3.5718
2.244 3.57828
2.247 3.58472
2.25 3.59111
2.253 3.59746
2.256 3.60376
2.259 3.61001
2.262 3.61622
2.265 3.62238
2.268 3.6285
2.271 3.63457
2.274 3.64059
2.277 3.64657
2.28 3.6525
2.283 3.65838
2.286 3.66422
2.289 3.67
2.292 3.67574
2.295 3.68144
2.298 3.68708
2.301 3.69268
2.304 3.69823
2.307 3.70373
2.31 3.70919
2.313 3.7146
2.316 3.71996
2.319 3.72527
2.322 3.73053
2.325 3.73575
2.328 3.74092
2.331 3.74604
2.334 3.75112
2.337 3.75614
2.34 3.76112
2.343 3.76606
2.346 3.77094
2.349 3.77578
2.352 3.78057
2.355 3.78532
2.358 3.79001
2.361 3.79466
2.364 3.79927
2.367 3.80383
2.37 3.80834
2.373 3.81281
2.376 3.81723
2.379 3.8216
2.382 3.82593
2.385 3.83022
2.388 3.83446
2.391 3.83865
2.394 3.8428
2.397 3.84691
2.4 3.85097
2.403 3.85499
2.406 3.85896
2.409 3.86289
2.412 3.86678
2.415 3.87062
2.418 3.87442
2.421 3.87818
2.424 3.88189
2.427 3.88557
2.43 3.8892
2.433 3.89279
2.436 3.89634
2.439 3.89985
2.442 3.90332
2.445 3.90675
2.448 3.91013
2.451 3.91348
2.454 3.91679
2.457 3.92006
2.46 3.92329
2.463 3.92648
2.466 3.92963
2.469 3.93275
2.472 3.93583
2.475 3.93887
2.478 3.94187
2.481 3.94483
2.484 3.94776
2.487 3.95066
2.49 3.95352
2.493 3.95634
2.496 3.95912
2.499 3.96188
2.502 3.96459
2.505 3.96728
2.508 3.96993
2.511 3.97254
2.514 3.97512
2.517 3.97767
2.52 3.98019
2.523 3.98267
2.526 3.98513
2.529 3.98755
2.532 3.98994
2.535 3.99229
2.538 3.99462
2.541 3.99692
2.544 3.99918
2.547 4.00142
2.55 4.00363
2.553 4.0058
2.556 4.00795
2.559 4.01007
2.562 4.01217
2.565 4.01423
2.568 4.01627
2.571 4.01827
2.574 4.02026
2.577 4.02221
2.58 4.02414
2.583 4.02604
2.586 4.02792
2.589 4.02977
2.592 4.03159
2.595 4.03339
2.598 4.03517
2.601 4.03692
2.604 4.03864
2.607 4.04035
2.61 4.04203
2.613 4.04368
2.616 4.04531
2.619 4.04692
2.622 4.04851
2.625 4.05007
2.628 4.05162
2.631 4.05314
2.634 4.05464
2.637 4.05612
2.64 4.05757
2.643 4.05901
2.646 4.06043
2.649 4.06182
2.652 4.0632
2.655 4.06455
2.658 4.06589
2.661 4.06721
2.664 4.06851
2.667 4.06978
2.67 4.07105
2.673 4.07229
2.676 4.07351
2.679 4.07472
2.682 4.07591
2.685 4.07708
2.688 4.07824
2.691 4.07937
2.694 4.08049
2.697 4.0816
2.7 4.08269
2.703 4.08376
2.706 4.08481
2.709 4.08585
2.712 4.08688
2.715 4.08789
2.718 4.08888
2.721 4.08986
2.724 4.09083
2.727 4.09178
2.73 4.09271
2.733 4.09364
2.736 4.09454
2.739 4.09544
2.742 4.09632
2.745 4.09719
2.748 4.09804
2.751 4.09888
2.754 4.09971
2.757 4.10053
2.76 4.10133
2.763 4.10212
2.766 4.1029
2.769 4.10367
2.772 4.10442
2.775 4.10516
2.778 4.10589
2.781 4.10661
2.784 4.10732
2.787 4.10802
2.79 4.10871
2.793 4.10938
2.796 4.11005
2.799 4.1107
2.802 4.11135
2.805 4.11198
2.808 4.11261
2.811 4.11322
2.814 4.11383
2.817 4.11442
2.82 4.11501
2.823 4.11558
2.826 4.11615
2.829 4.11671
2.832 4.11726
2.835 4.1178
2.838 4.11833
2.841 4.11885
2.844 4.11936
2.847 4.11987
2.85 4.12037
2.853 4.12085
2.856 4.12133
2.859 4.12181
2.862 4.12227
2.865 4.12273
2.868 4.12318
2.871 4.12362
2.874 4.12406
2.877 4.12448
2.88 4.1249
2.883 4.12532
2.886 4.12572
2.889 4.12612
2.892 4.12652
2.895 4.1269
2.898 4.12728
2.901 4.12765
2.904 4.12802
2.907 4.12838
2.91 4.12873
2.913 4.12908
2.916 4.12942
2.919 4.12976
2.922 4.13008
2.925 4.13041
2.928 4.13073
2.931 4.13104
2.934 4.13134
2.937 4.13165
2.94 4.13194
2.943 4.13223
2.946 4.13252
2.949 4.1328
2.952 4.13307
2.955 4.13334
2.958 4.1336
2.961 4.13386
2.964 4.13412
2.967 4.13437
2.97 4.13461
2.973 4.13486
2.976 4.13509
2.979 4.13532
2.982 4.13555
2.985 4.13577
2.988 4.13599
2.991 4.13621
2.994 4.13642
2.997 4.13662
3 4.13682
3.001 0
