0 5
0.003 3.93331
0.006 3.93302
0.009 3.93272
0.012 3.93242
0.015 3.93212
0.018 3.93182
0.021 3.93151
0.024 3.9312
0.027 3.9309
0.03 3.93059
0.033 3.93027
0.036 3.92996
0.039 3.92965
0.042 3.92933
0.045 3.92901
0.048 3.92869
0.051 3.92836
0.054 3.92804
0.057 3.92771
0.06 3.92739
0.063 3.92706
0.066 3.92672
0.069 3.92639
0.072 3.92605
0.075 3.92572
0.078 3.92538
0.081 3.92503
0.084 3.92469
0.087 3.92434
0.09 3.924
0.093 3.92365
0.096 3.9233
0.099 3.92294
0.102 3.92259
0.105 3.92223
0.108 3.92187
0.111 3.92151
0.114 3.92115
0.117 3.92078
0.12 3.92042
0.123 3.92005
0.126 3.91968
0.129 3.9193
0.132 3.91893
0.135 3.91855
0.138 3.91817
0.141 3.91779
0.144 3.9174
0.147 3.91702
0.15 3.91663
0.153 3.91624
0.156 3.91585
0.159 3.91546
0.162 3.91506
0.165 3.91466
0.168 3.91426
0.171 3.91386
0.174 3.91345
0.177 3.91305
0.18 3.91264
0.183 3.91223
0.186 3.91181
0.189 3.9114
0.192 3.91098
0.195 3.91056
0.198 3.91014
0.201 3.90971
0.204 3.90929
0.207 3.90886
0.21 3.90843
0.213 3.90799
0.216 3.90756
0.219 3.90712
0.222 3.90668
0.225 3.90624
0.228 3.9058
0.231 3.90535
0.234 3.9049
0.237 3.90445
0.24 3.90399
0.243 3.90354
0.246 3.90308
0.249 3.90262
0.252 3.90216
0.255 3.90169
0.258 3.90123
0.261 3.90076
0.264 3.90028
0.267 3.89981
0.27 3.89933
0.273 3.89885
0.276 3.89837
0.279 3.89789
0.282 3.8974
0.285 3.89691
0.288 3.89642
0.291 3.89593
0.294 3.89544
0.297 3.89494
0.3 3.89444
0.303 3.89393
0.306 3.89343
0.309 3.89292
0.312 3.89241
0.315 3.8919
0.318 3.89139
0.321 3.89087
0.324 3.89035
0.327 3.88983
0.33 3.8893
0.333 3.88878
0.336 3.88825
0.339 3.88772
0.342 3.88718
0.345 3.88664
0.348 3.88611
0.351 3.88556
0.354 3.88502
0.357 3.88448
0.36 3.88393
0.363 3.88338
0.366 3.88282
0.369 3.88227
0.372 3.88171
0.375 3.88115
0.378 3.88058
0.381 3.88002
0.384 3.87945
0.387 3.87888
0.39 3.87831
0.393 3.87773
0.396 3.87715
0.399 3.87657
0.402 3.87599
0.405 3.8754
0.408 3.87482
0.411 3.87423
0.414 3.87363
0.417 3.87304
0.42 3.87244
0.423 3.87184
0.426 3.87124
0.429 3.87063
0.432 3.87003
0.435 3.86942
0.438 3.86881
0.441 3.86819
0.444 3.86757
0.447 3.86695
0.45 3.86633
0.453 3.86571
0.456 3.86508
0.459 3.86445
0.462 3.86382
0.465 3.86319
0.468 3.86255
0.471 3.86191
0.474 3.86127
0.477 3.86063
0.48 3.85998
0.483 3.85933
0.486 3.85868
0.489 3.85803
0.492 3.85737
0.495 3.85672
0.498 3.85606
0.501 3.85539
0.504 3.85473
0.507 3.85406
0.51 3.85339
0.513 3.85272
0.516 3.85205
0.519 3.85137
0.522 3.85069
0.525 3.85001
0.528 3.84933
0.531 3.84864
0.534 3.84795
0.537 3.84726
0.54 3.84657
0.543 3.84588
0.546 3.84518
0.549 3.84448
0.552 3.84378
0.555 3.84307
0.558 3.84237
0.561 3.84166
0.564 3.84095
0.567 3.84024
0.57 3.83952
0.573 3.8388
0.576 3.83808
0.579 3.83736
0.582 3.83664
0.585 3.83591
0.588 3.83519
0.591 3.83446
0.594 3.83372
0.597 3.83299
0.6 3.83225
0.603 3.83152
0.606 3.83077
0.609 3.83003
0.612 3.82929
0.615 3.82854
0.618 3.82779
0.621 3.82704
0.624 3.82629
0.627 3.82553
0.63 3.82478
0.633 3.82402
0.636 3.82326
0.639 3.82249
0.642 3.82173
0.645 3.82096
0.648 3.82019
0.651 3.81942
0.654 3.81865
0.657 3.81788
0.66 3.8171
0.663 3.81632
0.666 3.81554
0.669 3.81476
0.672 3.81398
0.675 3.81319
0.678 3.8124
0.681 3.81161
0.684 3.81082
0.687 3.81003
0.69 3.80923
0.693 3.80844
0.696 3.80764
0.699 3.80684
0.702 3.80604
0.705 3.80523
0.708 3.80443
0.711 3.80362
0.714 3.80281
0.717 3.802
0.72 3.80119
0.723 3.80038
0.726 3.79956
0.729 3.79874
0.732 3.79793
0.735 3.7971
0.738 3.79628
0.741 3.79546
0.744 3.79463
0.747 3.79381
0.75 3.79298
0.753 3.79215
0.756 3.79132
0.759 3.79048
0.762 3.78965
0.765 3.78881
0.768 3.78798
0.771 3.78714
0.774 3.78629
0.777 3.78545
0.78 3.78461
0.783 3.78376
0.786 3.78292
0.789 3.78207
0.792 3.78122
0.795 3.78037
0.798 3.77952
0.801 3.77866
0.804 3.77781
0.807 3.77695
0.81 3.77609
0.813 3.77523
0.816 3.77437
0.819 3.77351
0.822 3.77264
0.825 3.77178
0.828 3.77091
0.831 3.77004
0.834 3.76917
0.837 3.7683
0.84 3.76743
0.843 3.76656
0.846 3.76568
0.849 3.76481
0.852 3.76393
0.855 3.76305
0.858 3.76217
0.861 3.76129
0.864 3.76041
0.867 3.75952
0.87 3.75864
0.873 3.75775
0.876 3.75686
0.879 3.75597
0.882 3.75508
0.885 3.75419
0.888 3.7533
0.891 3.7524
0.894 3.75151
0.897 3.75061
0.9 3.74971
0.903 3.74881
0.906 3.74791
0.909 3.74701
0.912 3.7461
0.915 3.7452
0.918 3.74429
0.921 3.74339
0.924 3.74248
0.927 3.74157
0.93 3.74066
0.933 3.73974
0.936 3.73883
0.939 3.73791
0.942 3.737
0.945 3.73608
0.948 3.73516
0.951 3.73424
0.954 3.73332
0.957 3.73239
0.96 3.73147
0.963 3.73054
0.966 3.72962
0.969 3.72869
0.972 3.72776
0.975 3.72683
0.978 3.7259
0.981 3.72496
0.984 3.72403
0.987 3.72309
0.99 3.72215
0.993 3.72121
0.996 3.72027
0.999 3.71933
1.002 3.71839
1.005 3.71744
1.008 3.71649
1.011 3.71555
1.014 3.7146
1.017 3.71365
1.02 3.71269
1.023 3.71174
1.026 3.71079
1.029 3.70983
1.032 3.70887
1.035 3.70791
1.038 3.70695
1.041 3.70599
1.044 3.70502
1.047 3.70406
1.05 3.70309
1.053 3.70212
1.056 3.70115
1.059 3.70018
1.062 3.6992
1.065 3.69823
1.068 3.69725
1.071 3.69627
1.074 3.69529
1.077 3.69431
1.08 3.69333
1.083 3.69234
1.086 3.69135
1.089 3.69036
1.092 3.68937
1.095 3.68838
1.098 3.68739
1.101 3.68639
1.104 3.68539
1.107 3.68439
1.11 3.68339
1.113 3.68239
1.116 3.68138
1.119 3.68037
1.122 3.67936
1.125 3.67835
1.128 3.67734
1.131 3.67632
1.134 3.6753
1.137 3.67428
1.14 3.67326
1.143 3.67224
1.146 3.67121
1.149 3.67018
1.152 3.66915
1.155 3.66812
1.158 3.66709
1.161 3.66605
1.164 3.66501
1.167 3.66397
1.17 3.66292
1.173 3.66188
1.176 3.66083
1.179 3.65978
1.182 3.65873
1.185 3.65767
1.188 3.65661
1.191 3.65555
1.194 3.65449
1.197 3.65342
1.2 3.65235
1.203 3.65128
1.206 3.65021
1.209 3.64913
1.212 3.64805
1.215 3.64697
1.218 3.64589
1.221 3.6448
1.224 3.64371
1.227 3.64262
1.23 3.64152
1.233 3.64043
1.236 3.63932
1.239 3.63822
1.242 3.63711
1.245 3.636
1.248 3.63489
1.251 3.63377
1.254 3.63265
1.257 3.63153
1.26 3.6304
1.263 3.62928
1.266 3.62814
1.269 3.62701
1.272 3.62587
1.275 3.62473
1.278 3.62358
1.281 3.62243
1.284 3.62128
1.287 3.62012
1.29 3.61896
1.293 3.6178
1.296 3.61663
1.299 3.61546
1.302 3.61429
1.305 3.61311
1.308 3.61193
1.311 3.61074
1.314 3.60956
1.317 3.60836
1.32 3.60717
1.323 3.60596
1.326 3.60476
1.329 3.60355
1.332 3.60234
1.335 3.60112
1.338 3.5999
1.341 3.59867
1.344 3.59744
1.347 3.59621
1.35 3.59497
1.353 3.59373
1.356 3.59248
1.359 3.59123
1.362 3.58997
1.365 3.58871
1.368 3.58744
1.371 3.58617
1.374 3.5849
1.377 3.58362
1.38 3.58233
1.383 3.58104
1.386 3.57975
1.389 3.57845
1.392 3.57714
1.395 3.57584
1.398 3.57452
1.401 3.5732
1.404 3.57188
1.407 3.57054
1.41 3.56921
1.413 3.56787
1.416 3.56652
1.419 3.56517
1.422 3.56381
1.425 3.56245
1.428 3.56108
1.431 3.55971
1.434 3.55833
1.437 3.55694
1.44 3.55555
1.443 3.55415
1.446 3.55275
1.449 3.55134
1.452 3.54992
1.455 3.5485
1.458 3.54707
1.461 3.54564
1.464 3.5442
1.467 3.54275
1.47 3.5413
1.473 3.53984
1.476 3.53837
1.479 3.5369
1.482 3.53542
1.485 3.53393
1.488 3.53244
1.491 3.53094
1.494 3.52943
1.497 3.52792
1.5 3.5264
1.503 3.52487
1.506 3.52333
1.509 3.52179
1.512 3.52024
1.515 3.51869
1.518 3.51712
1.521 3.51555
1.524 3.51397
1.527 3.51239
1.53 3.51079
1.533 3.50919
1.536 3.50758
1.539 3.50597
1.542 3.50434
1.545 3.50271
1.548 3.50107
1.551 3.49942
1.554 3.49776
1.557 3.4961
1.56 3.49443
1.563 3.49275
1.566 3.49106
1.569 3.48936
1.572 3.48765
1.575 3.48594
1.578 3.48422
1.581 3.48249
1.584 3.48075
1.587 3.479
1.59 3.47724
1.593 3.47547
1.596 3.4737
1.599 3.47191
1.602 3.47012
1.605 3.46832
1.608 3.46651
1.611 3.46469
1.614 3.46286
1.617 3.46102
1.62 3.45917
1.623 3.45732
1.626 3.45545
1.629 3.45358
1.632 3.45169
1.635 3.4498
1.638 3.44789
1.641 3.44598
1.644 3.44405
1.647 3.44212
1.65 3.44018
1.653 3.43823
1.656 3.43626
1.659 3.43429
1.662 3.43231
1.665 3.43032
1.668 3.42831
1.671 3.4263
1.674 3.42428
1.677 3.42225
1.68 3.42021
1.683 3.41815
1.686 3.41609
1.689 3.41402
1.692 3.41193
1.695 3.40984
1.698 3.40774
1.701 3.40562
1.704 3.4035
1.707 3.40136
1.71 3.39922
1.713 3.39706
1.716 3.3949
1.719 3.39272
1.722 3.39054
1.725 3.38834
1.728 3.38613
1.731 3.38391
1.734 3.38169
1.737 3.37945
1.74 3.3772
1.743 3.37494
1.746 3.37267
1.749 3.37039
1.752 3.36809
1.755 3.36579
1.758 3.36348
1.761 3.36116
1.764 3.35882
1.767 3.35648
1.77 3.35413
1.773 3.35176
1.776 3.34939
1.779 3.347
1.782 3.34461
1.785 3.3422
1.788 3.33979
1.791 3.33736
1.794 3.33492
1.797 3.33248
1.8 3.33002
1.803 3.32755
1.806 3.32508
1.809 3.32259
1.812 3.32009
1.815 3.31758
1.818 3.31507
1.821 3.31254
1.824 3.31
1.827 3.30746
1.83 3.3049
1.833 3.30234
1.836 3.29976
1.839 3.29718
1.842 3.29458
1.845 3.29198
1.848 3.28937
1.851 3.28675
1.854 3.28411
1.857 3.28147
1.86 3.27883
1.863 3.27617
1.866 3.2735
1.869 3.27083
1.872 3.26814
1.875 3.26545
1.878 3.26275
1.881 3.26004
1.884 3.25733
1.887 3.2546
1.89 3.25187
1.893 3.24913
1.896 3.24638
1.899 3.24362
1.902 3.24086
1.905 3.23809
1.908 3.23531
1.911 3.23252
1.914 3.22973
1.917 3.22693
1.92 3.22413
1.923 3.22131
1.926 3.21849
1.929 3.21567
1.932 3.21284
1.935 3.21
1.938 3.20715
1.941 3.20431
1.944 3.20145
1.947 3.19859
1.95 3.19572
1.953 3.19285
1.956 3.18998
1.959 3.18709
1.962 3.18421
1.965 3.18132
1.968 3.17842
1.971 3.17552
1.974 3.17262
1.977 3.16971
1.98 3.1668
1.983 3.16389
1.986 3.16097
1.989 3.15805
1.992 3.15513
1.995 3.1522
1.998 3.14927
2.001 3.14634
2.004 3.14341
2.007 3.14047
2.01 3.13753
2.013 3.13459
2.016 3.13165
2.019 3.12871
2.022 3.12576
2.025 3.12282
2.028 3.11987
2.031 3.11693
2.034 3.11398
2.037 3.11103
2.04 3.10808
2.043 3.10514
2.046 3.10219
2.049 3.09925
2.052 3.0963
2.055 3.09336
2.058 3.09041
2.061 3.08747
2.064 3.08453
2.067 3.08159
2.07 3.07866
2.073 3.07572
2.076 3.07279
2.079 3.06986
2.082 3.06694
2.085 3.06401
2.088 3.06109
2.091 3.05818
2.094 3.05527
2.097 3.05236
2.1 3.04945
2.103 3.04655
2.106 3.04365
2.109 3.04076
2.112 3.03788
2.115 3.03499
2.118 3.03212
2.121 3.02925
2.124 3.02638
2.127 3.02352
2.13 3.02067
2.133 3.01782
2.136 3.01498
2.139 3.01215
2.142 3.00932
2.145 3.0065
2.148 3.00369
2.151 3.00088
2.154 2.99808
2.157 2.99529
2.16 2.99251
2.163 2.98974
2.166 2.98697
2.169 2.98421
2.172 2.98147
2.175 2.97873
2.178 2.976
2.181 2.97328
2.184 2.97056
2.187 2.96786
2.19 2.96517
2.193 2.96249
2.196 2.95982
2.199 2.95715
2.202 2.9545
2.205 2.95186
2.208 2.94923
2.211 2.94662
2.214 2.94401
2.217 2.94141
2.22 2.93883
2.223 2.93625
2.226 2.93369
2.229 2.93114
2.232 2.9286
2.235 2.92608
2.238 2.92357
2.241 2.92107
2.244 2.91858
2.247 2.9161
2.25 2.91364
2.253 2.91119
2.256 2.90875
2.259 2.90633
2.262 2.90392
2.265 2.90152
2.268 2.89914
2.271 2.89677
2.274 2.89441
2.277 2.89207
2.28 2.88974
2.283 2.88743
2.286 2.88513
2.289 2.88284
2.292 2.88057
2.295 2.87832
2.298 2.87607
2.301 2.87385
2.304 2.87163
2.307 2.86943
2.31 2.86725
2.313 2.86508
2.316 2.86293
2.319 2.86079
2.322 2.85866
2.325 2.85655
2.328 2.85446
2.331 2.85238
2.334 2.85031
2.337 2.84826
2.34 2.84623
2.343 2.84421
2.346 2.84221
2.349 2.84022
2.352 2.83825
2.355 2.83629
2.358 2.83435
2.361 2.83243
2.364 2.83051
2.367 2.82862
2.37 2.82674
2.373 2.82488
2.376 2.82303
2.379 2.82119
2.382 2.81938
2.385 2.81757
2.388 2.81579
2.391 2.81401
2.394 2.81226
2.397 2.81052
2.4 2.80879
2.403 2.80708
2.406 2.80539
2.409 2.80371
2.412 2.80205
2.415 2.8004
2.418 2.79876
2.421 2.79715
2.424 2.79554
2.427 2.79396
2.43 2.79238
2.433 2.79082
2.436 2.78928
2.439 2.78775
2.442 2.78624
2.445 2.78474
2.448 2.78326
2.451 2.78179
2.454 2.78034
2.457 2.7789
2.46 2.77748
2.463 2.77607
2.466 2.77467
2.469 2.77329
2.472 2.77193
2.475 2.77057
2.478 2.76924
2.481 2.76791
2.484 2.7666
2.487 2.76531
2.49 2.76403
2.493 2.76276
2.496 2.76151
2.499 2.76027
2.502 2.75904
2.505 2.75783
2.508 2.75663
2.511 2.75544
2.514 2.75427
2.517 2.75311
2.52 2.75196
2.523 2.75083
2.526 2.74971
2.529 2.7486
2.532 2.74751
2.535 2.74643
2.538 2.74536
2.541 2.7443
2.544 2.74326
2.547 2.74222
2.55 2.7412
2.553 2.7402
2.556 2.7392
2.559 2.73822
2.562 2.73725
2.565 2.73629
2.568 2.73534
2.571 2.73441
2.574 2.73348
2.577 2.73257
2.58 2.73167
2.583 2.73078
2.586 2.7299
2.589 2.72903
2.592 2.72817
2.595 2.72733
2.598 2.72649
2.601 2.72567
2.604 2.72485
2.607 2.72405
2.61 2.72326
2.613 2.72248
2.616 2.7217
2.619 2.72094
2.622 2.72019
2.625 2.71945
2.628 2.71871
2.631 2.71799
2.634 2.71728
2.637 2.71658
2.64 2.71588
2.643 2.7152
2.646 2.71452
2.649 2.71386
2.652 2.7132
2.655 2.71255
2.658 2.71192
2.661 2.71129
2.664 2.71067
2.667 2.71005
2.67 2.70945
2.673 2.70885
2.676 2.70827
2.679 2.70769
2.682 2.70712
2.685 2.70656
2.688 2.706
2.691 2.70546
2.694 2.70492
2.697 2.70439
2.7 2.70387
2.703 2.70335
2.706 2.70284
2.709 2.70234
2.712 2.70185
2.715 2.70137
2.718 2.70089
2.721 2.70042
2.724 2.69995
2.727 2.6995
2.73 2.69905
2.733 2.6986
2.736 2.69817
2.739 2.69774
2.742 2.69732
2.745 2.6969
2.748 2.69649
2.751 2.69609
2.754 2.69569
2.757 2.6953
2.76 2.69491
2.763 2.69453
2.766 2.69416
2.769 2.69379
2.772 2.69343
2.775 2.69308
2.778 2.69273
2.781 2.69238
2.784 2.69204
2.787 2.69171
2.79 2.69138
2.793 2.69106
2.796 2.69074
2.799 2.69043
2.802 2.69013
2.805 2.68983
2.808 2.68953
2.811 2.68924
2.814 2.68895
2.817 2.68867
2.82 2.68839
2.823 2.68812
2.826 2.68785
2.829 2.68759
2.832 2.68733
2.835 2.68708
2.838 2.68683
2.841 2.68658
2.844 2.68634
2.847 2.68611
2.85 2.68588
2.853 2.68565
2.856 2.68542
2.859 2.6852
2.862 2.68499
2.865 2.68478
2.868 2.68457
2.871 2.68436
2.874 2.68416
2.877 2.68397
2.88 2.68377
2.883 2.68358
2.886 2.6834
2.889 2.68322
2.892 2.68304
2.895 2.68286
2.898 2.68269
2.901 2.68252
2.904 2.68236
2.907 2.68219
2.91 2.68204
2.913 2.68188
2.916 2.68173
2.919 2.68158
2.922 2.68143
2.925 2.68129
2.928 2.68115
2.931 2.68101
2.934 2.68088
2.937 2.68074
2.94 2.68062
2.943 2.68049
2.946 2.68037
2.949 2.68024
2.952 2.68013
2.955 2.68001
2.958 2.6799
2.961 2.67979
2.964 2.67968
2.967 2.67957
2.97 2.67947
2.973 2.67937
2.976 2.67927
2.979 2.67918
2.982 2.67908
2.985 2.67899
2.988 2.6789
2.991 2.67881
2.994 2.67873
2.997 2.67865
3 2.67857
3.001 5
