0 0
0.003 0.195469
0.006 0.196248
0.009 0.197034
0.012 0.197825
0.015 0.198622
0.018 0.199425
0.021 0.200233
0.024 0.201047
0.027 0.201867
0.03 0.202693
0.033 0.203525
0.036 0.204363
0.039 0.205207
0.042 0.206056
0.045 0.206912
0.048 0.207774
0.051 0.208642
0.054 0.209516
0.057 0.210397
0.06 0.211283
0.063 0.212176
0.066 0.213076
0.069 0.213981
0.072 0.214893
0.075 0.215812
0.078 0.216737
0.081 0.217668
0.084 0.218606
0.087 0.21955
0.09 0.220501
0.093 0.221459
0.096 0.222424
0.099 0.223395
0.102 0.224373
0.105 0.225358
0.108 0.226349
0.111 0.227348
0.114 0.228353
0.117 0.229366
0.12 0.230385
0.123 0.231412
0.126 0.232445
0.129 0.233486
0.132 0.234534
0.135 0.235589
0.138 0.236651
0.141 0.237721
0.144 0.238798
0.147 0.239882
0.15 0.240974
0.153 0.242074
0.156 0.24318
0.159 0.244295
0.162 0.245417
0.165 0.246546
0.168 0.247684
0.171 0.248828
0.174 0.249981
0.177 0.251142
0.18 0.25231
0.183 0.253486
0.186 0.254671
0.189 0.255863
0.192 0.257063
0.195 0.258271
0.198 0.259488
0.201 0.260712
0.204 0.261945
0.207 0.263186
0.21 0.264436
0.213 0.265693
0.216 0.266959
0.219 0.268234
0.222 0.269517
0.225 0.270808
0.228 0.272108
0.231 0.273417
0.234 0.274734
0.237 0.27606
0.24 0.277395
0.243 0.278739
0.246 0.280091
0.249 0.281453
0.252 0.282823
0.255 0.284202
0.258 0.28559
0.261 0.286988
0.264 0.288394
0.267 0.28981
0.27 0.291235
0.273 0.292669
0.276 0.294112
0.279 0.295565
0.282 0.297027
0.285 0.298499
0.288 0.29998
0.291 0.301471
0.294 0.302971
0.297 0.304481
0.3 0.306001
0.303 0.30753
0.306 0.30907
0.309 0.310619
0.312 0.312178
0.315 0.313747
0.318 0.315326
0.321 0.316914
0.324 0.318514
0.327 0.320123
0.33 0.321742
0.333 0.323372
0.336 0.325012
0.339 0.326662
0.342 0.328322
0.345 0.329993
0.348 0.331675
0.351 0.333367
0.354 0.335069
0.357 0.336783
0.36 0.338507
0.363 0.340241
0.366 0.341987
0.369 0.343743
0.372 0.34551
0.375 0.347288
0.378 0.349077
0.381 0.350877
0.384 0.352688
0.387 0.35451
0.39 0.356343
0.393 0.358188
0.396 0.360044
0.399 0.361911
0.402 0.363789
0.405 0.365679
0.408 0.36758
0.411 0.369493
0.414 0.371417
0.417 0.373353
0.42 0.375301
0.423 0.37726
0.426 0.379231
0.429 0.381213
0.432 0.383208
0.435 0.385214
0.438 0.387233
0.441 0.389263
0.444 0.391305
0.447 0.393359
0.45 0.395426
0.453 0.397504
0.456 0.399595
0.459 0.401698
0.462 0.403813
0.465 0.405941
0.468 0.408081
0.471 0.410233
0.474 0.412397
0.477 0.414575
0.48 0.416764
0.483 0.418966
0.486 0.421181
0.489 0.423409
0.492 0.425649
0.495 0.427902
0.498 0.430167
0.501 0.432446
0.504 0.434737
0.507 0.437041
0.51 0.439358
0.513 0.441688
0.516 0.444031
0.519 0.446386
0.522 0.448755
0.525 0.451137
0.528 0.453532
0.531 0.45594
0.534 0.458362
0.537 0.460796
0.54 0.463244
0.543 0.465705
0.546 0.468179
0.549 0.470666
0.552 0.473167
0.555 0.475681
0.558 0.478209
0.561 0.48075
0.564 0.483304
0.567 0.485872
0.57 0.488453
0.573 0.491047
0.576 0.493655
0.579 0.496277
0.582 0.498912
0.585 0.501561
0.588 0.504223
0.591 0.506899
0.594 0.509588
0.597 0.512291
0.6 0.515007
0.603 0.517737
0.606 0.520481
0.609 0.523238
0.612 0.526009
0.615 0.528793
0.618 0.531591
0.621 0.534403
0.624 0.537228
0.627 0.540066
0.63 0.542919
0.633 0.545785
0.636 0.548664
0.639 0.551557
0.642 0.554463
0.645 0.557383
0.648 0.560317
0.651 0.563264
0.654 0.566225
0.657 0.569198
0.66 0.572186
0.663 0.575187
0.666 0.578201
0.669 0.581228
0.672 0.584269
0.675 0.587323
0.678 0.59039
0.681 0.593471
0.684 0.596565
0.687 0.599672
0.69 0.602791
0.693 0.605925
0.696 0.609071
0.699 0.61223
0.702 0.615401
0.705 0.618586
0.708 0.621784
0.711 0.624994
0.714 0.628217
0.717 0.631453
0.72 0.634701
0.723 0.637962
0.726 0.641235
0.729 0.644521
0.732 0.647819
0.735 0.651129
0.738 0.654451
0.741 0.657785
0.744 0.661132
0.747 0.66449
0.75 0.66786
0.753 0.671242
0.756 0.674636
0.759 0.678041
0.762 0.681458
0.765 0.684886
0.768 0.688325
0.771 0.691776
0.774 0.695238
0.777 0.69871
0.78 0.702194
0.783 0.705688
0.786 0.709193
0.789 0.712709
0.792 0.716235
0.795 0.719771
0.798 0.723318
0.801 0.726875
0.804 0.730442
0.807 0.734018
0.81 0.737604
0.813 0.7412
0.816 0.744806
0.819 0.748421
0.822 0.752045
0.825 0.755678
0.828 0.75932
0.831 0.76297
0.834 0.76663
0.837 0.770298
0.84 0.773974
0.843 0.777659
0.846 0.781351
0.849 0.785052
0.852 0.78876
0.855 0.792476
0.858 0.7962
0.861 0.79993
0.864 0.803668
0.867 0.807413
0.87 0.811165
0.873 0.814923
0.876 0.818688
0.879 0.822459
0.882 0.826237
0.885 0.83002
0.888 0.833809
0.891 0.837604
0.894 0.841405
0.897 0.84521
0.9 0.849021
0.903 0.852837
0.906 0.856658
0.909 0.860483
0.912 0.864313
0.915 0.868147
0.918 0.871985
0.921 0.875827
0.924 0.879673
0.927 0.883522
0.93 0.887375
0.933 0.891231
0.936 0.89509
0.939 0.898951
0.942 0.902816
0.945 0.906683
0.948 0.910552
0.951 0.914423
0.954 0.918296
0.957 0.922171
0.96 0.926048
0.963 0.929926
0.966 0.933805
0.969 0.937685
0.972 0.941566
0.975 0.945447
0.978 0.949329
0.981 0.953212
0.984 0.957094
0.987 0.960976
0.99 0.964859
0.993 0.96874
0.996 0.972621
0.999 0.976502
1.002 0.980381
1.005 0.984259
1.008 0.988136
1.011 0.992012
1.014 0.995885
1.017 0.999757
1.02 1.00363
1.023 1.0075
1.026 1.01136
1.029 1.01522
1.032 1.01908
1.035 1.02294
1.038 1.0268
1.041 1.03065
1.044 1.0345
1.047 1.03834
1.05 1.04218
1.053 1.04602
1.056 1.04985
1.059 1.05368
1.062 1.05751
1.065 1.06133
1.068 1.06514
1.071 1.06895
1.074 1.07276
1.077 1.07656
1.08 1.08036
1.083 1.08415
1.086 1.08794
1.089 1.09172
1.092 1.09549
1.095 1.09926
1.098 1.10303
1.101 1.10678
1.104 1.11054
1.107 1.11428
1.11 1.11802
1.113 1.12175
1.116 1.12548
1.119 1.1292
1.122 1.13291
1.125 1.13662
1.128 1.14031
1.131 1.14401
1.134 1.14769
1.137 1.15137
1.14 1.15504
1.143 1.1587
1.146 1.16235
1.149 1.166
1.152 1.16964
1.155 1.17327
1.158 1.1769
1.161 1.18051
1.164 1.18412
1.167 1.18772
1.17 1.19131
1.173 1.19489
1.176 1.19847
1.179 1.20204
1.182 1.20559
1.185 1.20914
1.188 1.21269
1.191 1.21622
1.194 1.21974
1.197 1.22326
1.2 1.22677
1.203 1.23027
1.206 1.23376
1.209 1.23724
1.212 1.24071
1.215 1.24417
1.218 1.24763
1.221 1.25107
1.224 1.25451
1.227 1.25794
1.23 1.26136
1.233 1.26477
1.236 1.26817
1.239 1.27156
1.242 1.27494
1.245 1.27832
1.248 1.28169
1.251 1.28504
1.254 1.28839
1.257 1.29173
1.26 1.29506
1.263 1.29838
1.266 1.30169
1.269 1.305
1.272 1.30829
1.275 1.31158
1.278 1.31486
1.281 1.31812
1.284 1.32138
1.287 1.32464
1.29 1.32788
1.293 1.33111
1.296 1.33434
1.299 1.33756
1.302 1.34077
1.305 1.34397
1.308 1.34716
1.311 1.35034
1.314 1.35352
1.317 1.35669
1.32 1.35985
1.323 1.363
1.326 1.36614
1.329 1.36928
1.332 1.37241
1.335 1.37553
1.338 1.37864
1.341 1.38175
1.344 1.38485
1.347 1.38794
1.35 1.39102
1.353 1.3941
1.356 1.39717
1.359 1.40023
1.362 1.40329
1.365 1.40634
1.368 1.40938
1.371 1.41241
1.374 1.41544
1.377 1.41847
1.38 1.42148
1.383 1.4245
1.386 1.4275
1.389 1.4305
1.392 1.43349
1.395 1.43648
1.398 1.43946
1.401 1.44244
1.404 1.44541
1.407 1.44838
1.41 1.45134
1.413 1.4543
1.416 1.45725
1.419 1.4602
1.422 1.46314
1.425 1.46608
1.428 1.46902
1.431 1.47195
1.434 1.47488
1.437 1.4778
1.44 1.48072
1.443 1.48364
1.446 1.48655
1.449 1.48946
1.452 1.49237
1.455 1.49528
1.458 1.49818
1.461 1.50108
1.464 1.50398
1.467 1.50688
1.47 1.50978
1.473 1.51267
1.476 1.51556
1.479 1.51845
1.482 1.52134
1.485 1.52423
1.488 1.52712
1.491 1.53001
1.494 1.5329
1.497 1.53579
1.5 1.53868
1.503 1.54157
1.506 1.54446
1.509 1.54735
1.512 1.55024
1.515 1.55313
1.518 1.55602
1.521 1.55892
1.524 1.56182
1.527 1.56472
1.53 1.56762
1.533 1.57052
1.536 1.57343
1.539 1.57634
1.542 1.57926
1.545 1.58217
1.548 1.58509
1.551 1.58802
1.554 1.59095
1.557 1.59388
1.56 1.59682
1.563 1.59976
1.566 1.60271
1.569 1.60566
1.572 1.60862
1.575 1.61158
1.578 1.61456
1.581 1.61753
1.584 1.62052
1.587 1.62351
1.59 1.6265
1.593 1.62951
1.596 1.63252
1.599 1.63554
1.602 1.63857
1.605 1.64161
1.608 1.64466
1.611 1.64771
1.614 1.65078
1.617 1.65385
1.62 1.65693
1.623 1.66003
1.626 1.66313
1.629 1.66625
1.632 1.66937
1.635 1.67251
1.638 1.67566
1.641 1.67882
1.644 1.68199
1.647 1.68518
1.65 1.68838
1.653 1.69159
1.656 1.69481
1.659 1.69805
1.662 1.7013
1.665 1.70457
1.668 1.70785
1.671 1.71114
1.674 1.71445
1.677 1.71778
1.68 1.72112
1.683 1.72447
1.686 1.72785
1.689 1.73124
1.692 1.73464
1.695 1.73807
1.698 1.74151
1.701 1.74497
1.704 1.74844
1.707 1.75194
1.71 1.75545
1.713 1.75899
1.716 1.76254
1.719 1.76611
1.722 1.7697
1.725 1.77332
1.728 1.77695
1.731 1.7806
1.734 1.78428
1.737 1.78798
1.74 1.79169
1.743 1.79544
1.746 1.7992
1.749 1.80298
1.752 1.80679
1.755 1.81063
1.758 1.81448
1.761 1.81836
1.764 1.82227
1.767 1.8262
1.77 1.83015
1.773 1.83413
1.776 1.83814
1.779 1.84217
1.782 1.84622
1.785 1.85031
1.788 1.85442
1.791 1.85855
1.794 1.86272
1.797 1.86691
1.8 1.87113
1.803 1.87538
1.806 1.87966
1.809 1.88396
1.812 1.8883
1.815 1.89266
1.818 1.89706
1.821 1.90148
1.824 1.90593
1.827 1.91042
1.83 1.91493
1.833 1.91948
1.836 1.92406
1.839 1.92866
1.842 1.9333
1.845 1.93798
1.848 1.94268
1.851 1.94742
1.854 1.95219
1.857 1.95699
1.86 1.96183
1.863 1.96669
1.866 1.9716
1.869 1.97653
1.872 1.9815
1.875 1.98651
1.878 1.99155
1.881 1.99662
1.884 2.00173
1.887 2.00687
1.89 2.01205
1.893 2.01726
1.896 2.02251
1.899 2.0278
1.902 2.03312
1.905 2.03847
1.908 2.04387
1.911 2.04929
1.914 2.05476
1.917 2.06026
1.92 2.06579
1.923 2.07137
1.926 2.07698
1.929 2.08262
1.932 2.08831
1.935 2.09403
1.938 2.09978
1.941 2.10558
1.944 2.11141
1.947 2.11728
1.95 2.12318
1.953 2.12912
1.956 2.1351
1.959 2.14111
1.962 2.14717
1.965 2.15325
1.968 2.15938
1.971 2.16554
1.974 2.17174
1.977 2.17797
1.98 2.18425
1.983 2.19055
1.986 2.1969
1.989 2.20328
1.992 2.20969
1.995 2.21615
1.998 2.22263
2.001 2.22916
2.004 2.23571
2.007 2.24231
2.01 2.24894
2.013 2.2556
2.016 2.2623
2.019 2.26903
2.022 2.27579
2.025 2.28259
2.028 2.28943
2.031 2.29629
2.034 2.30319
2.037 2.31012
2.04 2.31709
2.043 2.32408
2.046 2.33111
2.049 2.33817
2.052 2.34525
2.055 2.35237
2.058 2.35952
2.061 2.3667
2.064 2.37391
2.067 2.38115
2.07 2.38841
2.073 2.39571
2.076 2.40303
2.079 2.41038
2.082 2.41775
2.085 2.42515
2.088 2.43258
2.091 2.44003
2.094 2.44751
2.097 2.45501
2.1 2.46253
2.103 2.47008
2.106 2.47765
2.109 2.48524
2.112 2.49285
2.115 2.50048
2.118 2.50814
2.121 2.51581
2.124 2.5235
2.127 2.53121
2.13 2.53894
2.133 2.54668
2.136 2.55445
2.139 2.56222
2.142 2.57002
2.145 2.57782
2.148 2.58564
2.151 2.59348
2.154 2.60132
2.157 2.60918
2.16 2.61705
2.163 2.62493
2.166 2.63282
2.169 2.64072
2.172 2.64863
2.175 2.65655
2.178 2.66447
2.181 2.6724
2.184 2.68033
2.187 2.68827
2.19 2.69622
2.193 2.70417
2.196 2.71212
2.199 2.72007
2.202 2.72803
2.205 2.73598
2.208 2.74394
2.211 2.75189
2.214 2.75985
2.217 2.7678
2.22 2.77575
2.223 2.78369
2.226 2.79164
2.229 2.79957
2.232 2.80751
2.235 2.81543
2.238 2.82335
2.241 2.83126
2.244 2.83916
2.247 2.84706
2.25 2.85494
2.253 2.86282
2.256 2.87068
2.259 2.87853
2.262 2.88637
2.265 2.8942
2.268 2.90201
2.271 2.90981
2.274 2.9176
2.277 2.92536
2.28 2.93312
2.283 2.94085
2.286 2.94857
2.289 2.95627
2.292 2.96395
2.295 2.97162
2.298 2.97926
2.301 2.98688
2.304 2.99448
2.307 3.00207
2.31 3.00962
2.313 3.01716
2.316 3.02467
2.319 3.03216
2.322 3.03963
2.325 3.04706
2.328 3.05448
2.331 3.06187
2.334 3.06923
2.337 3.07657
2.34 3.08387
2.343 3.09115
2.346 3.0984
2.349 3.10563
2.352 3.11282
2.355 3.11999
2.358 3.12712
2.361 3.13422
2.364 3.1413
2.367 3.14834
2.37 3.15534
2.373 3.16232
2.376 3.16927
2.379 3.17618
2.382 3.18305
2.385 3.1899
2.388 3.19671
2.391 3.20348
2.394 3.21022
2.397 3.21693
2.4 3.2236
2.403 3.23023
2.406 3.23683
2.409 3.24339
2.412 3.24992
2.415 3.2564
2.418 3.26285
2.421 3.26927
2.424 3.27564
2.427 3.28198
2.43 3.28828
2.433 3.29454
2.436 3.30076
2.439 3.30694
2.442 3.31309
2.445 3.31919
2.448 3.32526
2.451 3.33128
2.454 3.33727
2.457 3.34321
2.46 3.34912
2.463 3.35498
2.466 3.36081
2.469 3.36659
2.472 3.37234
2.475 3.37804
2.478 3.3837
2.481 3.38932
2.484 3.39491
2.487 3.40045
2.49 3.40594
2.493 3.4114
2.496 3.41682
2.499 3.42219
2.502 3.42753
2.505 3.43282
2.508 3.43807
2.511 3.44328
2.514 3.44845
2.517 3.45358
2.52 3.45867
2.523 3.46372
2.526 3.46872
2.529 3.47368
2.532 3.47861
2.535 3.48349
2.538 3.48833
2.541 3.49313
2.544 3.49789
2.547 3.50261
2.55 3.50729
2.553 3.51192
2.556 3.51652
2.559 3.52108
2.562 3.5256
2.565 3.53007
2.568 3.53451
2.571 3.53891
2.574 3.54327
2.577 3.54758
2.58 3.55186
2.583 3.5561
2.586 3.5603
2.589 3.56447
2.592 3.56859
2.595 3.57268
2.598 3.57672
2.601 3.58073
2.604 3.5847
2.607 3.58863
2.61 3.59253
2.613 3.59639
2.616 3.60021
2.619 3.60399
2.622 3.60774
2.625 3.61145
2.628 3.61512
2.631 3.61876
2.634 3.62236
2.637 3.62593
2.64 3.62946
2.643 3.63295
2.646 3.63641
2.649 3.63984
2.652 3.64323
2.655 3.64659
2.658 3.64991
2.661 3.6532
2.664 3.65646
2.667 3.65968
2.67 3.66287
2.673 3.66602
2.676 3.66915
2.679 3.67224
2.682 3.6753
2.685 3.67833
2.688 3.68132
2.691 3.68429
2.694 3.68722
2.697 3.69012
2.7 3.69299
2.703 3.69583
2.706 3.69865
2.709 3.70143
2.712 3.70418
2.715 3.7069
2.718 3.7096
2.721 3.71226
2.724 3.7149
2.727 3.71751
2.73 3.72009
2.733 3.72264
2.736 3.72516
2.739 3.72766
2.742 3.73013
2.745 3.73257
2.748 3.73499
2.751 3.73738
2.754 3.73975
2.757 3.74208
2.76 3.7444
2.763 3.74669
2.766 3.74895
2.769 3.75119
2.772 3.7534
2.775 3.75559
2.778 3.75776
2.781 3.7599
2.784 3.76201
2.787 3.76411
2.79 3.76618
2.793 3.76823
2.796 3.77026
2.799 3.77226
2.802 3.77424
2.805 3.7762
2.808 3.77814
2.811 3.78005
2.814 3.78195
2.817 3.78382
2.82 3.78567
2.823 3.78751
2.826 3.78932
2.829 3.79111
2.832 3.79288
2.835 3.79464
2.838 3.79637
2.841 3.79808
2.844 3.79978
2.847 3.80145
2.85 3.80311
2.853 3.80475
2.856 3.80637
2.859 3.80797
2.862 3.80955
2.865 3.81112
2.868 3.81267
2.871 3.8142
2.874 3.81571
2.877 3.81721
2.88 3.81869
2.883 3.82016
2.886 3.8216
2.889 3.82303
2.892 3.82445
2.895 3.82585
2.898 3.82724
2.901 3.8286
2.904 3.82996
2.907 3.8313
2.91 3.83262
2.913 3.83393
2.916 3.83522
2.919 3.8365
2.922 3.83777
2.925 3.83902
2.928 3.84026
2.931 3.84148
2.934 3.84269
2.937 3.84389
2.94 3.84507
2.943 3.84624
2.946 3.8474
2.949 3.84855
2.952 3.84968
2.955 3.8508
2.958 3.85191
2.961 3.853
2.964 3.85408
2.967 3.85515
2.97 3.85621
2.973 3.85726
2.976 3.8583
2.979 3.85932
2.982 3.86033
2.985 3.86134
2.988 3.86233
2.991 3.86331
2.994 3.86428
2.997 3.86524
3 3.86618
3.001 0
