0 5
0.003 3.665
0.006 3.66468
0.009 3.66435
0.012 3.66402
0.015 3.66369
0.018 3.66336
0.021 3.66302
0.024 3.66268
0.027 3.66234
0.03 3.662
0.033 3.66166
0.036 3.66131
0.039 3.66096
0.042 3.66061
0.045 3.66026
0.048 3.6599
0.051 3.65955
0.054 3.65919
0.057 3.65882
0.06 3.65846
0.063 3.65809
0.066 3.65772
0.069 3.65735
0.072 3.65698
0.075 3.6566
0.078 3.65623
0.081 3.65585
0.084 3.65546
0.087 3.65508
0.09 3.65469
0.093 3.6543
0.096 3.65391
0.099 3.65352
0.102 3.65312
0.105 3.65272
0.108 3.65232
0.111 3.65192
0.114 3.65151
0.117 3.6511
0.12 3.65069
0.123 3.65028
0.126 3.64986
0.129 3.64944
0.132 3.64902
0.135 3.6486
0.138 3.64818
0.141 3.64775
0.144 3.64732
0.147 3.64689
0.15 3.64645
0.153 3.64601
0.156 3.64557
0.159 3.64513
0.162 3.64469
0.165 3.64424
0.168 3.64379
0.171 3.64334
0.174 3.64288
0.177 3.64243
0.18 3.64197
0.183 3.64151
0.186 3.64104
0.189 3.64057
0.192 3.6401
0.195 3.63963
0.198 3.63916
0.201 3.63868
0.204 3.6382
0.207 3.63772
0.21 3.63723
0.213 3.63675
0.216 3.63626
0.219 3.63576
0.222 3.63527
0.225 3.63477
0.228 3.63427
0.231 3.63377
0.234 3.63326
0.237 3.63276
0.24 3.63225
0.243 3.63173
0.246 3.63122
0.249 3.6307
0.252 3.63018
0.255 3.62966
0.258 3.62913
0.261 3.6286
0.264 3.62807
0.267 3.62754
0.27 3.627
0.273 3.62646
0.276 3.62592
0.279 3.62538
0.282 3.62483
0.285 3.62428
0.288 3.62373
0.291 3.62317
0.294 3.62262
0.297 3.62206
0.3 3.62149
0.303 3.62093
0.306 3.62036
0.309 3.61979
0.312 3.61922
0.315 3.61864
0.318 3.61806
0.321 3.61748
0.324 3.6169
0.327 3.61631
0.33 3.61572
0.333 3.61513
0.336 3.61454
0.339 3.61394
0.342 3.61334
0.345 3.61274
0.348 3.61214
0.351 3.61153
0.354 3.61092
0.357 3.61031
0.36 3.60969
0.363 3.60908
0.366 3.60846
0.369 3.60783
0.372 3.60721
0.375 3.60658
0.378 3.60595
0.381 3.60532
0.384 3.60468
0.387 3.60404
0.39 3.6034
0.393 3.60276
0.396 3.60211
0.399 3.60146
0.402 3.60081
0.405 3.60016
0.408 3.5995
0.411 3.59884
0.414 3.59818
0.417 3.59752
0.42 3.59685
0.423 3.59618
0.426 3.59551
0.429 3.59484
0.432 3.59416
0.435 3.59348
0.438 3.5928
0.441 3.59211
0.444 3.59143
0.447 3.59074
0.45 3.59005
0.453 3.58935
0.456 3.58866
0.459 3.58796
0.462 3.58725
0.465 3.58655
0.468 3.58584
0.471 3.58513
0.474 3.58442
0.477 3.58371
0.48 3.58299
0.483 3.58227
0.486 3.58155
0.489 3.58083
0.492 3.5801
0.495 3.57938
0.498 3.57864
0.501 3.57791
0.504 3.57718
0.507 3.57644
0.51 3.5757
0.513 3.57496
0.516 3.57421
0.519 3.57346
0.522 3.57272
0.525 3.57196
0.528 3.57121
0.531 3.57045
0.534 3.5697
0.537 3.56893
0.54 3.56817
0.543 3.56741
0.546 3.56664
0.549 3.56587
0.552 3.5651
0.555 3.56433
0.558 3.56355
0.561 3.56277
0.564 3.56199
0.567 3.56121
0.57 3.56043
0.573 3.55964
0.576 3.55885
0.579 3.55806
0.582 3.55727
0.585 3.55647
0.588 3.55568
0.591 3.55488
0.594 3.55408
0.597 3.55328
0.6 3.55247
0.603 3.55167
0.606 3.55086
0.609 3.55005
0.612 3.54924
0.615 3.54842
0.618 3.54761
0.621 3.54679
0.624 3.54597
0.627 3.54515
0.63 3.54433
0.633 3.5435
0.636 3.54268
0.639 3.54185
0.642 3.54102
0.645 3.54019
0.648 3.53936
0.651 3.53852
0.654 3.53769
0.657 3.53685
0.66 3.53601
0.663 3.53517
0.666 3.53433
0.669 3.53348
0.672 3.53264
0.675 3.53179
0.678 3.53094
0.681 3.53009
0.684 3.52924
0.687 3.52839
0.69 3.52754
0.693 3.52668
0.696 3.52582
0.699 3.52497
0.702 3.52411
0.705 3.52325
0.708 3.52238
0.711 3.52152
0.714 3.52066
0.717 3.51979
0.72 3.51893
0.723 3.51806
0.726 3.51719
0.729 3.51632
0.732 3.51545
0.735 3.51458
0.738 3.51371
0.741 3.51283
0.744 3.51196
0.747 3.51108
0.75 3.51021
0.753 3.50933
0.756 3.50845
0.759 3.50757
0.762 3.50669
0.765 3.50581
0.768 3.50493
0.771 3.50405
0.774 3.50316
0.777 3.50228
0.78 3.5014
0.783 3.50051
0.786 3.49963
0.789 3.49874
0.792 3.49785
0.795 3.49697
0.798 3.49608
0.801 3.49519
0.804 3.4943
0.807 3.49341
0.81 3.49252
0.813 3.49163
0.816 3.49074
0.819 3.48985
0.822 3.48896
0.825 3.48807
0.828 3.48718
0.831 3.48628
0.834 3.48539
0.837 3.4845
0.84 3.48361
0.843 3.48271
0.846 3.48182
0.849 3.48093
0.852 3.48003
0.855 3.47914
0.858 3.47825
0.861 3.47735
0.864 3.47646
0.867 3.47557
0.87 3.47467
0.873 3.47378
0.876 3.47289
0.879 3.47199
0.882 3.4711
0.885 3.47021
0.888 3.46931
0.891 3.46842
0.894 3.46753
0.897 3.46664
0.9 3.46575
0.903 3.46485
0.906 3.46396
0.909 3.46307
0.912 3.46218
0.915 3.46129
0.918 3.4604
0.921 3.45951
0.924 3.45862
0.927 3.45773
0.93 3.45685
0.933 3.45596
0.936 3.45507
0.939 3.45419
0.942 3.4533
0.945 3.45241
0.948 3.45153
0.951 3.45065
0.954 3.44976
0.957 3.44888
0.96 3.448
0.963 3.44712
0.966 3.44624
0.969 3.44536
0.972 3.44448
0.975 3.4436
0.978 3.44272
0.981 3.44184
0.984 3.44097
0.987 3.44009
0.99 3.43922
0.993 3.43835
0.996 3.43747
0.999 3.4366
1.002 3.43573
1.005 3.43486
1.008 3.43399
1.011 3.43313
1.014 3.43226
1.017 3.43139
1.02 3.43053
1.023 3.42967
1.026 3.4288
1.029 3.42794
1.032 3.42708
1.035 3.42622
1.038 3.42537
1.041 3.42451
1.044 3.42365
1.047 3.4228
1.05 3.42195
1.053 3.4211
1.056 3.42025
1.059 3.4194
1.062 3.41855
1.065 3.4177
1.068 3.41686
1.071 3.41601
1.074 3.41517
1.077 3.41433
1.08 3.41349
1.083 3.41265
1.086 3.41181
1.089 3.41098
1.092 3.41014
1.095 3.40931
1.098 3.40848
1.101 3.40765
1.104 3.40682
1.107 3.40599
1.11 3.40517
1.113 3.40435
1.116 3.40352
1.119 3.4027
1.122 3.40188
1.125 3.40107
1.128 3.40025
1.131 3.39943
1.134 3.39862
1.137 3.39781
1.14 3.397
1.143 3.39619
1.146 3.39538
1.149 3.39458
1.152 3.39378
1.155 3.39297
1.158 3.39217
1.161 3.39138
1.164 3.39058
1.167 3.38978
1.17 3.38899
1.173 3.3882
1.176 3.38741
1.179 3.38662
1.182 3.38583
1.185 3.38505
1.188 3.38427
1.191 3.38348
1.194 3.3827
1.197 3.38193
1.2 3.38115
1.203 3.38037
1.206 3.3796
1.209 3.37883
1.212 3.37806
1.215 3.37729
1.218 3.37653
1.221 3.37576
1.224 3.375
1.227 3.37424
1.23 3.37348
1.233 3.37272
1.236 3.37197
1.239 3.37121
1.242 3.37046
1.245 3.36971
1.248 3.36896
1.251 3.36822
1.254 3.36747
1.257 3.36673
1.26 3.36599
1.263 3.36525
1.266 3.36451
1.269 3.36377
1.272 3.36304
1.275 3.3623
1.278 3.36157
1.281 3.36084
1.284 3.36011
1.287 3.35939
1.29 3.35866
1.293 3.35794
1.296 3.35722
1.299 3.3565
1.302 3.35578
1.305 3.35506
1.308 3.35435
1.311 3.35364
1.314 3.35292
1.317 3.35221
1.32 3.35151
1.323 3.3508
1.326 3.35009
1.329 3.34939
1.332 3.34869
1.335 3.34799
1.338 3.34729
1.341 3.34659
1.344 3.34589
1.347 3.3452
1.35 3.3445
1.353 3.34381
1.356 3.34312
1.359 3.34243
1.362 3.34174
1.365 3.34105
1.368 3.34037
1.371 3.33968
1.374 3.339
1.377 3.33832
1.38 3.33764
1.383 3.33696
1.386 3.33628
1.389 3.3356
1.392 3.33493
1.395 3.33425
1.398 3.33358
1.401 3.33291
1.404 3.33224
1.407 3.33157
1.41 3.3309
1.413 3.33023
1.416 3.32956
1.419 3.32889
1.422 3.32823
1.425 3.32756
1.428 3.3269
1.431 3.32624
1.434 3.32557
1.437 3.32491
1.44 3.32425
1.443 3.32359
1.446 3.32293
1.449 3.32227
1.452 3.32161
1.455 3.32095
1.458 3.3203
1.461 3.31964
1.464 3.31898
1.467 3.31833
1.47 3.31767
1.473 3.31702
1.476 3.31636
1.479 3.31571
1.482 3.31505
1.485 3.3144
1.488 3.31374
1.491 3.31309
1.494 3.31243
1.497 3.31178
1.5 3.31113
1.503 3.31047
1.506 3.30982
1.509 3.30916
1.512 3.30851
1.515 3.30786
1.518 3.3072
1.521 3.30655
1.524 3.30589
1.527 3.30523
1.53 3.30458
1.533 3.30392
1.536 3.30326
1.539 3.30261
1.542 3.30195
1.545 3.30129
1.548 3.30063
1.551 3.29997
1.554 3.29931
1.557 3.29865
1.56 3.29798
1.563 3.29732
1.566 3.29665
1.569 3.29599
1.572 3.29532
1.575 3.29465
1.578 3.29398
1.581 3.29331
1.584 3.29264
1.587 3.29197
1.59 3.29129
1.593 3.29061
1.596 3.28994
1.599 3.28926
1.602 3.28858
1.605 3.28789
1.608 3.28721
1.611 3.28652
1.614 3.28583
1.617 3.28514
1.62 3.28445
1.623 3.28376
1.626 3.28306
1.629 3.28236
1.632 3.28166
1.635 3.28096
1.638 3.28025
1.641 3.27954
1.644 3.27883
1.647 3.27812
1.65 3.2774
1.653 3.27668
1.656 3.27596
1.659 3.27524
1.662 3.27451
1.665 3.27378
1.668 3.27305
1.671 3.27231
1.674 3.27157
1.677 3.27083
1.68 3.27008
1.683 3.26933
1.686 3.26858
1.689 3.26782
1.692 3.26706
1.695 3.2663
1.698 3.26553
1.701 3.26476
1.704 3.26399
1.707 3.26321
1.71 3.26242
1.713 3.26164
1.716 3.26085
1.719 3.26005
1.722 3.25925
1.725 3.25845
1.728 3.25764
1.731 3.25682
1.734 3.256
1.737 3.25518
1.74 3.25435
1.743 3.25352
1.746 3.25268
1.749 3.25184
1.752 3.25099
1.755 3.25014
1.758 3.24928
1.761 3.24842
1.764 3.24755
1.767 3.24668
1.77 3.2458
1.773 3.24491
1.776 3.24402
1.779 3.24312
1.782 3.24222
1.785 3.24131
1.788 3.24039
1.791 3.23947
1.794 3.23854
1.797 3.23761
1.8 3.23667
1.803 3.23572
1.806 3.23477
1.809 3.23381
1.812 3.23284
1.815 3.23187
1.818 3.23089
1.821 3.2299
1.824 3.22891
1.827 3.2279
1.83 3.22689
1.833 3.22588
1.836 3.22486
1.839 3.22382
1.842 3.22279
1.845 3.22174
1.848 3.22069
1.851 3.21962
1.854 3.21856
1.857 3.21748
1.86 3.21639
1.863 3.2153
1.866 3.2142
1.869 3.21309
1.872 3.21197
1.875 3.21085
1.878 3.20971
1.881 3.20857
1.884 3.20742
1.887 3.20626
1.89 3.20509
1.893 3.20391
1.896 3.20273
1.899 3.20153
1.902 3.20033
1.905 3.19911
1.908 3.19789
1.911 3.19666
1.914 3.19542
1.917 3.19417
1.92 3.19291
1.923 3.19164
1.926 3.19037
1.929 3.18908
1.932 3.18778
1.935 3.18648
1.938 3.18516
1.941 3.18384
1.944 3.1825
1.947 3.18116
1.95 3.17981
1.953 3.17844
1.956 3.17707
1.959 3.17568
1.962 3.17429
1.965 3.17289
1.968 3.17148
1.971 3.17005
1.974 3.16862
1.977 3.16718
1.98 3.16572
1.983 3.16426
1.986 3.16279
1.989 3.16131
1.992 3.15981
1.995 3.15831
1.998 3.1568
2.001 3.15527
2.004 3.15374
2.007 3.1522
2.01 3.15064
2.013 3.14908
2.016 3.14751
2.019 3.14593
2.022 3.14433
2.025 3.14273
2.028 3.14112
2.031 3.13949
2.034 3.13786
2.037 3.13622
2.04 3.13457
2.043 3.1329
2.046 3.13123
2.049 3.12955
2.052 3.12786
2.055 3.12616
2.058 3.12445
2.061 3.12273
2.064 3.121
2.067 3.11926
2.07 3.11752
2.073 3.11576
2.076 3.11399
2.079 3.11222
2.082 3.11043
2.085 3.10864
2.088 3.10684
2.091 3.10503
2.094 3.10321
2.097 3.10138
2.1 3.09955
2.103 3.0977
2.106 3.09585
2.109 3.09399
2.112 3.09212
2.115 3.09024
2.118 3.08836
2.121 3.08647
2.124 3.08456
2.127 3.08266
2.13 3.08074
2.133 3.07882
2.136 3.07689
2.139 3.07495
2.142 3.07301
2.145 3.07106
2.148 3.0691
2.151 3.06714
2.154 3.06517
2.157 3.06319
2.16 3.06121
2.163 3.05922
2.166 3.05723
2.169 3.05523
2.172 3.05322
2.175 3.05121
2.178 3.04919
2.181 3.04717
2.184 3.04514
2.187 3.04311
2.19 3.04108
2.193 3.03904
2.196 3.03699
2.199 3.03494
2.202 3.03289
2.205 3.03083
2.208 3.02877
2.211 3.02671
2.214 3.02464
2.217 3.02257
2.22 3.0205
2.223 3.01842
2.226 3.01634
2.229 3.01426
2.232 3.01217
2.235 3.01009
2.238 3.008
2.241 3.00591
2.244 3.00381
2.247 3.00172
2.25 2.99962
2.253 2.99753
2.256 2.99543
2.259 2.99333
2.262 2.99123
2.265 2.98913
2.268 2.98703
2.271 2.98493
2.274 2.98282
2.277 2.98072
2.28 2.97862
2.283 2.97652
2.286 2.97442
2.289 2.97232
2.292 2.97022
2.295 2.96813
2.298 2.96603
2.301 2.96393
2.304 2.96184
2.307 2.95975
2.31 2.95766
2.313 2.95557
2.316 2.95349
2.319 2.9514
2.322 2.94932
2.325 2.94724
2.328 2.94517
2.331 2.94309
2.334 2.94103
2.337 2.93896
2.34 2.9369
2.343 2.93484
2.346 2.93278
2.349 2.93073
2.352 2.92868
2.355 2.92664
2.358 2.9246
2.361 2.92257
2.364 2.92054
2.367 2.91851
2.37 2.91649
2.373 2.91448
2.376 2.91247
2.379 2.91046
2.382 2.90846
2.385 2.90647
2.388 2.90448
2.391 2.9025
2.394 2.90052
2.397 2.89855
2.4 2.89659
2.403 2.89463
2.406 2.89268
2.409 2.89073
2.412 2.88879
2.415 2.88686
2.418 2.88494
2.421 2.88302
2.424 2.88111
2.427 2.87921
2.43 2.87731
2.433 2.87543
2.436 2.87355
2.439 2.87167
2.442 2.86981
2.445 2.86795
2.448 2.8661
2.451 2.86426
2.454 2.86243
2.457 2.8606
2.46 2.85879
2.463 2.85698
2.466 2.85518
2.469 2.85339
2.472 2.85161
2.475 2.84984
2.478 2.84807
2.481 2.84632
2.484 2.84457
2.487 2.84284
2.49 2.84111
2.493 2.83939
2.496 2.83768
2.499 2.83598
2.502 2.83429
2.505 2.83261
2.508 2.83094
2.511 2.82928
2.514 2.82763
2.517 2.82599
2.52 2.82435
2.523 2.82273
2.526 2.82112
2.529 2.81951
2.532 2.81792
2.535 2.81634
2.538 2.81477
2.541 2.8132
2.544 2.81165
2.547 2.81011
2.55 2.80857
2.553 2.80705
2.556 2.80554
2.559 2.80404
2.562 2.80254
2.565 2.80106
2.568 2.79959
2.571 2.79813
2.574 2.79668
2.577 2.79524
2.58 2.79381
2.583 2.79239
2.586 2.79098
2.589 2.78958
2.592 2.78819
2.595 2.78681
2.598 2.78544
2.601 2.78408
2.604 2.78273
2.607 2.78139
2.61 2.78006
2.613 2.77875
2.616 2.77744
2.619 2.77614
2.622 2.77485
2.625 2.77358
2.628 2.77231
2.631 2.77105
2.634 2.76981
2.637 2.76857
2.64 2.76734
2.643 2.76613
2.646 2.76492
2.649 2.76372
2.652 2.76254
2.655 2.76136
2.658 2.76019
2.661 2.75904
2.664 2.75789
2.667 2.75675
2.67 2.75563
2.673 2.75451
2.676 2.7534
2.679 2.7523
2.682 2.75121
2.685 2.75013
2.688 2.74906
2.691 2.748
2.694 2.74695
2.697 2.74591
2.7 2.74487
2.703 2.74385
2.706 2.74284
2.709 2.74183
2.712 2.74084
2.715 2.73985
2.718 2.73887
2.721 2.7379
2.724 2.73694
2.727 2.73599
2.73 2.73505
2.733 2.73412
2.736 2.73319
2.739 2.73227
2.742 2.73137
2.745 2.73047
2.748 2.72958
2.751 2.72869
2.754 2.72782
2.757 2.72696
2.76 2.7261
2.763 2.72525
2.766 2.72441
2.769 2.72358
2.772 2.72275
2.775 2.72193
2.778 2.72112
2.781 2.72032
2.784 2.71953
2.787 2.71874
2.79 2.71797
2.793 2.7172
2.796 2.71643
2.799 2.71568
2.802 2.71493
2.805 2.71419
2.808 2.71346
2.811 2.71273
2.814 2.71201
2.817 2.7113
2.82 2.7106
2.823 2.7099
2.826 2.70921
2.829 2.70852
2.832 2.70785
2.835 2.70718
2.838 2.70651
2.841 2.70586
2.844 2.70521
2.847 2.70457
2.85 2.70393
2.853 2.7033
2.856 2.70267
2.859 2.70206
2.862 2.70145
2.865 2.70084
2.868 2.70024
2.871 2.69965
2.874 2.69906
2.877 2.69848
2.88 2.69791
2.883 2.69734
2.886 2.69677
2.889 2.69622
2.892 2.69567
2.895 2.69512
2.898 2.69458
2.901 2.69405
2.904 2.69352
2.907 2.69299
2.91 2.69247
2.913 2.69196
2.916 2.69145
2.919 2.69095
2.922 2.69045
2.925 2.68996
2.928 2.68948
2.931 2.68899
2.934 2.68852
2.937 2.68804
2.94 2.68758
2.943 2.68712
2.946 2.68666
2.949 2.68621
2.952 2.68576
2.955 2.68532
2.958 2.68488
2.961 2.68444
2.964 2.68401
2.967 2.68359
2.97 2.68317
2.973 2.68275
2.976 2.68234
2.979 2.68193
2.982 2.68153
2.985 2.68113
2.988 2.68074
2.991 2.68035
2.994 2.67996
2.997 2.67958
3 2.6792
3.001 5
