0 -10
0.003 -6.49855
0.006 -6.49651
0.009 -6.49446
0.012 -6.49239
0.015 -6.49031
0.018 -6.48821
0.021 -6.4861
0.024 -6.48398
0.027 -6.48184
0.03 -6.47969
0.033 -6.47752
0.036 -6.47534
0.039 -6.47314
0.042 -6.47093
0.045 -6.4687
0.048 -6.46646
0.051 -6.4642
0.054 -6.46193
0.057 -6.45964
0.06 -6.45734
0.063 -6.45502
0.066 -6.45269
0.069 -6.45034
0.072 -6.44798
0.075 -6.4456
0.078 -6.4432
0.081 -6.44079
0.084 -6.43837
0.087 -6.43593
0.09 -6.43347
0.093 -6.43099
0.096 -6.4285
0.099 -6.426
0.102 -6.42348
0.105 -6.42094
0.108 -6.41838
0.111 -6.41581
0.114 -6.41322
0.117 -6.41062
0.12 -6.408
0.123 -6.40536
0.126 -6.40271
0.129 -6.40004
0.132 -6.39735
0.135 -6.39464
0.138 -6.39192
0.141 -6.38918
0.144 -6.38642
0.147 -6.38365
0.15 -6.38086
0.153 -6.37805
0.156 -6.37523
0.159 -6.37238
0.162 -6.36952
0.165 -6.36664
0.168 -6.36375
0.171 -6.36083
0.174 -6.3579
0.177 -6.35495
0.18 -6.35198
0.183 -6.34899
0.186 -6.34599
0.189 -6.34297
0.192 -6.33992
0.195 -6.33687
0.198 -6.33379
0.201 -6.33069
0.204 -6.32757
0.207 -6.32444
0.21 -6.32129
0.213 -6.31812
0.216 -6.31493
0.219 -6.31172
0.222 -6.30849
0.225 -6.30524
0.228 -6.30197
0.231 -6.29869
0.234 -6.29538
0.237 -6.29206
0.24 -6.28871
0.243 -6.28535
0.246 -6.28197
0.249 -6.27856
0.252 -6.27514
0.255 -6.2717
0.258 -6.26823
0.261 -6.26475
0.264 -6.26125
0.267 -6.25773
0.27 -6.25419
0.273 -6.25062
0.276 -6.24704
0.279 -6.24344
0.282 -6.23981
0.285 -6.23617
0.288 -6.23251
0.291 -6.22882
0.294 -6.22512
0.297 -6.22139
0.3 -6.21764
0.303 -6.21388
0.306 -6.21009
0.309 -6.20628
0.312 -6.20245
0.315 -6.1986
0.318 -6.19472
0.321 -6.19083
0.324 -6.18692
0.327 -6.18298
0.33 -6.17902
0.333 -6.17504
0.336 -6.17105
0.339 -6.16702
0.342 -6.16298
0.345 -6.15892
0.348 -6.15483
0.351 -6.15072
0.354 -6.14659
0.357 -6.14244
0.36 -6.13827
0.363 -6.13408
0.366 -6.12986
0.369 -6.12562
0.372 -6.12136
0.375 -6.11708
0.378 -6.11277
0.381 -6.10845
0.384 -6.1041
0.387 -6.09973
0.39 -6.09533
0.393 -6.09092
0.396 -6.08648
0.399 -6.08202
0.402 -6.07754
0.405 -6.07304
0.408 -6.06851
0.411 -6.06396
0.414 -6.05939
0.417 -6.05479
0.42 -6.05018
0.423 -6.04554
0.426 -6.04087
0.429 -6.03619
0.432 -6.03148
0.435 -6.02675
0.438 -6.022
0.441 -6.01722
0.444 -6.01243
0.447 -6.00761
0.45 -6.00276
0.453 -5.9979
0.456 -5.99301
0.459 -5.9881
0.462 -5.98316
0.465 -5.97821
0.468 -5.97323
0.471 -5.96822
0.474 -5.9632
0.477 -5.95815
0.48 -5.95308
0.483 -5.94799
0.486 -5.94287
0.489 -5.93773
0.492 -5.93257
0.495 -5.92739
0.498 -5.92218
0.501 -5.91695
0.504 -5.9117
0.507 -5.90642
0.51 -5.90113
0.513 -5.89581
0.516 -5.89046
0.519 -5.8851
0.522 -5.87971
0.525 -5.8743
0.528 -5.86887
0.531 -5.86342
0.534 -5.85794
0.537 -5.85244
0.54 -5.84692
0.543 -5.84138
0.546 -5.83581
0.549 -5.83022
0.552 -5.82462
0.555 -5.81898
0.558 -5.81333
0.561 -5.80766
0.564 -5.80196
0.567 -5.79624
0.57 -5.7905
0.573 -5.78474
0.576 -5.77896
0.579 -5.77316
0.582 -5.76733
0.585 -5.76148
0.588 -5.75562
0.591 -5.74973
0.594 -5.74382
0.597 -5.73789
0.6 -5.73194
0.603 -5.72597
0.606 -5.71998
0.609 -5.71397
0.612 -5.70794
0.615 -5.70189
0.618 -5.69581
0.621 -5.68972
0.624 -5.68361
0.627 -5.67748
0.63 -5.67133
0.633 -5.66517
0.636 -5.65898
0.639 -5.65277
0.642 -5.64655
0.645 -5.6403
0.648 -5.63404
0.651 -5.62776
0.654 -5.62147
0.657 -5.61515
0.66 -5.60882
0.663 -5.60247
0.666 -5.5961
0.669 -5.58971
0.672 -5.58331
0.675 -5.57689
0.678 -5.57046
0.681 -5.564
0.684 -5.55754
0.687 -5.55105
0.69 -5.54456
0.693 -5.53804
0.696 -5.53151
0.699 -5.52497
0.702 -5.51841
0.705 -5.51184
0.708 -5.50525
0.711 -5.49865
0.714 -5.49203
0.717 -5.4854
0.72 -5.47876
0.723 -5.47211
0.726 -5.46544
0.729 -5.45876
0.732 -5.45207
0.735 -5.44537
0.738 -5.43865
0.741 -5.43193
0.744 -5.42519
0.747 -5.41844
0.75 -5.41168
0.753 -5.40492
0.756 -5.39814
0.759 -5.39135
0.762 -5.38456
0.765 -5.37775
0.768 -5.37094
0.771 -5.36412
0.774 -5.35729
0.777 -5.35045
0.78 -5.34361
0.783 -5.33676
0.786 -5.3299
0.789 -5.32304
0.792 -5.31617
0.795 -5.3093
0.798 -5.30242
0.801 -5.29553
0.804 -5.28865
0.807 -5.28175
0.81 -5.27486
0.813 -5.26796
0.816 -5.26106
0.819 -5.25415
0.822 -5.24725
0.825 -5.24034
0.828 -5.23343
0.831 -5.22652
0.834 -5.21961
0.837 -5.2127
0.84 -5.20579
0.843 -5.19888
0.846 -5.19197
0.849 -5.18506
0.852 -5.17815
0.855 -5.17125
0.858 -5.16434
0.861 -5.15745
0.864 -5.15055
0.867 -5.14366
0.87 -5.13677
0.873 -5.12988
0.876 -5.123
0.879 -5.11613
0.882 -5.10926
0.885 -5.1024
0.888 -5.09554
0.891 -5.08869
0.894 -5.08185
0.897 -5.07501
0.9 -5.06818
0.903 -5.06137
0.906 -5.05455
0.909 -5.04775
0.912 -5.04096
0.915 -5.03418
0.918 -5.02741
0.921 -5.02064
0.924 -5.01389
0.927 -5.00715
0.93 -5.00043
0.933 -4.99371
0.936 -4.98701
0.939 -4.98032
0.942 -4.97364
0.945 -4.96697
0.948 -4.96032
0.951 -4.95369
0.954 -4.94706
0.957 -4.94046
0.96 -4.93387
0.963 -4.92729
0.966 -4.92073
0.969 -4.91418
0.972 -4.90766
0.975 -4.90115
0.978 -4.89465
0.981 -4.88818
0.984 -4.88172
0.987 -4.87528
0.99 -4.86886
0.993 -4.86245
0.996 -4.85607
0.999 -4.8497
1.002 -4.84336
1.005 -4.83703
1.008 -4.83073
1.011 -4.82444
1.014 -4.81818
1.017 -4.81194
1.02 -4.80571
1.023 -4.79951
1.026 -4.79334
1.029 -4.78718
1.032 -4.78105
1.035 -4.77493
1.038 -4.76884
1.041 -4.76278
1.044 -4.75673
1.047 -4.75071
1.05 -4.74472
1.053 -4.73875
1.056 -4.7328
1.059 -4.72687
1.062 -4.72097
1.065 -4.7151
1.068 -4.70925
1.071 -4.70342
1.074 -4.69762
1.077 -4.69184
1.08 -4.68609
1.083 -4.68037
1.086 -4.67467
1.089 -4.66899
1.092 -4.66335
1.095 -4.65772
1.098 -4.65213
1.101 -4.64656
1.104 -4.64102
1.107 -4.6355
1.11 -4.63001
1.113 -4.62455
1.116 -4.61911
1.119 -4.6137
1.122 -4.60832
1.125 -4.60296
1.128 -4.59763
1.131 -4.59233
1.134 -4.58706
1.137 -4.58181
1.14 -4.57659
1.143 -4.5714
1.146 -4.56623
1.149 -4.56109
1.152 -4.55598
1.155 -4.5509
1.158 -4.54584
1.161 -4.54081
1.164 -4.53581
1.167 -4.53084
1.17 -4.52589
1.173 -4.52097
1.176 -4.51608
1.179 -4.51122
1.182 -4.50638
1.185 -4.50157
1.188 -4.49679
1.191 -4.49203
1.194 -4.48731
1.197 -4.48261
1.2 -4.47793
1.203 -4.47329
1.206 -4.46867
1.209 -4.46407
1.212 -4.45951
1.215 -4.45497
1.218 -4.45046
1.221 -4.44597
1.224 -4.44151
1.227 -4.43708
1.23 -4.43268
1.233 -4.4283
1.236 -4.42394
1.239 -4.41962
1.242 -4.41532
1.245 -4.41104
1.248 -4.40679
1.251 -4.40257
1.254 -4.39837
1.257 -4.3942
1.26 -4.39005
1.263 -4.38593
1.266 -4.38183
1.269 -4.37776
1.272 -4.37371
1.275 -4.36969
1.278 -4.36569
1.281 -4.36172
1.284 -4.35777
1.287 -4.35384
1.29 -4.34994
1.293 -4.34606
1.296 -4.34221
1.299 -4.33838
1.302 -4.33457
1.305 -4.33079
1.308 -4.32702
1.311 -4.32329
1.314 -4.31957
1.317 -4.31588
1.32 -4.31221
1.323 -4.30856
1.326 -4.30493
1.329 -4.30133
1.332 -4.29774
1.335 -4.29418
1.338 -4.29064
1.341 -4.28712
1.344 -4.28362
1.347 -4.28015
1.35 -4.27669
1.353 -4.27325
1.356 -4.26983
1.359 -4.26644
1.362 -4.26306
1.365 -4.2597
1.368 -4.25636
1.371 -4.25305
1.374 -4.24975
1.377 -4.24646
1.38 -4.2432
1.383 -4.23996
1.386 -4.23673
1.389 -4.23352
1.392 -4.23033
1.395 -4.22716
1.398 -4.224
1.401 -4.22086
1.404 -4.21774
1.407 -4.21464
1.41 -4.21155
1.413 -4.20847
1.416 -4.20542
1.419 -4.20238
1.422 -4.19935
1.425 -4.19634
1.428 -4.19335
1.431 -4.19037
1.434 -4.1874
1.437 -4.18445
1.44 -4.18152
1.443 -4.1786
1.446 -4.17569
1.449 -4.17279
1.452 -4.16991
1.455 -4.16705
1.458 -4.16419
1.461 -4.16135
1.464 -4.15852
1.467 -4.15571
1.47 -4.1529
1.473 -4.15011
1.476 -4.14733
1.479 -4.14456
1.482 -4.1418
1.485 -4.13905
1.488 -4.13632
1.491 -4.13359
1.494 -4.13088
1.497 -4.12817
1.5 -4.12548
1.503 -4.12279
1.506 -4.12012
1.509 -4.11745
1.512 -4.11479
1.515 -4.11214
1.518 -4.1095
1.521 -4.10687
1.524 -4.10425
1.527 -4.10163
1.53 -4.09903
1.533 -4.09643
1.536 -4.09383
1.539 -4.09125
1.542 -4.08867
1.545 -4.0861
1.548 -4.08353
1.551 -4.08097
1.554 -4.07842
1.557 -4.07587
1.56 -4.07333
1.563 -4.07079
1.566 -4.06826
1.569 -4.06573
1.572 -4.06321
1.575 -4.0607
1.578 -4.05818
1.581 -4.05567
1.584 -4.05317
1.587 -4.05067
1.59 -4.04817
1.593 -4.04567
1.596 -4.04318
1.599 -4.04069
1.602 -4.03821
1.605 -4.03572
1.608 -4.03324
1.611 -4.03076
1.614 -4.02829
1.617 -4.02581
1.62 -4.02334
1.623 -4.02086
1.626 -4.01839
1.629 -4.01592
1.632 -4.01345
1.635 -4.01098
1.638 -4.00851
1.641 -4.00604
1.644 -4.00357
1.647 -4.0011
1.65 -3.99863
1.653 -3.99616
1.656 -3.99368
1.659 -3.99121
1.662 -3.98874
1.665 -3.98626
1.668 -3.98378
1.671 -3.9813
1.674 -3.97882
1.677 -3.97634
1.68 -3.97386
1.683 -3.97137
1.686 -3.96888
1.689 -3.96639
1.692 -3.96389
1.695 -3.96139
1.698 -3.95889
1.701 -3.95638
1.704 -3.95388
1.707 -3.95136
1.71 -3.94885
1.713 -3.94633
1.716 -3.9438
1.719 -3.94128
1.722 -3.93874
1.725 -3.93621
1.728 -3.93366
1.731 -3.93112
1.734 -3.92857
1.737 -3.92601
1.74 -3.92345
1.743 -3.92088
1.746 -3.91831
1.749 -3.91574
1.752 -3.91315
1.755 -3.91056
1.758 -3.90797
1.761 -3.90537
1.764 -3.90277
1.767 -3.90015
1.77 -3.89754
1.773 -3.89491
1.776 -3.89228
1.779 -3.88965
1.782 -3.887
1.785 -3.88435
1.788 -3.8817
1.791 -3.87904
1.794 -3.87637
1.797 -3.87369
1.8 -3.87101
1.803 -3.86832
1.806 -3.86562
1.809 -3.86292
1.812 -3.86021
1.815 -3.8575
1.818 -3.85477
1.821 -3.85204
1.824 -3.8493
1.827 -3.84656
1.83 -3.84381
1.833 -3.84105
1.836 -3.83828
1.839 -3.83551
1.842 -3.83273
1.845 -3.82995
1.848 -3.82715
1.851 -3.82435
1.854 -3.82155
1.857 -3.81873
1.86 -3.81591
1.863 -3.81308
1.866 -3.81025
1.869 -3.80741
1.872 -3.80456
1.875 -3.80171
1.878 -3.79885
1.881 -3.79598
1.884 -3.79311
1.887 -3.79023
1.89 -3.78734
1.893 -3.78445
1.896 -3.78156
1.899 -3.77865
1.902 -3.77574
1.905 -3.77283
1.908 -3.76991
1.911 -3.76698
1.914 -3.76405
1.917 -3.76111
1.92 -3.75817
1.923 -3.75523
1.926 -3.75227
1.929 -3.74932
1.932 -3.74636
1.935 -3.74339
1.938 -3.74042
1.941 -3.73745
1.944 -3.73447
1.947 -3.73149
1.95 -3.72851
1.953 -3.72552
1.956 -3.72253
1.959 -3.71954
1.962 -3.71654
1.965 -3.71354
1.968 -3.71054
1.971 -3.70754
1.974 -3.70453
1.977 -3.70152
1.98 -3.69851
1.983 -3.6955
1.986 -3.69249
1.989 -3.68947
1.992 -3.68646
1.995 -3.68344
1.998 -3.68043
2.001 -3.67741
2.004 -3.6744
2.007 -3.67138
2.01 -3.66837
2.013 -3.66535
2.016 -3.66234
2.019 -3.65933
2.022 -3.65632
2.025 -3.65331
2.028 -3.6503
2.031 -3.64729
2.034 -3.64429
2.037 -3.64129
2.04 -3.63829
2.043 -3.6353
2.046 -3.6323
2.049 -3.62931
2.052 -3.62633
2.055 -3.62335
2.058 -3.62037
2.061 -3.6174
2.064 -3.61443
2.067 -3.61147
2.07 -3.60851
2.073 -3.60556
2.076 -3.60261
2.079 -3.59967
2.082 -3.59673
2.085 -3.5938
2.088 -3.59088
2.091 -3.58796
2.094 -3.58505
2.097 -3.58215
2.1 -3.57925
2.103 -3.57637
2.106 -3.57349
2.109 -3.57061
2.112 -3.56775
2.115 -3.56489
2.118 -3.56204
2.121 -3.5592
2.124 -3.55637
2.127 -3.55355
2.13 -3.55074
2.133 -3.54793
2.136 -3.54514
2.139 -3.54235
2.142 -3.53958
2.145 -3.53681
2.148 -3.53406
2.151 -3.53131
2.154 -3.52858
2.157 -3.52585
2.16 -3.52314
2.163 -3.52044
2.166 -3.51775
2.169 -3.51507
2.172 -3.5124
2.175 -3.50974
2.178 -3.50709
2.181 -3.50446
2.184 -3.50183
2.187 -3.49922
2.19 -3.49662
2.193 -3.49403
2.196 -3.49146
2.199 -3.48889
2.202 -3.48634
2.205 -3.4838
2.208 -3.48127
2.211 -3.47876
2.214 -3.47626
2.217 -3.47377
2.22 -3.47129
2.223 -3.46882
2.226 -3.46637
2.229 -3.46393
2.232 -3.46151
2.235 -3.45909
2.238 -3.45669
2.241 -3.4543
2.244 -3.45193
2.247 -3.44956
2.25 -3.44722
2.253 -3.44488
2.256 -3.44256
2.259 -3.44024
2.262 -3.43795
2.265 -3.43566
2.268 -3.43339
2.271 -3.43113
2.274 -3.42889
2.277 -3.42666
2.28 -3.42444
2.283 -3.42223
2.286 -3.42004
2.289 -3.41786
2.292 -3.41569
2.295 -3.41354
2.298 -3.4114
2.301 -3.40927
2.304 -3.40715
2.307 -3.40505
2.31 -3.40296
2.313 -3.40089
2.316 -3.39883
2.319 -3.39678
2.322 -3.39474
2.325 -3.39272
2.328 -3.3907
2.331 -3.38871
2.334 -3.38672
2.337 -3.38475
2.34 -3.38279
2.343 -3.38084
2.346 -3.37891
2.349 -3.37699
2.352 -3.37508
2.355 -3.37318
2.358 -3.3713
2.361 -3.36943
2.364 -3.36757
2.367 -3.36573
2.37 -3.36389
2.373 -3.36207
2.376 -3.36027
2.379 -3.35847
2.382 -3.35669
2.385 -3.35492
2.388 -3.35317
2.391 -3.35142
2.394 -3.34969
2.397 -3.34797
2.4 -3.34626
2.403 -3.34457
2.406 -3.34289
2.409 -3.34122
2.412 -3.33956
2.415 -3.33792
2.418 -3.33629
2.421 -3.33467
2.424 -3.33306
2.427 -3.33146
2.43 -3.32988
2.433 -3.32831
2.436 -3.32675
2.439 -3.32521
2.442 -3.32367
2.445 -3.32215
2.448 -3.32065
2.451 -3.31915
2.454 -3.31767
2.457 -3.3162
2.46 -3.31474
2.463 -3.31329
2.466 -3.31185
2.469 -3.31043
2.472 -3.30902
2.475 -3.30763
2.478 -3.30624
2.481 -3.30487
2.484 -3.30351
2.487 -3.30216
2.49 -3.30082
2.493 -3.2995
2.496 -3.29819
2.499 -3.29689
2.502 -3.2956
2.505 -3.29432
2.508 -3.29306
2.511 -3.29181
2.514 -3.29057
2.517 -3.28934
2.52 -3.28813
2.523 -3.28693
2.526 -3.28574
2.529 -3.28456
2.532 -3.28339
2.535 -3.28224
2.538 -3.2811
2.541 -3.27997
2.544 -3.27885
2.547 -3.27775
2.55 -3.27665
2.553 -3.27557
2.556 -3.2745
2.559 -3.27344
2.562 -3.2724
2.565 -3.27136
2.568 -3.27034
2.571 -3.26933
2.574 -3.26833
2.577 -3.26734
2.58 -3.26637
2.583 -3.26541
2.586 -3.26445
2.589 -3.26351
2.592 -3.26259
2.595 -3.26167
2.598 -3.26076
2.601 -3.25987
2.604 -3.25899
2.607 -3.25812
2.61 -3.25726
2.613 -3.25641
2.616 -3.25557
2.619 -3.25475
2.622 -3.25393
2.625 -3.25313
2.628 -3.25234
2.631 -3.25156
2.634 -3.25079
2.637 -3.25003
2.64 -3.24928
2.643 -3.24854
2.646 -3.24782
2.649 -3.2471
2.652 -3.2464
2.655 -3.2457
2.658 -3.24502
2.661 -3.24435
2.664 -3.24368
2.667 -3.24303
2.67 -3.24239
2.673 -3.24176
2.676 -3.24114
2.679 -3.24053
2.682 -3.23993
2.685 -3.23933
2.688 -3.23875
2.691 -3.23818
2.694 -3.23762
2.697 -3.23707
2.7 -3.23653
2.703 -3.236
2.706 -3.23548
2.709 -3.23496
2.712 -3.23446
2.715 -3.23397
2.718 -3.23348
2.721 -3.23301
2.724 -3.23254
2.727 -3.23208
2.73 -3.23163
2.733 -3.2312
2.736 -3.23077
2.739 -3.23034
2.742 -3.22993
2.745 -3.22953
2.748 -3.22913
2.751 -3.22875
2.754 -3.22837
2.757 -3.228
2.76 -3.22764
2.763 -3.22728
2.766 -3.22694
2.769 -3.2266
2.772 -3.22627
2.775 -3.22595
2.778 -3.22564
2.781 -3.22533
2.784 -3.22503
2.787 -3.22474
2.79 -3.22446
2.793 -3.22418
2.796 -3.22392
2.799 -3.22365
2.802 -3.2234
2.805 -3.22315
2.808 -3.22292
2.811 -3.22268
2.814 -3.22246
2.817 -3.22224
2.82 -3.22203
2.823 -3.22182
2.826 -3.22162
2.829 -3.22143
2.832 -3.22125
2.835 -3.22107
2.838 -3.2209
2.841 -3.22073
2.844 -3.22057
2.847 -3.22041
2.85 -3.22027
2.853 -3.22012
2.856 -3.21999
2.859 -3.21986
2.862 -3.21973
2.865 -3.21961
2.868 -3.2195
2.871 -3.21939
2.874 -3.21929
2.877 -3.21919
2.88 -3.2191
2.883 -3.21902
2.886 -3.21894
2.889 -3.21886
2.892 -3.21879
2.895 -3.21872
2.898 -3.21866
2.901 -3.21861
2.904 -3.21856
2.907 -3.21851
2.91 -3.21847
2.913 -3.21843
2.916 -3.2184
2.919 -3.21837
2.922 -3.21835
2.925 -3.21833
2.928 -3.21831
2.931 -3.2183
2.934 -3.21829
2.937 -3.21829
2.94 -3.21829
2.943 -3.2183
2.946 -3.21831
2.949 -3.21832
2.952 -3.21834
2.955 -3.21836
2.958 -3.21838
2.961 -3.21841
2.964 -3.21844
2.967 -3.21848
2.97 -3.21852
2.973 -3.21856
2.976 -3.21861
2.979 -3.21866
2.982 -3.21871
2.985 -3.21876
2.988 -3.21882
2.991 -3.21888
2.994 -3.21895
2.997 -3.21902
3 -3.21909
3.001 -10
