0 0
0.003 0.541982
0.006 0.543477
0.009 0.544983
0.012 0.546499
0.015 0.548027
0.018 0.549567
0.021 0.551117
0.024 0.552679
0.027 0.554252
0.03 0.555837
0.033 0.557433
0.036 0.559041
0.039 0.56066
0.042 0.562291
0.045 0.563935
0.048 0.56559
0.051 0.567257
0.054 0.568936
0.057 0.570628
0.06 0.572332
0.063 0.574048
0.066 0.575776
0.069 0.577517
0.072 0.579271
0.075 0.581037
0.078 0.582816
0.081 0.584608
0.084 0.586412
0.087 0.58823
0.09 0.59006
0.093 0.591904
0.096 0.593761
0.099 0.595632
0.102 0.597515
0.105 0.599413
0.108 0.601323
0.111 0.603248
0.114 0.605186
0.117 0.607137
0.12 0.609103
0.123 0.611083
0.126 0.613076
0.129 0.615084
0.132 0.617106
0.135 0.619142
0.138 0.621193
0.141 0.623258
0.144 0.625337
0.147 0.627431
0.15 0.62954
0.153 0.631664
0.156 0.633802
0.159 0.635956
0.162 0.638124
0.165 0.640307
0.168 0.642506
0.171 0.64472
0.174 0.646949
0.177 0.649193
0.18 0.651453
0.183 0.653729
0.186 0.65602
0.189 0.658327
0.192 0.660649
0.195 0.662988
0.198 0.665342
0.201 0.667713
0.204 0.670099
0.207 0.672502
0.21 0.674921
0.213 0.677356
0.216 0.679808
0.219 0.682276
0.222 0.684761
0.225 0.687262
0.228 0.68978
0.231 0.692315
0.234 0.694867
0.237 0.697435
0.24 0.700021
0.243 0.702623
0.246 0.705243
0.249 0.70788
0.252 0.710534
0.255 0.713205
0.258 0.715894
0.261 0.7186
0.264 0.721324
0.267 0.724065
0.27 0.726824
0.273 0.729601
0.276 0.732395
0.279 0.735207
0.282 0.738037
0.285 0.740885
0.288 0.743751
0.291 0.746635
0.294 0.749537
0.297 0.752457
0.3 0.755395
0.303 0.758351
0.306 0.761326
0.309 0.764319
0.312 0.767331
0.315 0.77036
0.318 0.773409
0.321 0.776476
0.324 0.779561
0.327 0.782665
0.33 0.785787
0.333 0.788929
0.336 0.792088
0.339 0.795267
0.342 0.798464
0.345 0.80168
0.348 0.804915
0.351 0.808169
0.354 0.811442
0.357 0.814733
0.36 0.818043
0.363 0.821373
0.366 0.824721
0.369 0.828088
0.372 0.831474
0.375 0.834879
0.378 0.838303
0.381 0.841746
0.384 0.845208
0.387 0.848689
0.39 0.852189
0.393 0.855708
0.396 0.859247
0.399 0.862804
0.402 0.86638
0.405 0.869975
0.408 0.873589
0.411 0.877222
0.414 0.880873
0.417 0.884544
0.42 0.888234
0.423 0.891943
0.426 0.89567
0.429 0.899416
0.432 0.903182
0.435 0.906965
0.438 0.910768
0.441 0.914589
0.444 0.91843
0.447 0.922288
0.45 0.926166
0.453 0.930061
0.456 0.933976
0.459 0.937909
0.462 0.94186
0.465 0.945829
0.468 0.949817
0.471 0.953823
0.474 0.957848
0.477 0.96189
0.48 0.965951
0.483 0.970029
0.486 0.974125
0.489 0.97824
0.492 0.982372
0.495 0.986521
0.498 0.990689
0.501 0.994873
0.504 0.999076
0.507 1.0033
0.51 1.00753
0.513 1.01179
0.516 1.01606
0.519 1.02035
0.522 1.02465
0.525 1.02897
0.528 1.03331
0.531 1.03767
0.534 1.04204
0.537 1.04643
0.54 1.05083
0.543 1.05525
0.546 1.05969
0.549 1.06414
0.552 1.06861
0.555 1.07309
0.558 1.07759
0.561 1.08211
0.564 1.08664
0.567 1.09118
0.57 1.09574
0.573 1.10032
0.576 1.10491
0.579 1.10951
0.582 1.11413
0.585 1.11877
0.588 1.12341
0.591 1.12808
0.594 1.13275
0.597 1.13744
0.6 1.14215
0.603 1.14686
0.606 1.15159
0.609 1.15634
0.612 1.16109
0.615 1.16586
0.618 1.17064
0.621 1.17544
0.624 1.18024
0.627 1.18506
0.63 1.18989
0.633 1.19474
0.636 1.19959
0.639 1.20446
0.642 1.20934
0.645 1.21422
0.648 1.21912
0.651 1.22403
0.654 1.22896
0.657 1.23389
0.66 1.23883
0.663 1.24378
0.666 1.24874
0.669 1.25372
0.672 1.2587
0.675 1.26369
0.678 1.26869
0.681 1.2737
0.684 1.27872
0.687 1.28375
0.69 1.28878
0.693 1.29383
0.696 1.29888
0.699 1.30394
0.702 1.30901
0.705 1.31408
0.708 1.31917
0.711 1.32426
0.714 1.32935
0.717 1.33446
0.72 1.33957
0.723 1.34469
0.726 1.34981
0.729 1.35494
0.732 1.36008
0.735 1.36522
0.738 1.37037
0.741 1.37552
0.744 1.38068
0.747 1.38584
0.75 1.39101
0.753 1.39618
0.756 1.40136
0.759 1.40654
0.762 1.41173
0.765 1.41692
0.768 1.42211
0.771 1.42731
0.774 1.43251
0.777 1.43771
0.78 1.44292
0.783 1.44813
0.786 1.45334
0.789 1.45856
0.792 1.46378
0.795 1.469
0.798 1.47422
0.801 1.47944
0.804 1.48467
0.807 1.48989
0.81 1.49512
0.813 1.50035
0.816 1.50558
0.819 1.51081
0.822 1.51604
0.825 1.52127
0.828 1.52651
0.831 1.53174
0.834 1.53697
0.837 1.5422
0.84 1.54743
0.843 1.55267
0.846 1.5579
0.849 1.56313
0.852 1.56836
0.855 1.57358
0.858 1.57881
0.861 1.58404
0.864 1.58926
0.867 1.59448
0.87 1.5997
0.873 1.60492
0.876 1.61014
0.879 1.61535
0.882 1.62056
0.885 1.62577
0.888 1.63098
0.891 1.63618
0.894 1.64138
0.897 1.64658
0.9 1.65177
0.903 1.65696
0.906 1.66215
0.909 1.66733
0.912 1.67252
0.915 1.67769
0.918 1.68286
0.921 1.68803
0.924 1.6932
0.927 1.69836
0.93 1.70351
0.933 1.70866
0.936 1.71381
0.939 1.71895
0.942 1.72409
0.945 1.72922
0.948 1.73434
0.951 1.73947
0.954 1.74458
0.957 1.74969
0.96 1.7548
0.963 1.7599
0.966 1.76499
0.969 1.77008
0.972 1.77517
0.975 1.78024
0.978 1.78531
0.981 1.79038
0.984 1.79544
0.987 1.80049
0.99 1.80554
0.993 1.81058
0.996 1.81561
0.999 1.82064
1.002 1.82566
1.005 1.83068
1.008 1.83569
1.011 1.84069
1.014 1.84568
1.017 1.85067
1.02 1.85565
1.023 1.86063
1.026 1.86559
1.029 1.87056
1.032 1.87551
1.035 1.88046
1.038 1.88539
1.041 1.89033
1.044 1.89525
1.047 1.90017
1.05 1.90508
1.053 1.90998
1.056 1.91488
1.059 1.91977
1.062 1.92465
1.065 1.92953
1.068 1.93439
1.071 1.93925
1.074 1.94411
1.077 1.94895
1.08 1.95379
1.083 1.95862
1.086 1.96344
1.089 1.96826
1.092 1.97307
1.095 1.97787
1.098 1.98266
1.101 1.98745
1.104 1.99223
1.107 1.997
1.11 2.00176
1.113 2.00652
1.116 2.01127
1.119 2.01601
1.122 2.02075
1.125 2.02547
1.128 2.03019
1.131 2.03491
1.134 2.03961
1.137 2.04431
1.14 2.049
1.143 2.05369
1.146 2.05837
1.149 2.06304
1.152 2.0677
1.155 2.07236
1.158 2.07701
1.161 2.08165
1.164 2.08629
1.167 2.09092
1.17 2.09554
1.173 2.10016
1.176 2.10477
1.179 2.10938
1.182 2.11397
1.185 2.11856
1.188 2.12315
1.191 2.12773
1.194 2.1323
1.197 2.13687
1.2 2.14143
1.203 2.14598
1.206 2.15053
1.209 2.15507
1.212 2.15961
1.215 2.16414
1.218 2.16867
1.221 2.17319
1.224 2.1777
1.227 2.18221
1.23 2.18672
1.233 2.19122
1.236 2.19571
1.239 2.2002
1.242 2.20469
1.245 2.20917
1.248 2.21364
1.251 2.21811
1.254 2.22258
1.257 2.22704
1.26 2.2315
1.263 2.23595
1.266 2.2404
1.269 2.24485
1.272 2.24929
1.275 2.25373
1.278 2.25816
1.281 2.2626
1.284 2.26702
1.287 2.27145
1.29 2.27587
1.293 2.28029
1.296 2.28471
1.299 2.28912
1.302 2.29353
1.305 2.29794
1.308 2.30234
1.311 2.30675
1.314 2.31115
1.317 2.31555
1.32 2.31995
1.323 2.32434
1.326 2.32874
1.329 2.33313
1.332 2.33753
1.335 2.34192
1.338 2.34631
1.341 2.3507
1.344 2.35508
1.347 2.35947
1.35 2.36386
1.353 2.36825
1.356 2.37263
1.359 2.37702
1.362 2.38141
1.365 2.3858
1.368 2.39019
1.371 2.39458
1.374 2.39897
1.377 2.40336
1.38 2.40775
1.383 2.41214
1.386 2.41654
1.389 2.42093
1.392 2.42533
1.395 2.42973
1.398 2.43413
1.401 2.43854
1.404 2.44295
1.407 2.44736
1.41 2.45177
1.413 2.45618
1.416 2.4606
1.419 2.46502
1.422 2.46945
1.425 2.47388
1.428 2.47831
1.431 2.48275
1.434 2.48719
1.437 2.49163
1.44 2.49608
1.443 2.50054
1.446 2.50499
1.449 2.50946
1.452 2.51393
1.455 2.5184
1.458 2.52288
1.461 2.52737
1.464 2.53186
1.467 2.53636
1.47 2.54086
1.473 2.54537
1.476 2.54989
1.479 2.55441
1.482 2.55894
1.485 2.56348
1.488 2.56802
1.491 2.57257
1.494 2.57713
1.497 2.5817
1.5 2.58628
1.503 2.59086
1.506 2.59545
1.509 2.60005
1.512 2.60466
1.515 2.60928
1.518 2.61391
1.521 2.61854
1.524 2.62319
1.527 2.62784
1.53 2.63251
1.533 2.63718
1.536 2.64187
1.539 2.64656
1.542 2.65127
1.545 2.65598
1.548 2.66071
1.551 2.66545
1.554 2.6702
1.557 2.67496
1.56 2.67973
1.563 2.68451
1.566 2.68931
1.569 2.69411
1.572 2.69893
1.575 2.70376
1.578 2.7086
1.581 2.71346
1.584 2.71833
1.587 2.72321
1.59 2.7281
1.593 2.73301
1.596 2.73793
1.599 2.74286
1.602 2.74781
1.605 2.75277
1.608 2.75774
1.611 2.76273
1.614 2.76774
1.617 2.77275
1.62 2.77778
1.623 2.78283
1.626 2.78789
1.629 2.79296
1.632 2.79805
1.635 2.80315
1.638 2.80827
1.641 2.81341
1.644 2.81855
1.647 2.82372
1.65 2.8289
1.653 2.83409
1.656 2.8393
1.659 2.84453
1.662 2.84977
1.665 2.85503
1.668 2.8603
1.671 2.86559
1.674 2.8709
1.677 2.87622
1.68 2.88155
1.683 2.88691
1.686 2.89228
1.689 2.89766
1.692 2.90306
1.695 2.90848
1.698 2.91392
1.701 2.91937
1.704 2.92483
1.707 2.93032
1.71 2.93582
1.713 2.94133
1.716 2.94687
1.719 2.95241
1.722 2.95798
1.725 2.96356
1.728 2.96916
1.731 2.97477
1.734 2.9804
1.737 2.98605
1.74 2.99171
1.743 2.99739
1.746 3.00308
1.749 3.00879
1.752 3.01452
1.755 3.02026
1.758 3.02602
1.761 3.03179
1.764 3.03758
1.767 3.04338
1.77 3.0492
1.773 3.05503
1.776 3.06088
1.779 3.06674
1.782 3.07262
1.785 3.07852
1.788 3.08442
1.791 3.09034
1.794 3.09628
1.797 3.10223
1.8 3.10819
1.803 3.11417
1.806 3.12015
1.809 3.12616
1.812 3.13217
1.815 3.1382
1.818 3.14424
1.821 3.15029
1.824 3.15635
1.827 3.16243
1.83 3.16851
1.833 3.17461
1.836 3.18072
1.839 3.18684
1.842 3.19297
1.845 3.1991
1.848 3.20525
1.851 3.21141
1.854 3.21758
1.857 3.22375
1.86 3.22993
1.863 3.23612
1.866 3.24232
1.869 3.24852
1.872 3.25473
1.875 3.26095
1.878 3.26717
1.881 3.2734
1.884 3.27964
1.887 3.28587
1.89 3.29212
1.893 3.29836
1.896 3.30461
1.899 3.31087
1.902 3.31712
1.905 3.32338
1.908 3.32963
1.911 3.33589
1.914 3.34215
1.917 3.34841
1.92 3.35467
1.923 3.36093
1.926 3.36719
1.929 3.37344
1.932 3.3797
1.935 3.38594
1.938 3.39219
1.941 3.39843
1.944 3.40467
1.947 3.4109
1.95 3.41713
1.953 3.42335
1.956 3.42956
1.959 3.43577
1.962 3.44197
1.965 3.44816
1.968 3.45434
1.971 3.46051
1.974 3.46667
1.977 3.47282
1.98 3.47896
1.983 3.48509
1.986 3.4912
1.989 3.4973
1.992 3.50339
1.995 3.50946
1.998 3.51552
2.001 3.52157
2.004 3.5276
2.007 3.53361
2.01 3.5396
2.013 3.54558
2.016 3.55154
2.019 3.55748
2.022 3.5634
2.025 3.5693
2.028 3.57518
2.031 3.58104
2.034 3.58688
2.037 3.59269
2.04 3.59848
2.043 3.60425
2.046 3.61
2.049 3.61572
2.052 3.62142
2.055 3.62709
2.058 3.63274
2.061 3.63836
2.064 3.64395
2.067 3.64952
2.07 3.65505
2.073 3.66056
2.076 3.66604
2.079 3.67149
2.082 3.67692
2.085 3.68231
2.088 3.68767
2.091 3.693
2.094 3.6983
2.097 3.70357
2.1 3.7088
2.103 3.714
2.106 3.71917
2.109 3.72431
2.112 3.72941
2.115 3.73448
2.118 3.73951
2.121 3.74451
2.124 3.74947
2.127 3.7544
2.13 3.7593
2.133 3.76415
2.136 3.76897
2.139 3.77376
2.142 3.77851
2.145 3.78322
2.148 3.78789
2.151 3.79252
2.154 3.79712
2.157 3.80168
2.16 3.8062
2.163 3.81069
2.166 3.81513
2.169 3.81954
2.172 3.82391
2.175 3.82824
2.178 3.83253
2.181 3.83678
2.184 3.84099
2.187 3.84517
2.19 3.8493
2.193 3.8534
2.196 3.85745
2.199 3.86147
2.202 3.86544
2.205 3.86938
2.208 3.87328
2.211 3.87714
2.214 3.88095
2.217 3.88473
2.22 3.88847
2.223 3.89217
2.226 3.89583
2.229 3.89946
2.232 3.90304
2.235 3.90658
2.238 3.91009
2.241 3.91355
2.244 3.91698
2.247 3.92037
2.25 3.92371
2.253 3.92703
2.256 3.9303
2.259 3.93353
2.262 3.93673
2.265 3.93989
2.268 3.94301
2.271 3.94609
2.274 3.94914
2.277 3.95215
2.28 3.95512
2.283 3.95805
2.286 3.96095
2.289 3.96381
2.292 3.96664
2.295 3.96943
2.298 3.97218
2.301 3.9749
2.304 3.97759
2.307 3.98023
2.31 3.98285
2.313 3.98543
2.316 3.98797
2.319 3.99048
2.322 3.99296
2.325 3.99541
2.328 3.99782
2.331 4.00019
2.334 4.00254
2.337 4.00485
2.34 4.00713
2.343 4.00938
2.346 4.0116
2.349 4.01379
2.352 4.01594
2.355 4.01807
2.358 4.02016
2.361 4.02222
2.364 4.02426
2.367 4.02626
2.37 4.02824
2.373 4.03018
2.376 4.0321
2.379 4.03399
2.382 4.03585
2.385 4.03768
2.388 4.03949
2.391 4.04127
2.394 4.04302
2.397 4.04475
2.4 4.04644
2.403 4.04812
2.406 4.04976
2.409 4.05139
2.412 4.05298
2.415 4.05455
2.418 4.0561
2.421 4.05762
2.424 4.05912
2.427 4.0606
2.43 4.06205
2.433 4.06348
2.436 4.06488
2.439 4.06626
2.442 4.06762
2.445 4.06896
2.448 4.07028
2.451 4.07157
2.454 4.07285
2.457 4.0741
2.46 4.07533
2.463 4.07654
2.466 4.07774
2.469 4.07891
2.472 4.08006
2.475 4.08119
2.478 4.08231
2.481 4.0834
2.484 4.08448
2.487 4.08553
2.49 4.08657
2.493 4.0876
2.496 4.0886
2.499 4.08959
2.502 4.09056
2.505 4.09151
2.508 4.09245
2.511 4.09337
2.514 4.09427
2.517 4.09516
2.52 4.09603
2.523 4.09688
2.526 4.09772
2.529 4.09855
2.532 4.09936
2.535 4.10016
2.538 4.10094
2.541 4.10171
2.544 4.10246
2.547 4.1032
2.55 4.10393
2.553 4.10464
2.556 4.10534
2.559 4.10602
2.562 4.1067
2.565 4.10736
2.568 4.10801
2.571 4.10864
2.574 4.10927
2.577 4.10988
2.58 4.11048
2.583 4.11107
2.586 4.11164
2.589 4.11221
2.592 4.11277
2.595 4.11331
2.598 4.11384
2.601 4.11437
2.604 4.11488
2.607 4.11538
2.61 4.11587
2.613 4.11636
2.616 4.11683
2.619 4.11729
2.622 4.11775
2.625 4.11819
2.628 4.11863
2.631 4.11905
2.634 4.11947
2.637 4.11988
2.64 4.12028
2.643 4.12067
2.646 4.12105
2.649 4.12143
2.652 4.12179
2.655 4.12215
2.658 4.1225
2.661 4.12285
2.664 4.12318
2.667 4.12351
2.67 4.12383
2.673 4.12415
2.676 4.12446
2.679 4.12476
2.682 4.12505
2.685 4.12534
2.688 4.12561
2.691 4.12589
2.694 4.12616
2.697 4.12642
2.7 4.12667
2.703 4.12692
2.706 4.12716
2.709 4.1274
2.712 4.12763
2.715 4.12785
2.718 4.12807
2.721 4.12829
2.724 4.12849
2.727 4.1287
2.73 4.12889
2.733 4.12909
2.736 4.12927
2.739 4.12946
2.742 4.12963
2.745 4.12981
2.748 4.12997
2.751 4.13014
2.754 4.1303
2.757 4.13045
2.76 4.1306
2.763 4.13075
2.766 4.13089
2.769 4.13102
2.772 4.13116
2.775 4.13128
2.778 4.13141
2.781 4.13153
2.784 4.13165
2.787 4.13176
2.79 4.13187
2.793 4.13198
2.796 4.13208
2.799 4.13218
2.802 4.13227
2.805 4.13236
2.808 4.13245
2.811 4.13254
2.814 4.13262
2.817 4.1327
2.82 4.13277
2.823 4.13284
2.826 4.13291
2.829 4.13298
2.832 4.13304
2.835 4.1331
2.838 4.13316
2.841 4.13322
2.844 4.13327
2.847 4.13332
2.85 4.13336
2.853 4.13341
2.856 4.13345
2.859 4.13349
2.862 4.13353
2.865 4.13356
2.868 4.13359
2.871 4.13362
2.874 4.13365
2.877 4.13368
2.88 4.1337
2.883 4.13372
2.886 4.13374
2.889 4.13376
2.892 4.13377
2.895 4.13379
2.898 4.1338
2.901 4.13381
2.904 4.13381
2.907 4.13382
2.91 4.13382
2.913 4.13382
2.916 4.13382
2.919 4.13382
2.922 4.13382
2.925 4.13381
2.928 4.13381
2.931 4.1338
2.934 4.13379
2.937 4.13378
2.94 4.13376
2.943 4.13375
2.946 4.13373
2.949 4.13372
2.952 4.1337
2.955 4.13368
2.958 4.13366
2.961 4.13363
2.964 4.13361
2.967 4.13359
2.97 4.13356
2.973 4.13353
2.976 4.1335
2.979 4.13347
2.982 4.13344
2.985 4.13341
2.988 4.13338
2.991 4.13334
2.994 4.13331
2.997 4.13327
3 4.13324
3.001 0
