0 5
0.003 3.71534
0.006 3.71496
0.009 3.71458
0.012 3.7142
0.015 3.71382
0.018 3.71343
0.021 3.71305
0.024 3.71266
0.027 3.71226
0.03 3.71187
0.033 3.71147
0.036 3.71107
0.039 3.71067
0.042 3.71026
0.045 3.70985
0.048 3.70944
0.051 3.70903
0.054 3.70861
0.057 3.70819
0.06 3.70777
0.063 3.70735
0.066 3.70692
0.069 3.70649
0.072 3.70606
0.075 3.70563
0.078 3.70519
0.081 3.70475
0.084 3.70431
0.087 3.70386
0.09 3.70342
0.093 3.70297
0.096 3.70251
0.099 3.70206
0.102 3.7016
0.105 3.70114
0.108 3.70067
0.111 3.7002
0.114 3.69973
0.117 3.69926
0.12 3.69879
0.123 3.69831
0.126 3.69783
0.129 3.69734
0.132 3.69686
0.135 3.69637
0.138 3.69587
0.141 3.69538
0.144 3.69488
0.147 3.69438
0.15 3.69387
0.153 3.69337
0.156 3.69286
0.159 3.69234
0.162 3.69183
0.165 3.69131
0.168 3.69079
0.171 3.69026
0.174 3.68973
0.177 3.6892
0.18 3.68867
0.183 3.68813
0.186 3.68759
0.189 3.68705
0.192 3.6865
0.195 3.68595
0.198 3.6854
0.201 3.68485
0.204 3.68429
0.207 3.68373
0.21 3.68316
0.213 3.68259
0.216 3.68202
0.219 3.68145
0.222 3.68087
0.225 3.68029
0.228 3.67971
0.231 3.67912
0.234 3.67853
0.237 3.67794
0.24 3.67734
0.243 3.67674
0.246 3.67614
0.249 3.67553
0.252 3.67492
0.255 3.67431
0.258 3.67369
0.261 3.67308
0.264 3.67245
0.267 3.67183
0.27 3.6712
0.273 3.67057
0.276 3.66993
0.279 3.66929
0.282 3.66865
0.285 3.66801
0.288 3.66736
0.291 3.66671
0.294 3.66605
0.297 3.66539
0.3 3.66473
0.303 3.66407
0.306 3.6634
0.309 3.66273
0.312 3.66205
0.315 3.66137
0.318 3.66069
0.321 3.66
0.324 3.65932
0.327 3.65862
0.33 3.65793
0.333 3.65723
0.336 3.65653
0.339 3.65582
0.342 3.65511
0.345 3.6544
0.348 3.65368
0.351 3.65296
0.354 3.65224
0.357 3.65151
0.36 3.65078
0.363 3.65005
0.366 3.64931
0.369 3.64857
0.372 3.64783
0.375 3.64708
0.378 3.64633
0.381 3.64558
0.384 3.64482
0.387 3.64406
0.39 3.64329
0.393 3.64252
0.396 3.64175
0.399 3.64097
0.402 3.6402
0.405 3.63941
0.408 3.63863
0.411 3.63784
0.414 3.63704
0.417 3.63625
0.42 3.63545
0.423 3.63464
0.426 3.63383
0.429 3.63302
0.432 3.63221
0.435 3.63139
0.438 3.63057
0.441 3.62974
0.444 3.62891
0.447 3.62808
0.45 3.62724
0.453 3.6264
0.456 3.62556
0.459 3.62471
0.462 3.62386
0.465 3.623
0.468 3.62214
0.471 3.62128
0.474 3.62042
0.477 3.61955
0.48 3.61867
0.483 3.6178
0.486 3.61692
0.489 3.61603
0.492 3.61514
0.495 3.61425
0.498 3.61336
0.501 3.61246
0.504 3.61155
0.507 3.61065
0.51 3.60974
0.513 3.60882
0.516 3.6079
0.519 3.60698
0.522 3.60606
0.525 3.60513
0.528 3.6042
0.531 3.60326
0.534 3.60232
0.537 3.60137
0.54 3.60043
0.543 3.59947
0.546 3.59852
0.549 3.59756
0.552 3.5966
0.555 3.59563
0.558 3.59466
0.561 3.59368
0.564 3.5927
0.567 3.59172
0.57 3.59074
0.573 3.58975
0.576 3.58875
0.579 3.58775
0.582 3.58675
0.585 3.58575
0.588 3.58474
0.591 3.58373
0.594 3.58271
0.597 3.58169
0.6 3.58066
0.603 3.57964
0.606 3.5786
0.609 3.57757
0.612 3.57653
0.615 3.57548
0.618 3.57444
0.621 3.57338
0.624 3.57233
0.627 3.57127
0.63 3.57021
0.633 3.56914
0.636 3.56807
0.639 3.567
0.642 3.56592
0.645 3.56484
0.648 3.56375
0.651 3.56266
0.654 3.56157
0.657 3.56047
0.66 3.55937
0.663 3.55826
0.666 3.55716
0.669 3.55604
0.672 3.55493
0.675 3.55381
0.678 3.55268
0.681 3.55156
0.684 3.55042
0.687 3.54929
0.69 3.54815
0.693 3.54701
0.696 3.54586
0.699 3.54471
0.702 3.54356
0.705 3.5424
0.708 3.54124
0.711 3.54008
0.714 3.53891
0.717 3.53774
0.72 3.53656
0.723 3.53539
0.726 3.5342
0.729 3.53302
0.732 3.53183
0.735 3.53064
0.738 3.52944
0.741 3.52824
0.744 3.52704
0.747 3.52583
0.75 3.52462
0.753 3.52341
0.756 3.52219
0.759 3.52097
0.762 3.51975
0.765 3.51852
0.768 3.51729
0.771 3.51606
0.774 3.51482
0.777 3.51358
0.78 3.51234
0.783 3.51109
0.786 3.50984
0.789 3.50859
0.792 3.50734
0.795 3.50608
0.798 3.50482
0.801 3.50355
0.804 3.50229
0.807 3.50102
0.81 3.49974
0.813 3.49847
0.816 3.49719
0.819 3.49591
0.822 3.49462
0.825 3.49334
0.828 3.49205
0.831 3.49075
0.834 3.48946
0.837 3.48816
0.84 3.48686
0.843 3.48556
0.846 3.48426
0.849 3.48295
0.852 3.48164
0.855 3.48033
0.858 3.47901
0.861 3.47769
0.864 3.47638
0.867 3.47505
0.87 3.47373
0.873 3.47241
0.876 3.47108
0.879 3.46975
0.882 3.46842
0.885 3.46708
0.888 3.46575
0.891 3.46441
0.894 3.46307
0.897 3.46173
0.9 3.46038
0.903 3.45904
0.906 3.45769
0.909 3.45634
0.912 3.45499
0.915 3.45364
0.918 3.45229
0.921 3.45093
0.924 3.44958
0.927 3.44822
0.93 3.44686
0.933 3.4455
0.936 3.44414
0.939 3.44278
0.942 3.44141
0.945 3.44005
0.948 3.43868
0.951 3.43731
0.954 3.43594
0.957 3.43457
0.96 3.4332
0.963 3.43183
0.966 3.43046
0.969 3.42908
0.972 3.42771
0.975 3.42633
0.978 3.42495
0.981 3.42358
0.984 3.4222
0.987 3.42082
0.99 3.41944
0.993 3.41806
0.996 3.41668
0.999 3.4153
1.002 3.41391
1.005 3.41253
1.008 3.41115
1.011 3.40976
1.014 3.40838
1.017 3.407
1.02 3.40561
1.023 3.40423
1.026 3.40284
1.029 3.40146
1.032 3.40007
1.035 3.39868
1.038 3.3973
1.041 3.39591
1.044 3.39452
1.047 3.39314
1.05 3.39175
1.053 3.39036
1.056 3.38898
1.059 3.38759
1.062 3.3862
1.065 3.38481
1.068 3.38343
1.071 3.38204
1.074 3.38065
1.077 3.37927
1.08 3.37788
1.083 3.37649
1.086 3.37511
1.089 3.37372
1.092 3.37233
1.095 3.37095
1.098 3.36956
1.101 3.36818
1.104 3.36679
1.107 3.36541
1.11 3.36402
1.113 3.36264
1.116 3.36125
1.119 3.35987
1.122 3.35849
1.125 3.3571
1.128 3.35572
1.131 3.35434
1.134 3.35296
1.137 3.35157
1.14 3.35019
1.143 3.34881
1.146 3.34743
1.149 3.34605
1.152 3.34467
1.155 3.34329
1.158 3.34191
1.161 3.34053
1.164 3.33915
1.167 3.33777
1.17 3.3364
1.173 3.33502
1.176 3.33364
1.179 3.33226
1.182 3.33089
1.185 3.32951
1.188 3.32814
1.191 3.32676
1.194 3.32539
1.197 3.32401
1.2 3.32264
1.203 3.32126
1.206 3.31989
1.209 3.31851
1.212 3.31714
1.215 3.31577
1.218 3.3144
1.221 3.31302
1.224 3.31165
1.227 3.31028
1.23 3.30891
1.233 3.30753
1.236 3.30616
1.239 3.30479
1.242 3.30342
1.245 3.30205
1.248 3.30068
1.251 3.29931
1.254 3.29794
1.257 3.29656
1.26 3.29519
1.263 3.29382
1.266 3.29245
1.269 3.29108
1.272 3.28971
1.275 3.28834
1.278 3.28697
1.281 3.2856
1.284 3.28422
1.287 3.28285
1.29 3.28148
1.293 3.28011
1.296 3.27873
1.299 3.27736
1.302 3.27599
1.305 3.27462
1.308 3.27324
1.311 3.27187
1.314 3.27049
1.317 3.26912
1.32 3.26774
1.323 3.26636
1.326 3.26499
1.329 3.26361
1.332 3.26223
1.335 3.26085
1.338 3.25947
1.341 3.25809
1.344 3.25671
1.347 3.25533
1.35 3.25394
1.353 3.25256
1.356 3.25117
1.359 3.24979
1.362 3.2484
1.365 3.24701
1.368 3.24562
1.371 3.24423
1.374 3.24284
1.377 3.24144
1.38 3.24005
1.383 3.23865
1.386 3.23726
1.389 3.23586
1.392 3.23446
1.395 3.23305
1.398 3.23165
1.401 3.23025
1.404 3.22884
1.407 3.22743
1.41 3.22602
1.413 3.22461
1.416 3.22319
1.419 3.22178
1.422 3.22036
1.425 3.21894
1.428 3.21752
1.431 3.21609
1.434 3.21467
1.437 3.21324
1.44 3.21181
1.443 3.21037
1.446 3.20894
1.449 3.2075
1.452 3.20606
1.455 3.20462
1.458 3.20317
1.461 3.20172
1.464 3.20027
1.467 3.19882
1.47 3.19736
1.473 3.1959
1.476 3.19444
1.479 3.19297
1.482 3.1915
1.485 3.19003
1.488 3.18856
1.491 3.18708
1.494 3.1856
1.497 3.18411
1.5 3.18262
1.503 3.18113
1.506 3.17964
1.509 3.17814
1.512 3.17664
1.515 3.17513
1.518 3.17362
1.521 3.17211
1.524 3.17059
1.527 3.16907
1.53 3.16755
1.533 3.16602
1.536 3.16448
1.539 3.16295
1.542 3.1614
1.545 3.15986
1.548 3.15831
1.551 3.15675
1.554 3.1552
1.557 3.15363
1.56 3.15207
1.563 3.15049
1.566 3.14892
1.569 3.14733
1.572 3.14575
1.575 3.14416
1.578 3.14256
1.581 3.14096
1.584 3.13935
1.587 3.13774
1.59 3.13613
1.593 3.13451
1.596 3.13288
1.599 3.13125
1.602 3.12961
1.605 3.12797
1.608 3.12632
1.611 3.12467
1.614 3.12301
1.617 3.12134
1.62 3.11967
1.623 3.118
1.626 3.11632
1.629 3.11463
1.632 3.11294
1.635 3.11124
1.638 3.10954
1.641 3.10783
1.644 3.10611
1.647 3.10439
1.65 3.10266
1.653 3.10093
1.656 3.09919
1.659 3.09744
1.662 3.09569
1.665 3.09393
1.668 3.09216
1.671 3.09039
1.674 3.08861
1.677 3.08683
1.68 3.08504
1.683 3.08324
1.686 3.08144
1.689 3.07963
1.692 3.07781
1.695 3.07599
1.698 3.07416
1.701 3.07232
1.704 3.07048
1.707 3.06863
1.71 3.06678
1.713 3.06491
1.716 3.06304
1.719 3.06117
1.722 3.05929
1.725 3.0574
1.728 3.0555
1.731 3.0536
1.734 3.05169
1.737 3.04977
1.74 3.04785
1.743 3.04592
1.746 3.04398
1.749 3.04204
1.752 3.04009
1.755 3.03814
1.758 3.03617
1.761 3.0342
1.764 3.03223
1.767 3.03024
1.77 3.02826
1.773 3.02626
1.776 3.02426
1.779 3.02225
1.782 3.02023
1.785 3.01821
1.788 3.01618
1.791 3.01415
1.794 3.01211
1.797 3.01006
1.8 3.008
1.803 3.00594
1.806 3.00388
1.809 3.00181
1.812 2.99973
1.815 2.99764
1.818 2.99555
1.821 2.99346
1.824 2.99135
1.827 2.98925
1.83 2.98713
1.833 2.98501
1.836 2.98289
1.839 2.98076
1.842 2.97862
1.845 2.97648
1.848 2.97434
1.851 2.97219
1.854 2.97003
1.857 2.96787
1.86 2.9657
1.863 2.96353
1.866 2.96136
1.869 2.95918
1.872 2.95699
1.875 2.9548
1.878 2.95261
1.881 2.95042
1.884 2.94821
1.887 2.94601
1.89 2.9438
1.893 2.94159
1.896 2.93937
1.899 2.93716
1.902 2.93493
1.905 2.93271
1.908 2.93048
1.911 2.92825
1.914 2.92602
1.917 2.92378
1.92 2.92155
1.923 2.91931
1.926 2.91707
1.929 2.91482
1.932 2.91258
1.935 2.91033
1.938 2.90808
1.941 2.90583
1.944 2.90358
1.947 2.90133
1.95 2.89908
1.953 2.89683
1.956 2.89458
1.959 2.89233
1.962 2.89007
1.965 2.88782
1.968 2.88557
1.971 2.88332
1.974 2.88107
1.977 2.87883
1.98 2.87658
1.983 2.87433
1.986 2.87209
1.989 2.86985
1.992 2.86761
1.995 2.86537
1.998 2.86314
2.001 2.86091
2.004 2.85868
2.007 2.85645
2.01 2.85423
2.013 2.85201
2.016 2.8498
2.019 2.84759
2.022 2.84538
2.025 2.84318
2.028 2.84098
2.031 2.83879
2.034 2.8366
2.037 2.83442
2.04 2.83224
2.043 2.83007
2.046 2.8279
2.049 2.82574
2.052 2.82359
2.055 2.82145
2.058 2.81931
2.061 2.81717
2.064 2.81505
2.067 2.81293
2.07 2.81082
2.073 2.80872
2.076 2.80662
2.079 2.80454
2.082 2.80246
2.085 2.80039
2.088 2.79833
2.091 2.79628
2.094 2.79424
2.097 2.7922
2.1 2.79018
2.103 2.78817
2.106 2.78616
2.109 2.78417
2.112 2.78219
2.115 2.78021
2.118 2.77825
2.121 2.7763
2.124 2.77436
2.127 2.77243
2.13 2.77051
2.133 2.7686
2.136 2.76671
2.139 2.76483
2.142 2.76296
2.145 2.7611
2.148 2.75925
2.151 2.75741
2.154 2.75559
2.157 2.75378
2.16 2.75198
2.163 2.7502
2.166 2.74843
2.169 2.74667
2.172 2.74493
2.175 2.74319
2.178 2.74148
2.181 2.73977
2.184 2.73808
2.187 2.7364
2.19 2.73474
2.193 2.73309
2.196 2.73145
2.199 2.72983
2.202 2.72822
2.205 2.72663
2.208 2.72505
2.211 2.72348
2.214 2.72193
2.217 2.7204
2.22 2.71887
2.223 2.71737
2.226 2.71587
2.229 2.71439
2.232 2.71293
2.235 2.71148
2.238 2.71005
2.241 2.70863
2.244 2.70722
2.247 2.70583
2.25 2.70445
2.253 2.70309
2.256 2.70175
2.259 2.70041
2.262 2.6991
2.265 2.69779
2.268 2.69651
2.271 2.69523
2.274 2.69398
2.277 2.69273
2.28 2.6915
2.283 2.69029
2.286 2.68909
2.289 2.6879
2.292 2.68673
2.295 2.68558
2.298 2.68443
2.301 2.68331
2.304 2.68219
2.307 2.68109
2.31 2.68001
2.313 2.67894
2.316 2.67788
2.319 2.67684
2.322 2.67581
2.325 2.6748
2.328 2.6738
2.331 2.67281
2.334 2.67184
2.337 2.67088
2.34 2.66993
2.343 2.669
2.346 2.66808
2.349 2.66717
2.352 2.66628
2.355 2.6654
2.358 2.66454
2.361 2.66368
2.364 2.66284
2.367 2.66201
2.37 2.6612
2.373 2.6604
2.376 2.65961
2.379 2.65883
2.382 2.65806
2.385 2.65731
2.388 2.65657
2.391 2.65584
2.394 2.65513
2.397 2.65442
2.4 2.65373
2.403 2.65305
2.406 2.65237
2.409 2.65172
2.412 2.65107
2.415 2.65043
2.418 2.64981
2.421 2.64919
2.424 2.64859
2.427 2.648
2.43 2.64741
2.433 2.64684
2.436 2.64628
2.439 2.64573
2.442 2.64519
2.445 2.64466
2.448 2.64414
2.451 2.64362
2.454 2.64312
2.457 2.64263
2.46 2.64215
2.463 2.64168
2.466 2.64121
2.469 2.64076
2.472 2.64031
2.475 2.63988
2.478 2.63945
2.481 2.63903
2.484 2.63862
2.487 2.63822
2.49 2.63783
2.493 2.63744
2.496 2.63707
2.499 2.6367
2.502 2.63634
2.505 2.63599
2.508 2.63564
2.511 2.6353
2.514 2.63497
2.517 2.63465
2.52 2.63434
2.523 2.63403
2.526 2.63373
2.529 2.63344
2.532 2.63315
2.535 2.63287
2.538 2.6326
2.541 2.63234
2.544 2.63208
2.547 2.63182
2.55 2.63158
2.553 2.63134
2.556 2.63111
2.559 2.63088
2.562 2.63066
2.565 2.63044
2.568 2.63023
2.571 2.63003
2.574 2.62983
2.577 2.62964
2.58 2.62945
2.583 2.62927
2.586 2.62909
2.589 2.62892
2.592 2.62876
2.595 2.6286
2.598 2.62844
2.601 2.62829
2.604 2.62814
2.607 2.628
2.61 2.62787
2.613 2.62773
2.616 2.62761
2.619 2.62748
2.622 2.62737
2.625 2.62725
2.628 2.62714
2.631 2.62704
2.634 2.62693
2.637 2.62684
2.64 2.62674
2.643 2.62665
2.646 2.62657
2.649 2.62649
2.652 2.62641
2.655 2.62633
2.658 2.62626
2.661 2.62619
2.664 2.62613
2.667 2.62607
2.67 2.62601
2.673 2.62596
2.676 2.62591
2.679 2.62586
2.682 2.62581
2.685 2.62577
2.688 2.62573
2.691 2.6257
2.694 2.62566
2.697 2.62563
2.7 2.62561
2.703 2.62558
2.706 2.62556
2.709 2.62554
2.712 2.62552
2.715 2.62551
2.718 2.6255
2.721 2.62549
2.724 2.62548
2.727 2.62548
2.73 2.62547
2.733 2.62547
2.736 2.62548
2.739 2.62548
2.742 2.62549
2.745 2.6255
2.748 2.62551
2.751 2.62552
2.754 2.62553
2.757 2.62555
2.76 2.62557
2.763 2.62559
2.766 2.62561
2.769 2.62563
2.772 2.62566
2.775 2.62568
2.778 2.62571
2.781 2.62574
2.784 2.62577
2.787 2.62581
2.79 2.62584
2.793 2.62588
2.796 2.62592
2.799 2.62595
2.802 2.62599
2.805 2.62604
2.808 2.62608
2.811 2.62612
2.814 2.62617
2.817 2.62622
2.82 2.62626
2.823 2.62631
2.826 2.62636
2.829 2.62642
2.832 2.62647
2.835 2.62652
2.838 2.62658
2.841 2.62663
2.844 2.62669
2.847 2.62675
2.85 2.62681
2.853 2.62687
2.856 2.62693
2.859 2.62699
2.862 2.62705
2.865 2.62711
2.868 2.62718
2.871 2.62724
2.874 2.62731
2.877 2.62737
2.88 2.62744
2.883 2.62751
2.886 2.62758
2.889 2.62764
2.892 2.62771
2.895 2.62778
2.898 2.62786
2.901 2.62793
2.904 2.628
2.907 2.62807
2.91 2.62814
2.913 2.62822
2.916 2.62829
2.919 2.62837
2.922 2.62844
2.925 2.62852
2.928 2.6286
2.931 2.62867
2.934 2.62875
2.937 2.62883
2.94 2.6289
2.943 2.62898
2.946 2.62906
2.949 2.62914
2.952 2.62922
2.955 2.6293
2.958 2.62938
2.961 2.62946
2.964 2.62954
2.967 2.62962
2.97 2.6297
2.973 2.62978
2.976 2.62987
2.979 2.62995
2.982 2.63003
2.985 2.63011
2.988 2.6302
2.991 2.63028
2.994 2.63036
2.997 2.63045
3 2.63053
3.001 5
