0 -10
0.003 -6.26627
0.006 -6.26299
0.009 -6.25968
0.012 -6.25636
0.015 -6.25301
0.018 -6.24963
0.021 -6.24624
0.024 -6.24282
0.027 -6.23938
0.03 -6.23591
0.033 -6.23242
0.036 -6.22891
0.039 -6.22538
0.042 -6.22182
0.045 -6.21824
0.048 -6.21463
0.051 -6.211
0.054 -6.20735
0.057 -6.20367
0.06 -6.19997
0.063 -6.19624
0.066 -6.19249
0.069 -6.18872
0.072 -6.18492
0.075 -6.18109
0.078 -6.17724
0.081 -6.17337
0.084 -6.16947
0.087 -6.16554
0.09 -6.16159
0.093 -6.15762
0.096 -6.15361
0.099 -6.14959
0.102 -6.14553
0.105 -6.14145
0.108 -6.13735
0.111 -6.13322
0.114 -6.12906
0.117 -6.12488
0.12 -6.12066
0.123 -6.11643
0.126 -6.11216
0.129 -6.10787
0.132 -6.10356
0.135 -6.09921
0.138 -6.09484
0.141 -6.09044
0.144 -6.08602
0.147 -6.08157
0.15 -6.07709
0.153 -6.07258
0.156 -6.06805
0.159 -6.06348
0.162 -6.05889
0.165 -6.05428
0.168 -6.04963
0.171 -6.04496
0.174 -6.04025
0.177 -6.03552
0.18 -6.03077
0.183 -6.02598
0.186 -6.02117
0.189 -6.01632
0.192 -6.01145
0.195 -6.00655
0.198 -6.00162
0.201 -5.99667
0.204 -5.99168
0.207 -5.98667
0.21 -5.98163
0.213 -5.97655
0.216 -5.97145
0.219 -5.96632
0.222 -5.96117
0.225 -5.95598
0.228 -5.95076
0.231 -5.94552
0.234 -5.94024
0.237 -5.93494
0.24 -5.92961
0.243 -5.92425
0.246 -5.91885
0.249 -5.91343
0.252 -5.90799
0.255 -5.90251
0.258 -5.897
0.261 -5.89146
0.264 -5.8859
0.267 -5.8803
0.27 -5.87468
0.273 -5.86903
0.276 -5.86334
0.279 -5.85763
0.282 -5.85189
0.285 -5.84612
0.288 -5.84032
0.291 -5.8345
0.294 -5.82864
0.297 -5.82275
0.3 -5.81684
0.303 -5.8109
0.306 -5.80493
0.309 -5.79893
0.312 -5.7929
0.315 -5.78684
0.318 -5.78075
0.321 -5.77464
0.324 -5.7685
0.327 -5.76233
0.33 -5.75613
0.333 -5.7499
0.336 -5.74365
0.339 -5.73736
0.342 -5.73105
0.345 -5.72471
0.348 -5.71835
0.351 -5.71196
0.354 -5.70554
0.357 -5.69909
0.36 -5.69262
0.363 -5.68612
0.366 -5.67959
0.369 -5.67303
0.372 -5.66645
0.375 -5.65985
0.378 -5.65321
0.381 -5.64656
0.384 -5.63987
0.387 -5.63316
0.39 -5.62643
0.393 -5.61967
0.396 -5.61289
0.399 -5.60608
0.402 -5.59924
0.405 -5.59239
0.408 -5.5855
0.411 -5.5786
0.414 -5.57167
0.417 -5.56472
0.42 -5.55774
0.423 -5.55074
0.426 -5.54372
0.429 -5.53668
0.432 -5.52962
0.435 -5.52253
0.438 -5.51542
0.441 -5.50829
0.444 -5.50114
0.447 -5.49397
0.45 -5.48678
0.453 -5.47957
0.456 -5.47234
0.459 -5.46509
0.462 -5.45782
0.465 -5.45053
0.468 -5.44323
0.471 -5.4359
0.474 -5.42856
0.477 -5.4212
0.48 -5.41383
0.483 -5.40643
0.486 -5.39903
0.489 -5.3916
0.492 -5.38416
0.495 -5.3767
0.498 -5.36923
0.501 -5.36175
0.504 -5.35425
0.507 -5.34674
0.51 -5.33921
0.513 -5.33167
0.516 -5.32412
0.519 -5.31656
0.522 -5.30898
0.525 -5.30139
0.528 -5.2938
0.531 -5.28619
0.534 -5.27857
0.537 -5.27094
0.54 -5.26331
0.543 -5.25566
0.546 -5.24801
0.549 -5.24035
0.552 -5.23268
0.555 -5.225
0.558 -5.21732
0.561 -5.20963
0.564 -5.20193
0.567 -5.19424
0.57 -5.18653
0.573 -5.17882
0.576 -5.17111
0.579 -5.16339
0.582 -5.15568
0.585 -5.14795
0.588 -5.14023
0.591 -5.13251
0.594 -5.12478
0.597 -5.11705
0.6 -5.10933
0.603 -5.1016
0.606 -5.09387
0.609 -5.08615
0.612 -5.07843
0.615 -5.07071
0.618 -5.06299
0.621 -5.05527
0.624 -5.04756
0.627 -5.03985
0.63 -5.03215
0.633 -5.02445
0.636 -5.01676
0.639 -5.00907
0.642 -5.00139
0.645 -4.99372
0.648 -4.98605
0.651 -4.97839
0.654 -4.97074
0.657 -4.96309
0.66 -4.95546
0.663 -4.94783
0.666 -4.94022
0.669 -4.93261
0.672 -4.92502
0.675 -4.91744
0.678 -4.90986
0.681 -4.9023
0.684 -4.89476
0.687 -4.88722
0.69 -4.8797
0.693 -4.87219
0.696 -4.8647
0.699 -4.85722
0.702 -4.84975
0.705 -4.8423
0.708 -4.83487
0.711 -4.82745
0.714 -4.82004
0.717 -4.81266
0.72 -4.80529
0.723 -4.79794
0.726 -4.7906
0.729 -4.78329
0.732 -4.77599
0.735 -4.76871
0.738 -4.76145
0.741 -4.75421
0.744 -4.74699
0.747 -4.73978
0.75 -4.7326
0.753 -4.72544
0.756 -4.7183
0.759 -4.71118
0.762 -4.70409
0.765 -4.69701
0.768 -4.68996
0.771 -4.68293
0.774 -4.67592
0.777 -4.66893
0.78 -4.66197
0.783 -4.65503
0.786 -4.64811
0.789 -4.64122
0.792 -4.63435
0.795 -4.62751
0.798 -4.62069
0.801 -4.6139
0.804 -4.60713
0.807 -4.60038
0.81 -4.59366
0.813 -4.58697
0.816 -4.5803
0.819 -4.57365
0.822 -4.56704
0.825 -4.56045
0.828 -4.55388
0.831 -4.54734
0.834 -4.54083
0.837 -4.53435
0.84 -4.52789
0.843 -4.52146
0.846 -4.51505
0.849 -4.50867
0.852 -4.50232
0.855 -4.496
0.858 -4.48971
0.861 -4.48344
0.864 -4.4772
0.867 -4.47099
0.87 -4.4648
0.873 -4.45864
0.876 -4.45252
0.879 -4.44641
0.882 -4.44034
0.885 -4.4343
0.888 -4.42828
0.891 -4.42229
0.894 -4.41633
0.897 -4.4104
0.9 -4.40449
0.903 -4.39862
0.906 -4.39277
0.909 -4.38695
0.912 -4.38116
0.915 -4.3754
0.918 -4.36966
0.921 -4.36396
0.924 -4.35828
0.927 -4.35263
0.93 -4.34701
0.933 -4.34141
0.936 -4.33585
0.939 -4.33031
0.942 -4.3248
0.945 -4.31932
0.948 -4.31386
0.951 -4.30844
0.954 -4.30304
0.957 -4.29767
0.96 -4.29233
0.963 -4.28701
0.966 -4.28173
0.969 -4.27647
0.972 -4.27123
0.975 -4.26603
0.978 -4.26085
0.981 -4.2557
0.984 -4.25058
0.987 -4.24548
0.99 -4.24041
0.993 -4.23537
0.996 -4.23035
0.999 -4.22537
1.002 -4.2204
1.005 -4.21547
1.008 -4.21056
1.011 -4.20567
1.014 -4.20081
1.017 -4.19598
1.02 -4.19118
1.023 -4.1864
1.026 -4.18164
1.029 -4.17691
1.032 -4.17221
1.035 -4.16753
1.038 -4.16288
1.041 -4.15825
1.044 -4.15365
1.047 -4.14907
1.05 -4.14451
1.053 -4.13998
1.056 -4.13548
1.059 -4.131
1.062 -4.12654
1.065 -4.12211
1.068 -4.1177
1.071 -4.11331
1.074 -4.10895
1.077 -4.10461
1.08 -4.10029
1.083 -4.096
1.086 -4.09173
1.089 -4.08748
1.092 -4.08325
1.095 -4.07905
1.098 -4.07487
1.101 -4.07071
1.104 -4.06658
1.107 -4.06246
1.11 -4.05837
1.113 -4.0543
1.116 -4.05025
1.119 -4.04622
1.122 -4.04221
1.125 -4.03822
1.128 -4.03425
1.131 -4.03031
1.134 -4.02638
1.137 -4.02248
1.14 -4.01859
1.143 -4.01473
1.146 -4.01088
1.149 -4.00705
1.152 -4.00325
1.155 -3.99946
1.158 -3.99569
1.161 -3.99194
1.164 -3.98821
1.167 -3.9845
1.17 -3.9808
1.173 -3.97713
1.176 -3.97347
1.179 -3.96983
1.182 -3.96621
1.185 -3.9626
1.188 -3.95902
1.191 -3.95545
1.194 -3.9519
1.197 -3.94836
1.2 -3.94484
1.203 -3.94134
1.206 -3.93786
1.209 -3.93439
1.212 -3.93094
1.215 -3.9275
1.218 -3.92408
1.221 -3.92067
1.224 -3.91728
1.227 -3.91391
1.23 -3.91055
1.233 -3.90721
1.236 -3.90388
1.239 -3.90057
1.242 -3.89727
1.245 -3.89398
1.248 -3.89071
1.251 -3.88746
1.254 -3.88422
1.257 -3.88099
1.26 -3.87777
1.263 -3.87457
1.266 -3.87139
1.269 -3.86821
1.272 -3.86505
1.275 -3.8619
1.278 -3.85877
1.281 -3.85565
1.284 -3.85254
1.287 -3.84944
1.29 -3.84635
1.293 -3.84328
1.296 -3.84022
1.299 -3.83717
1.302 -3.83413
1.305 -3.8311
1.308 -3.82809
1.311 -3.82509
1.314 -3.82209
1.317 -3.81911
1.32 -3.81614
1.323 -3.81318
1.326 -3.81023
1.329 -3.80729
1.332 -3.80436
1.335 -3.80144
1.338 -3.79853
1.341 -3.79564
1.344 -3.79275
1.347 -3.78987
1.35 -3.787
1.353 -3.78413
1.356 -3.78128
1.359 -3.77844
1.362 -3.7756
1.365 -3.77278
1.368 -3.76996
1.371 -3.76715
1.374 -3.76435
1.377 -3.76156
1.38 -3.75878
1.383 -3.756
1.386 -3.75324
1.389 -3.75048
1.392 -3.74772
1.395 -3.74498
1.398 -3.74224
1.401 -3.73951
1.404 -3.73679
1.407 -3.73407
1.41 -3.73136
1.413 -3.72866
1.416 -3.72596
1.419 -3.72328
1.422 -3.72059
1.425 -3.71792
1.428 -3.71525
1.431 -3.71258
1.434 -3.70992
1.437 -3.70727
1.44 -3.70462
1.443 -3.70198
1.446 -3.69935
1.449 -3.69672
1.452 -3.69409
1.455 -3.69147
1.458 -3.68886
1.461 -3.68625
1.464 -3.68364
1.467 -3.68104
1.47 -3.67845
1.473 -3.67585
1.476 -3.67327
1.479 -3.67069
1.482 -3.66811
1.485 -3.66553
1.488 -3.66296
1.491 -3.6604
1.494 -3.65784
1.497 -3.65528
1.5 -3.65272
1.503 -3.65017
1.506 -3.64763
1.509 -3.64508
1.512 -3.64254
1.515 -3.64
1.518 -3.63747
1.521 -3.63494
1.524 -3.63241
1.527 -3.62989
1.53 -3.62736
1.533 -3.62484
1.536 -3.62233
1.539 -3.61981
1.542 -3.6173
1.545 -3.61479
1.548 -3.61228
1.551 -3.60978
1.554 -3.60728
1.557 -3.60477
1.56 -3.60228
1.563 -3.59978
1.566 -3.59728
1.569 -3.59479
1.572 -3.5923
1.575 -3.58981
1.578 -3.58732
1.581 -3.58484
1.584 -3.58235
1.587 -3.57987
1.59 -3.57739
1.593 -3.57491
1.596 -3.57243
1.599 -3.56995
1.602 -3.56747
1.605 -3.565
1.608 -3.56252
1.611 -3.56005
1.614 -3.55758
1.617 -3.55511
1.62 -3.55264
1.623 -3.55017
1.626 -3.5477
1.629 -3.54523
1.632 -3.54276
1.635 -3.5403
1.638 -3.53783
1.641 -3.53537
1.644 -3.5329
1.647 -3.53044
1.65 -3.52797
1.653 -3.52551
1.656 -3.52305
1.659 -3.52059
1.662 -3.51813
1.665 -3.51567
1.668 -3.51321
1.671 -3.51075
1.674 -3.50829
1.677 -3.50583
1.68 -3.50337
1.683 -3.50091
1.686 -3.49845
1.689 -3.496
1.692 -3.49354
1.695 -3.49108
1.698 -3.48863
1.701 -3.48617
1.704 -3.48371
1.707 -3.48126
1.71 -3.47881
1.713 -3.47635
1.716 -3.4739
1.719 -3.47144
1.722 -3.46899
1.725 -3.46654
1.728 -3.46409
1.731 -3.46164
1.734 -3.45918
1.737 -3.45673
1.74 -3.45429
1.743 -3.45184
1.746 -3.44939
1.749 -3.44694
1.752 -3.44449
1.755 -3.44205
1.758 -3.4396
1.761 -3.43716
1.764 -3.43471
1.767 -3.43227
1.77 -3.42983
1.773 -3.42739
1.776 -3.42495
1.779 -3.42251
1.782 -3.42008
1.785 -3.41764
1.788 -3.41521
1.791 -3.41277
1.794 -3.41034
1.797 -3.40791
1.8 -3.40549
1.803 -3.40306
1.806 -3.40064
1.809 -3.39821
1.812 -3.39579
1.815 -3.39337
1.818 -3.39096
1.821 -3.38854
1.824 -3.38613
1.827 -3.38372
1.83 -3.38132
1.833 -3.37891
1.836 -3.37651
1.839 -3.37411
1.842 -3.37171
1.845 -3.36932
1.848 -3.36693
1.851 -3.36455
1.854 -3.36216
1.857 -3.35978
1.86 -3.35741
1.863 -3.35503
1.866 -3.35267
1.869 -3.3503
1.872 -3.34794
1.875 -3.34558
1.878 -3.34323
1.881 -3.34088
1.884 -3.33854
1.887 -3.3362
1.89 -3.33387
1.893 -3.33154
1.896 -3.32922
1.899 -3.3269
1.902 -3.32459
1.905 -3.32228
1.908 -3.31998
1.911 -3.31769
1.914 -3.3154
1.917 -3.31311
1.92 -3.31084
1.923 -3.30857
1.926 -3.30631
1.929 -3.30405
1.932 -3.3018
1.935 -3.29956
1.938 -3.29733
1.941 -3.2951
1.944 -3.29288
1.947 -3.29067
1.95 -3.28847
1.953 -3.28627
1.956 -3.28409
1.959 -3.28191
1.962 -3.27974
1.965 -3.27758
1.968 -3.27543
1.971 -3.27329
1.974 -3.27116
1.977 -3.26904
1.98 -3.26693
1.983 -3.26483
1.986 -3.26274
1.989 -3.26066
1.992 -3.25859
1.995 -3.25653
1.998 -3.25448
2.001 -3.25244
2.004 -3.25042
2.007 -3.24841
2.01 -3.24641
2.013 -3.24442
2.016 -3.24244
2.019 -3.24048
2.022 -3.23853
2.025 -3.23659
2.028 -3.23467
2.031 -3.23276
2.034 -3.23086
2.037 -3.22897
2.04 -3.2271
2.043 -3.22525
2.046 -3.22341
2.049 -3.22158
2.052 -3.21977
2.055 -3.21797
2.058 -3.21619
2.061 -3.21442
2.064 -3.21267
2.067 -3.21093
2.07 -3.20921
2.073 -3.20751
2.076 -3.20582
2.079 -3.20415
2.082 -3.20249
2.085 -3.20085
2.088 -3.19923
2.091 -3.19763
2.094 -3.19604
2.097 -3.19447
2.1 -3.19292
2.103 -3.19138
2.106 -3.18987
2.109 -3.18837
2.112 -3.18689
2.115 -3.18542
2.118 -3.18398
2.121 -3.18255
2.124 -3.18115
2.127 -3.17976
2.13 -3.17839
2.133 -3.17704
2.136 -3.17571
2.139 -3.1744
2.142 -3.1731
2.145 -3.17183
2.148 -3.17058
2.151 -3.16934
2.154 -3.16813
2.157 -3.16694
2.16 -3.16576
2.163 -3.16461
2.166 -3.16348
2.169 -3.16236
2.172 -3.16127
2.175 -3.1602
2.178 -3.15914
2.181 -3.15811
2.184 -3.1571
2.187 -3.15611
2.19 -3.15514
2.193 -3.15419
2.196 -3.15326
2.199 -3.15235
2.202 -3.15146
2.205 -3.15059
2.208 -3.14975
2.211 -3.14892
2.214 -3.14812
2.217 -3.14733
2.22 -3.14657
2.223 -3.14582
2.226 -3.1451
2.229 -3.1444
2.232 -3.14372
2.235 -3.14306
2.238 -3.14241
2.241 -3.14179
2.244 -3.14119
2.247 -3.14062
2.25 -3.14006
2.253 -3.13952
2.256 -3.139
2.259 -3.1385
2.262 -3.13802
2.265 -3.13756
2.268 -3.13712
2.271 -3.1367
2.274 -3.1363
2.277 -3.13592
2.28 -3.13556
2.283 -3.13522
2.286 -3.1349
2.289 -3.1346
2.292 -3.13431
2.295 -3.13405
2.298 -3.1338
2.301 -3.13358
2.304 -3.13337
2.307 -3.13318
2.31 -3.133
2.313 -3.13285
2.316 -3.13271
2.319 -3.1326
2.322 -3.13249
2.325 -3.13241
2.328 -3.13235
2.331 -3.1323
2.334 -3.13227
2.337 -3.13225
2.34 -3.13225
2.343 -3.13227
2.346 -3.13231
2.349 -3.13236
2.352 -3.13242
2.355 -3.13251
2.358 -3.13261
2.361 -3.13272
2.364 -3.13285
2.367 -3.133
2.37 -3.13316
2.373 -3.13333
2.376 -3.13352
2.379 -3.13372
2.382 -3.13394
2.385 -3.13417
2.388 -3.13442
2.391 -3.13468
2.394 -3.13495
2.397 -3.13524
2.4 -3.13554
2.403 -3.13585
2.406 -3.13618
2.409 -3.13652
2.412 -3.13687
2.415 -3.13723
2.418 -3.13761
2.421 -3.13799
2.424 -3.13839
2.427 -3.1388
2.43 -3.13922
2.433 -3.13965
2.436 -3.1401
2.439 -3.14055
2.442 -3.14102
2.445 -3.14149
2.448 -3.14198
2.451 -3.14247
2.454 -3.14297
2.457 -3.14349
2.46 -3.14401
2.463 -3.14455
2.466 -3.14509
2.469 -3.14564
2.472 -3.1462
2.475 -3.14677
2.478 -3.14734
2.481 -3.14793
2.484 -3.14852
2.487 -3.14912
2.49 -3.14973
2.493 -3.15035
2.496 -3.15097
2.499 -3.1516
2.502 -3.15224
2.505 -3.15288
2.508 -3.15353
2.511 -3.15419
2.514 -3.15486
2.517 -3.15553
2.52 -3.1562
2.523 -3.15688
2.526 -3.15757
2.529 -3.15827
2.532 -3.15896
2.535 -3.15967
2.538 -3.16038
2.541 -3.16109
2.544 -3.16181
2.547 -3.16254
2.55 -3.16326
2.553 -3.164
2.556 -3.16474
2.559 -3.16548
2.562 -3.16622
2.565 -3.16697
2.568 -3.16773
2.571 -3.16848
2.574 -3.16924
2.577 -3.17001
2.58 -3.17077
2.583 -3.17155
2.586 -3.17232
2.589 -3.1731
2.592 -3.17387
2.595 -3.17466
2.598 -3.17544
2.601 -3.17623
2.604 -3.17702
2.607 -3.17781
2.61 -3.1786
2.613 -3.1794
2.616 -3.1802
2.619 -3.181
2.622 -3.1818
2.625 -3.1826
2.628 -3.18341
2.631 -3.18421
2.634 -3.18502
2.637 -3.18583
2.64 -3.18664
2.643 -3.18745
2.646 -3.18826
2.649 -3.18908
2.652 -3.18989
2.655 -3.1907
2.658 -3.19152
2.661 -3.19234
2.664 -3.19315
2.667 -3.19397
2.67 -3.19479
2.673 -3.1956
2.676 -3.19642
2.679 -3.19724
2.682 -3.19806
2.685 -3.19888
2.688 -3.19969
2.691 -3.20051
2.694 -3.20133
2.697 -3.20215
2.7 -3.20296
2.703 -3.20378
2.706 -3.2046
2.709 -3.20541
2.712 -3.20623
2.715 -3.20704
2.718 -3.20786
2.721 -3.20867
2.724 -3.20948
2.727 -3.2103
2.73 -3.21111
2.733 -3.21192
2.736 -3.21273
2.739 -3.21353
2.742 -3.21434
2.745 -3.21515
2.748 -3.21595
2.751 -3.21676
2.754 -3.21756
2.757 -3.21836
2.76 -3.21916
2.763 -3.21996
2.766 -3.22076
2.769 -3.22155
2.772 -3.22235
2.775 -3.22314
2.778 -3.22393
2.781 -3.22472
2.784 -3.22551
2.787 -3.22629
2.79 -3.22708
2.793 -3.22786
2.796 -3.22864
2.799 -3.22942
2.802 -3.2302
2.805 -3.23098
2.808 -3.23175
2.811 -3.23253
2.814 -3.2333
2.817 -3.23407
2.82 -3.23483
2.823 -3.2356
2.826 -3.23636
2.829 -3.23712
2.832 -3.23788
2.835 -3.23864
2.838 -3.23939
2.841 -3.24015
2.844 -3.2409
2.847 -3.24165
2.85 -3.24239
2.853 -3.24314
2.856 -3.24388
2.859 -3.24462
2.862 -3.24536
2.865 -3.24609
2.868 -3.24683
2.871 -3.24756
2.874 -3.24829
2.877 -3.24902
2.88 -3.24974
2.883 -3.25046
2.886 -3.25118
2.889 -3.2519
2.892 -3.25262
2.895 -3.25333
2.898 -3.25404
2.901 -3.25475
2.904 -3.25546
2.907 -3.25616
2.91 -3.25686
2.913 -3.25756
2.916 -3.25826
2.919 -3.25896
2.922 -3.25965
2.925 -3.26034
2.928 -3.26103
2.931 -3.26171
2.934 -3.26239
2.937 -3.26308
2.94 -3.26375
2.943 -3.26443
2.946 -3.2651
2.949 -3.26577
2.952 -3.26644
2.955 -3.26711
2.958 -3.26777
2.961 -3.26843
2.964 -3.26909
2.967 -3.26975
2.97 -3.2704
2.973 -3.27106
2.976 -3.2717
2.979 -3.27235
2.982 -3.273
2.985 -3.27364
2.988 -3.27428
2.991 -3.27492
2.994 -3.27555
2.997 -3.27618
3 -3.27681
3.001 -10
