0 0
0.003 0.193766
0.006 0.194522
0.009 0.195283
0.012 0.196049
0.015 0.19682
0.018 0.197596
0.021 0.198378
0.024 0.199165
0.027 0.199957
0.03 0.200754
0.033 0.201557
0.036 0.202365
0.039 0.203178
0.042 0.203997
0.045 0.204822
0.048 0.205651
0.051 0.206486
0.054 0.207327
0.057 0.208173
0.06 0.209025
0.063 0.209882
0.066 0.210745
0.069 0.211614
0.072 0.212489
0.075 0.213369
0.078 0.214254
0.081 0.215146
0.084 0.216043
0.087 0.216947
0.09 0.217856
0.093 0.218771
0.096 0.219692
0.099 0.220619
0.102 0.221552
0.105 0.22249
0.108 0.223435
0.111 0.224386
0.114 0.225344
0.117 0.226307
0.12 0.227276
0.123 0.228252
0.126 0.229234
0.129 0.230222
0.132 0.231216
0.135 0.232217
0.138 0.233224
0.141 0.234238
0.144 0.235258
0.147 0.236284
0.15 0.237317
0.153 0.238356
0.156 0.239402
0.159 0.240455
0.162 0.241514
0.165 0.24258
0.168 0.243652
0.171 0.244731
0.174 0.245817
0.177 0.24691
0.18 0.248009
0.183 0.249116
0.186 0.250229
0.189 0.251349
0.192 0.252476
0.195 0.25361
0.198 0.254751
0.201 0.255899
0.204 0.257054
0.207 0.258216
0.21 0.259385
0.213 0.260561
0.216 0.261745
0.219 0.262936
0.222 0.264134
0.225 0.265339
0.228 0.266552
0.231 0.267772
0.234 0.268999
0.237 0.270234
0.24 0.271477
0.243 0.272726
0.246 0.273984
0.249 0.275248
0.252 0.276521
0.255 0.277801
0.258 0.279089
0.261 0.280384
0.264 0.281687
0.267 0.282998
0.27 0.284316
0.273 0.285643
0.276 0.286977
0.279 0.288319
0.282 0.289669
0.285 0.291027
0.288 0.292393
0.291 0.293767
0.294 0.295149
0.297 0.296539
0.3 0.297937
0.303 0.299344
0.306 0.300758
0.309 0.302181
0.312 0.303612
0.315 0.305051
0.318 0.306498
0.321 0.307954
0.324 0.309418
0.327 0.310891
0.33 0.312372
0.333 0.313861
0.336 0.315359
0.339 0.316865
0.342 0.31838
0.345 0.319903
0.348 0.321436
0.351 0.322976
0.354 0.324526
0.357 0.326084
0.36 0.32765
0.363 0.329226
0.366 0.33081
0.369 0.332404
0.372 0.334006
0.375 0.335616
0.378 0.337236
0.381 0.338865
0.384 0.340502
0.387 0.342149
0.39 0.343805
0.393 0.34547
0.396 0.347143
0.399 0.348826
0.402 0.350518
0.405 0.352219
0.408 0.35393
0.411 0.355649
0.414 0.357378
0.417 0.359116
0.42 0.360864
0.423 0.36262
0.426 0.364386
0.429 0.366162
0.432 0.367946
0.435 0.369741
0.438 0.371544
0.441 0.373357
0.444 0.37518
0.447 0.377012
0.45 0.378854
0.453 0.380705
0.456 0.382566
0.459 0.384436
0.462 0.386316
0.465 0.388206
0.468 0.390105
0.471 0.392015
0.474 0.393933
0.477 0.395862
0.48 0.3978
0.483 0.399748
0.486 0.401706
0.489 0.403674
0.492 0.405651
0.495 0.407638
0.498 0.409636
0.501 0.411643
0.504 0.41366
0.507 0.415687
0.51 0.417724
0.513 0.41977
0.516 0.421827
0.519 0.423894
0.522 0.425971
0.525 0.428057
0.528 0.430154
0.531 0.432261
0.534 0.434378
0.537 0.436505
0.54 0.438641
0.543 0.440788
0.546 0.442946
0.549 0.445113
0.552 0.44729
0.555 0.449478
0.558 0.451675
0.561 0.453883
0.564 0.456101
0.567 0.458328
0.57 0.460567
0.573 0.462815
0.576 0.465073
0.579 0.467342
0.582 0.46962
0.585 0.471909
0.588 0.474208
0.591 0.476518
0.594 0.478837
0.597 0.481166
0.6 0.483506
0.603 0.485856
0.606 0.488216
0.609 0.490586
0.612 0.492967
0.615 0.495357
0.618 0.497758
0.621 0.500168
0.624 0.502589
0.627 0.50502
0.63 0.507461
0.633 0.509913
0.636 0.512374
0.639 0.514846
0.642 0.517327
0.645 0.519819
0.648 0.52232
0.651 0.524832
0.654 0.527354
0.657 0.529885
0.66 0.532427
0.663 0.534979
0.666 0.53754
0.669 0.540112
0.672 0.542694
0.675 0.545285
0.678 0.547886
0.681 0.550498
0.684 0.553119
0.687 0.55575
0.69 0.55839
0.693 0.561041
0.696 0.563701
0.699 0.566371
0.702 0.569051
0.705 0.57174
0.708 0.574439
0.711 0.577148
0.714 0.579866
0.717 0.582594
0.72 0.585331
0.723 0.588078
0.726 0.590834
0.729 0.5936
0.732 0.596375
0.735 0.59916
0.738 0.601954
0.741 0.604757
0.744 0.607569
0.747 0.610391
0.75 0.613222
0.753 0.616062
0.756 0.618911
0.759 0.621769
0.762 0.624637
0.765 0.627513
0.768 0.630398
0.771 0.633292
0.774 0.636195
0.777 0.639107
0.78 0.642028
0.783 0.644957
0.786 0.647895
0.789 0.650842
0.792 0.653797
0.795 0.656761
0.798 0.659733
0.801 0.662714
0.804 0.665703
0.807 0.668701
0.81 0.671706
0.813 0.674721
0.816 0.677743
0.819 0.680773
0.822 0.683812
0.825 0.686859
0.828 0.689913
0.831 0.692976
0.834 0.696046
0.837 0.699124
0.84 0.702211
0.843 0.705304
0.846 0.708406
0.849 0.711515
0.852 0.714632
0.855 0.717756
0.858 0.720887
0.861 0.724026
0.864 0.727173
0.867 0.730326
0.87 0.733487
0.873 0.736655
0.876 0.739831
0.879 0.743013
0.882 0.746202
0.885 0.749398
0.888 0.752601
0.891 0.755811
0.894 0.759028
0.897 0.762251
0.9 0.765481
0.903 0.768718
0.906 0.771961
0.909 0.775211
0.912 0.778467
0.915 0.781729
0.918 0.784998
0.921 0.788273
0.924 0.791554
0.927 0.794841
0.93 0.798135
0.933 0.801434
0.936 0.80474
0.939 0.808051
0.942 0.811368
0.945 0.814691
0.948 0.81802
0.951 0.821354
0.954 0.824694
0.957 0.82804
0.96 0.831391
0.963 0.834748
0.966 0.83811
0.969 0.841477
0.972 0.84485
0.975 0.848228
0.978 0.851611
0.981 0.854999
0.984 0.858393
0.987 0.861792
0.99 0.865195
0.993 0.868604
0.996 0.872017
0.999 0.875436
1.002 0.878859
1.005 0.882287
1.008 0.88572
1.011 0.889157
1.014 0.892599
1.017 0.896046
1.02 0.899497
1.023 0.902953
1.026 0.906413
1.029 0.909878
1.032 0.913347
1.035 0.916821
1.038 0.920299
1.041 0.923781
1.044 0.927267
1.047 0.930758
1.05 0.934253
1.053 0.937752
1.056 0.941255
1.059 0.944762
1.062 0.948273
1.065 0.951789
1.068 0.955308
1.071 0.958832
1.074 0.962359
1.077 0.96589
1.08 0.969425
1.083 0.972964
1.086 0.976507
1.089 0.980054
1.092 0.983605
1.095 0.987159
1.098 0.990718
1.101 0.99428
1.104 0.997845
1.107 1.00141
1.11 1.00499
1.113 1.00857
1.116 1.01215
1.119 1.01573
1.122 1.01932
1.125 1.02291
1.128 1.02651
1.131 1.03011
1.134 1.03371
1.137 1.03731
1.14 1.04093
1.143 1.04454
1.146 1.04816
1.149 1.05178
1.152 1.0554
1.155 1.05903
1.158 1.06266
1.161 1.0663
1.164 1.06994
1.167 1.07358
1.17 1.07723
1.173 1.08088
1.176 1.08454
1.179 1.0882
1.182 1.09186
1.185 1.09553
1.188 1.0992
1.191 1.10287
1.194 1.10655
1.197 1.11023
1.2 1.11392
1.203 1.1176
1.206 1.1213
1.209 1.125
1.212 1.1287
1.215 1.1324
1.218 1.13611
1.221 1.13983
1.224 1.14355
1.227 1.14727
1.23 1.151
1.233 1.15473
1.236 1.15846
1.239 1.1622
1.242 1.16595
1.245 1.1697
1.248 1.17345
1.251 1.17721
1.254 1.18097
1.257 1.18474
1.26 1.18851
1.263 1.19229
1.266 1.19607
1.269 1.19986
1.272 1.20365
1.275 1.20745
1.278 1.21125
1.281 1.21506
1.284 1.21887
1.287 1.22269
1.29 1.22651
1.293 1.23034
1.296 1.23417
1.299 1.23801
1.302 1.24186
1.305 1.24571
1.308 1.24957
1.311 1.25343
1.314 1.2573
1.317 1.26117
1.32 1.26505
1.323 1.26894
1.326 1.27283
1.329 1.27673
1.332 1.28064
1.335 1.28455
1.338 1.28847
1.341 1.2924
1.344 1.29633
1.347 1.30027
1.35 1.30422
1.353 1.30817
1.356 1.31213
1.359 1.3161
1.362 1.32008
1.365 1.32406
1.368 1.32805
1.371 1.33205
1.374 1.33606
1.377 1.34007
1.38 1.34409
1.383 1.34813
1.386 1.35216
1.389 1.35621
1.392 1.36027
1.395 1.36433
1.398 1.36841
1.401 1.37249
1.404 1.37658
1.407 1.38068
1.41 1.38479
1.413 1.38891
1.416 1.39304
1.419 1.39717
1.422 1.40132
1.425 1.40548
1.428 1.40965
1.431 1.41382
1.434 1.41801
1.437 1.42221
1.44 1.42642
1.443 1.43064
1.446 1.43487
1.449 1.43911
1.452 1.44336
1.455 1.44762
1.458 1.4519
1.461 1.45618
1.464 1.46048
1.467 1.46479
1.47 1.46911
1.473 1.47344
1.476 1.47779
1.479 1.48215
1.482 1.48652
1.485 1.4909
1.488 1.49529
1.491 1.4997
1.494 1.50412
1.497 1.50856
1.5 1.51301
1.503 1.51747
1.506 1.52194
1.509 1.52643
1.512 1.53094
1.515 1.53545
1.518 1.53999
1.521 1.54453
1.524 1.54909
1.527 1.55367
1.53 1.55826
1.533 1.56287
1.536 1.56749
1.539 1.57212
1.542 1.57677
1.545 1.58144
1.548 1.58613
1.551 1.59083
1.554 1.59554
1.557 1.60027
1.56 1.60502
1.563 1.60979
1.566 1.61457
1.569 1.61937
1.572 1.62419
1.575 1.62902
1.578 1.63388
1.581 1.63874
1.584 1.64363
1.587 1.64854
1.59 1.65346
1.593 1.6584
1.596 1.66336
1.599 1.66834
1.602 1.67334
1.605 1.67836
1.608 1.68339
1.611 1.68845
1.614 1.69352
1.617 1.69862
1.62 1.70373
1.623 1.70887
1.626 1.71402
1.629 1.71919
1.632 1.72439
1.635 1.7296
1.638 1.73484
1.641 1.7401
1.644 1.74537
1.647 1.75067
1.65 1.75599
1.653 1.76133
1.656 1.76669
1.659 1.77208
1.662 1.77748
1.665 1.78291
1.668 1.78836
1.671 1.79383
1.674 1.79933
1.677 1.80484
1.68 1.81038
1.683 1.81594
1.686 1.82153
1.689 1.82713
1.692 1.83276
1.695 1.83842
1.698 1.84409
1.701 1.84979
1.704 1.85552
1.707 1.86126
1.71 1.86703
1.713 1.87283
1.716 1.87864
1.719 1.88448
1.722 1.89035
1.725 1.89624
1.728 1.90215
1.731 1.90809
1.734 1.91405
1.737 1.92003
1.74 1.92604
1.743 1.93207
1.746 1.93813
1.749 1.94421
1.752 1.95032
1.755 1.95645
1.758 1.9626
1.761 1.96878
1.764 1.97499
1.767 1.98122
1.77 1.98747
1.773 1.99375
1.776 2.00005
1.779 2.00638
1.782 2.01273
1.785 2.0191
1.788 2.0255
1.791 2.03193
1.794 2.03838
1.797 2.04485
1.8 2.05135
1.803 2.05787
1.806 2.06441
1.809 2.07098
1.812 2.07758
1.815 2.08419
1.818 2.09083
1.821 2.0975
1.824 2.10419
1.827 2.1109
1.83 2.11764
1.833 2.1244
1.836 2.13118
1.839 2.13798
1.842 2.14481
1.845 2.15166
1.848 2.15854
1.851 2.16544
1.854 2.17236
1.857 2.1793
1.86 2.18626
1.863 2.19325
1.866 2.20025
1.869 2.20728
1.872 2.21433
1.875 2.2214
1.878 2.2285
1.881 2.23561
1.884 2.24274
1.887 2.2499
1.89 2.25707
1.893 2.26426
1.896 2.27148
1.899 2.27871
1.902 2.28596
1.905 2.29323
1.908 2.30052
1.911 2.30783
1.914 2.31516
1.917 2.3225
1.92 2.32986
1.923 2.33724
1.926 2.34464
1.929 2.35205
1.932 2.35948
1.935 2.36692
1.938 2.37438
1.941 2.38186
1.944 2.38935
1.947 2.39686
1.95 2.40438
1.953 2.41191
1.956 2.41946
1.959 2.42702
1.962 2.43459
1.965 2.44218
1.968 2.44978
1.971 2.45739
1.974 2.46502
1.977 2.47265
1.98 2.48029
1.983 2.48795
1.986 2.49562
1.989 2.50329
1.992 2.51098
1.995 2.51867
1.998 2.52637
2.001 2.53409
2.004 2.5418
2.007 2.54953
2.01 2.55726
2.013 2.565
2.016 2.57275
2.019 2.5805
2.022 2.58826
2.025 2.59602
2.028 2.60379
2.031 2.61156
2.034 2.61934
2.037 2.62711
2.04 2.63489
2.043 2.64268
2.046 2.65046
2.049 2.65825
2.052 2.66604
2.055 2.67383
2.058 2.68162
2.061 2.68941
2.064 2.6972
2.067 2.70499
2.07 2.71277
2.073 2.72056
2.076 2.72834
2.079 2.73612
2.082 2.7439
2.085 2.75168
2.088 2.75945
2.091 2.76721
2.094 2.77497
2.097 2.78273
2.1 2.79048
2.103 2.79822
2.106 2.80596
2.109 2.81369
2.112 2.82141
2.115 2.82913
2.118 2.83683
2.121 2.84453
2.124 2.85222
2.127 2.8599
2.13 2.86756
2.133 2.87522
2.136 2.88287
2.139 2.8905
2.142 2.89813
2.145 2.90574
2.148 2.91334
2.151 2.92092
2.154 2.92849
2.157 2.93605
2.16 2.94359
2.163 2.95112
2.166 2.95863
2.169 2.96613
2.172 2.97361
2.175 2.98107
2.178 2.98852
2.181 2.99594
2.184 3.00335
2.187 3.01075
2.19 3.01812
2.193 3.02547
2.196 3.0328
2.199 3.04012
2.202 3.04741
2.205 3.05468
2.208 3.06193
2.211 3.06915
2.214 3.07636
2.217 3.08354
2.22 3.0907
2.223 3.09783
2.226 3.10494
2.229 3.11202
2.232 3.11908
2.235 3.12612
2.238 3.13313
2.241 3.14011
2.244 3.14707
2.247 3.15399
2.25 3.16089
2.253 3.16777
2.256 3.17461
2.259 3.18143
2.262 3.18821
2.265 3.19497
2.268 3.2017
2.271 3.2084
2.274 3.21506
2.277 3.2217
2.28 3.2283
2.283 3.23487
2.286 3.24141
2.289 3.24792
2.292 3.2544
2.295 3.26084
2.298 3.26725
2.301 3.27362
2.304 3.27996
2.307 3.28627
2.31 3.29254
2.313 3.29877
2.316 3.30498
2.319 3.31114
2.322 3.31727
2.325 3.32337
2.328 3.32942
2.331 3.33544
2.334 3.34143
2.337 3.34737
2.34 3.35328
2.343 3.35915
2.346 3.36499
2.349 3.37078
2.352 3.37654
2.355 3.38226
2.358 3.38794
2.361 3.39358
2.364 3.39919
2.367 3.40475
2.37 3.41028
2.373 3.41576
2.376 3.42121
2.379 3.42661
2.382 3.43198
2.385 3.43731
2.388 3.44259
2.391 3.44784
2.394 3.45305
2.397 3.45821
2.4 3.46334
2.403 3.46843
2.406 3.47347
2.409 3.47848
2.412 3.48344
2.415 3.48837
2.418 3.49325
2.421 3.49809
2.424 3.50289
2.427 3.50766
2.43 3.51238
2.433 3.51706
2.436 3.5217
2.439 3.5263
2.442 3.53086
2.445 3.53538
2.448 3.53986
2.451 3.5443
2.454 3.5487
2.457 3.55306
2.46 3.55738
2.463 3.56166
2.466 3.56591
2.469 3.57011
2.472 3.57427
2.475 3.57839
2.478 3.58248
2.481 3.58652
2.484 3.59053
2.487 3.59449
2.49 3.59842
2.493 3.60231
2.496 3.60617
2.499 3.60998
2.502 3.61376
2.505 3.6175
2.508 3.6212
2.511 3.62486
2.514 3.62849
2.517 3.63208
2.52 3.63563
2.523 3.63915
2.526 3.64263
2.529 3.64608
2.532 3.64949
2.535 3.65286
2.538 3.6562
2.541 3.6595
2.544 3.66277
2.547 3.666
2.55 3.6692
2.553 3.67237
2.556 3.6755
2.559 3.6786
2.562 3.68166
2.565 3.68469
2.568 3.68769
2.571 3.69065
2.574 3.69359
2.577 3.69649
2.58 3.69936
2.583 3.70219
2.586 3.705
2.589 3.70778
2.592 3.71052
2.595 3.71323
2.598 3.71592
2.601 3.71857
2.604 3.72119
2.607 3.72379
2.61 3.72635
2.613 3.72889
2.616 3.73139
2.619 3.73387
2.622 3.73632
2.625 3.73874
2.628 3.74114
2.631 3.74351
2.634 3.74585
2.637 3.74816
2.64 3.75045
2.643 3.75271
2.646 3.75494
2.649 3.75715
2.652 3.75933
2.655 3.76149
2.658 3.76362
2.661 3.76573
2.664 3.76781
2.667 3.76987
2.67 3.7719
2.673 3.77392
2.676 3.7759
2.679 3.77787
2.682 3.77981
2.685 3.78173
2.688 3.78362
2.691 3.7855
2.694 3.78735
2.697 3.78918
2.7 3.79099
2.703 3.79277
2.706 3.79454
2.709 3.79628
2.712 3.79801
2.715 3.79971
2.718 3.8014
2.721 3.80306
2.724 3.8047
2.727 3.80633
2.73 3.80793
2.733 3.80952
2.736 3.81109
2.739 3.81264
2.742 3.81417
2.745 3.81568
2.748 3.81718
2.751 3.81865
2.754 3.82011
2.757 3.82155
2.76 3.82298
2.763 3.82439
2.766 3.82578
2.769 3.82715
2.772 3.82851
2.775 3.82985
2.778 3.83118
2.781 3.83249
2.784 3.83378
2.787 3.83506
2.79 3.83633
2.793 3.83758
2.796 3.83881
2.799 3.84003
2.802 3.84124
2.805 3.84243
2.808 3.8436
2.811 3.84477
2.814 3.84592
2.817 3.84705
2.82 3.84817
2.823 3.84928
2.826 3.85038
2.829 3.85146
2.832 3.85253
2.835 3.85359
2.838 3.85463
2.841 3.85566
2.844 3.85668
2.847 3.85769
2.85 3.85869
2.853 3.85967
2.856 3.86065
2.859 3.86161
2.862 3.86256
2.865 3.8635
2.868 3.86442
2.871 3.86534
2.874 3.86625
2.877 3.86714
2.88 3.86803
2.883 3.8689
2.886 3.86977
2.889 3.87062
2.892 3.87147
2.895 3.8723
2.898 3.87313
2.901 3.87394
2.904 3.87475
2.907 3.87554
2.91 3.87633
2.913 3.87711
2.916 3.87788
2.919 3.87864
2.922 3.87939
2.925 3.88013
2.928 3.88086
2.931 3.88159
2.934 3.88231
2.937 3.88302
2.94 3.88372
2.943 3.88441
2.946 3.88509
2.949 3.88577
2.952 3.88644
2.955 3.8871
2.958 3.88775
2.961 3.8884
2.964 3.88904
2.967 3.88967
2.97 3.89029
2.973 3.89091
2.976 3.89152
2.979 3.89212
2.982 3.89272
2.985 3.89331
2.988 3.89389
2.991 3.89447
2.994 3.89504
2.997 3.8956
3 3.89616
3.001 0
