0 5
0.003 3.67337
0.006 3.67315
0.009 3.67293
0.012 3.6727
0.015 3.67247
0.018 3.67225
0.021 3.67202
0.024 3.67179
0.027 3.67155
0.03 3.67132
0.033 3.67109
0.036 3.67085
0.039 3.67061
0.042 3.67037
0.045 3.67014
0.048 3.66989
0.051 3.66965
0.054 3.66941
0.057 3.66916
0.06 3.66892
0.063 3.66867
0.066 3.66842
0.069 3.66817
0.072 3.66792
0.075 3.66767
0.078 3.66741
0.081 3.66716
0.084 3.6669
0.087 3.66664
0.09 3.66638
0.093 3.66612
0.096 3.66586
0.099 3.6656
0.102 3.66533
0.105 3.66507
0.108 3.6648
0.111 3.66453
0.114 3.66426
0.117 3.66399
0.12 3.66372
0.123 3.66344
0.126 3.66317
0.129 3.66289
0.132 3.66261
0.135 3.66233
0.138 3.66205
0.141 3.66177
0.144 3.66149
0.147 3.6612
0.15 3.66092
0.153 3.66063
0.156 3.66034
0.159 3.66005
0.162 3.65976
0.165 3.65947
0.168 3.65917
0.171 3.65888
0.174 3.65858
0.177 3.65828
0.18 3.65798
0.183 3.65768
0.186 3.65738
0.189 3.65707
0.192 3.65677
0.195 3.65646
0.198 3.65615
0.201 3.65584
0.204 3.65553
0.207 3.65522
0.21 3.65491
0.213 3.65459
0.216 3.65428
0.219 3.65396
0.222 3.65364
0.225 3.65332
0.228 3.653
0.231 3.65268
0.234 3.65235
0.237 3.65203
0.24 3.6517
0.243 3.65137
0.246 3.65104
0.249 3.65071
0.252 3.65038
0.255 3.65004
0.258 3.64971
0.261 3.64937
0.264 3.64903
0.267 3.64869
0.27 3.64835
0.273 3.64801
0.276 3.64767
0.279 3.64732
0.282 3.64698
0.285 3.64663
0.288 3.64628
0.291 3.64593
0.294 3.64558
0.297 3.64523
0.3 3.64487
0.303 3.64452
0.306 3.64416
0.309 3.6438
0.312 3.64344
0.315 3.64308
0.318 3.64272
0.321 3.64235
0.324 3.64199
0.327 3.64162
0.33 3.64126
0.333 3.64089
0.336 3.64052
0.339 3.64015
0.342 3.63977
0.345 3.6394
0.348 3.63902
0.351 3.63865
0.354 3.63827
0.357 3.63789
0.36 3.63751
0.363 3.63713
0.366 3.63674
0.369 3.63636
0.372 3.63597
0.375 3.63559
0.378 3.6352
0.381 3.63481
0.384 3.63442
0.387 3.63403
0.39 3.63363
0.393 3.63324
0.396 3.63284
0.399 3.63245
0.402 3.63205
0.405 3.63165
0.408 3.63125
0.411 3.63085
0.414 3.63044
0.417 3.63004
0.42 3.62963
0.423 3.62923
0.426 3.62882
0.429 3.62841
0.432 3.628
0.435 3.62759
0.438 3.62718
0.441 3.62676
0.444 3.62635
0.447 3.62593
0.45 3.62551
0.453 3.6251
0.456 3.62468
0.459 3.62426
0.462 3.62383
0.465 3.62341
0.468 3.62299
0.471 3.62256
0.474 3.62213
0.477 3.62171
0.48 3.62128
0.483 3.62085
0.486 3.62042
0.489 3.61999
0.492 3.61955
0.495 3.61912
0.498 3.61869
0.501 3.61825
0.504 3.61781
0.507 3.61737
0.51 3.61694
0.513 3.6165
0.516 3.61605
0.519 3.61561
0.522 3.61517
0.525 3.61472
0.528 3.61428
0.531 3.61383
0.534 3.61339
0.537 3.61294
0.54 3.61249
0.543 3.61204
0.546 3.61159
0.549 3.61114
0.552 3.61068
0.555 3.61023
0.558 3.60978
0.561 3.60932
0.564 3.60886
0.567 3.60841
0.57 3.60795
0.573 3.60749
0.576 3.60703
0.579 3.60657
0.582 3.60611
0.585 3.60564
0.588 3.60518
0.591 3.60472
0.594 3.60425
0.597 3.60379
0.6 3.60332
0.603 3.60285
0.606 3.60238
0.609 3.60191
0.612 3.60144
0.615 3.60097
0.618 3.6005
0.621 3.60003
0.624 3.59956
0.627 3.59908
0.63 3.59861
0.633 3.59813
0.636 3.59766
0.639 3.59718
0.642 3.59671
0.645 3.59623
0.648 3.59575
0.651 3.59527
0.654 3.59479
0.657 3.59431
0.66 3.59383
0.663 3.59335
0.666 3.59286
0.669 3.59238
0.672 3.5919
0.675 3.59141
0.678 3.59093
0.681 3.59044
0.684 3.58996
0.687 3.58947
0.69 3.58898
0.693 3.58849
0.696 3.588
0.699 3.58752
0.702 3.58703
0.705 3.58654
0.708 3.58605
0.711 3.58555
0.714 3.58506
0.717 3.58457
0.72 3.58408
0.723 3.58358
0.726 3.58309
0.729 3.5826
0.732 3.5821
0.735 3.58161
0.738 3.58111
0.741 3.58062
0.744 3.58012
0.747 3.57962
0.75 3.57912
0.753 3.57863
0.756 3.57813
0.759 3.57763
0.762 3.57713
0.765 3.57663
0.768 3.57613
0.771 3.57563
0.774 3.57513
0.777 3.57463
0.78 3.57413
0.783 3.57363
0.786 3.57312
0.789 3.57262
0.792 3.57212
0.795 3.57161
0.798 3.57111
0.801 3.57061
0.804 3.5701
0.807 3.5696
0.81 3.56909
0.813 3.56859
0.816 3.56808
0.819 3.56758
0.822 3.56707
0.825 3.56656
0.828 3.56606
0.831 3.56555
0.834 3.56504
0.837 3.56453
0.84 3.56402
0.843 3.56352
0.846 3.56301
0.849 3.5625
0.852 3.56199
0.855 3.56148
0.858 3.56097
0.861 3.56046
0.864 3.55995
0.867 3.55944
0.87 3.55893
0.873 3.55841
0.876 3.5579
0.879 3.55739
0.882 3.55688
0.885 3.55637
0.888 3.55585
0.891 3.55534
0.894 3.55483
0.897 3.55431
0.9 3.5538
0.903 3.55328
0.906 3.55277
0.909 3.55226
0.912 3.55174
0.915 3.55122
0.918 3.55071
0.921 3.55019
0.924 3.54968
0.927 3.54916
0.93 3.54864
0.933 3.54813
0.936 3.54761
0.939 3.54709
0.942 3.54657
0.945 3.54606
0.948 3.54554
0.951 3.54502
0.954 3.5445
0.957 3.54398
0.96 3.54346
0.963 3.54294
0.966 3.54242
0.969 3.5419
0.972 3.54138
0.975 3.54086
0.978 3.54033
0.981 3.53981
0.984 3.53929
0.987 3.53877
0.99 3.53824
0.993 3.53772
0.996 3.5372
0.999 3.53667
1.002 3.53615
1.005 3.53562
1.008 3.5351
1.011 3.53457
1.014 3.53404
1.017 3.53352
1.02 3.53299
1.023 3.53246
1.026 3.53194
1.029 3.53141
1.032 3.53088
1.035 3.53035
1.038 3.52982
1.041 3.52929
1.044 3.52876
1.047 3.52823
1.05 3.5277
1.053 3.52716
1.056 3.52663
1.059 3.5261
1.062 3.52556
1.065 3.52503
1.068 3.52449
1.071 3.52396
1.074 3.52342
1.077 3.52289
1.08 3.52235
1.083 3.52181
1.086 3.52127
1.089 3.52073
1.092 3.52019
1.095 3.51965
1.098 3.51911
1.101 3.51857
1.104 3.51803
1.107 3.51749
1.11 3.51694
1.113 3.5164
1.116 3.51585
1.119 3.51531
1.122 3.51476
1.125 3.51421
1.128 3.51367
1.131 3.51312
1.134 3.51257
1.137 3.51202
1.14 3.51147
1.143 3.51091
1.146 3.51036
1.149 3.50981
1.152 3.50925
1.155 3.5087
1.158 3.50814
1.161 3.50758
1.164 3.50703
1.167 3.50647
1.17 3.50591
1.173 3.50534
1.176 3.50478
1.179 3.50422
1.182 3.50365
1.185 3.50309
1.188 3.50252
1.191 3.50196
1.194 3.50139
1.197 3.50082
1.2 3.50025
1.203 3.49968
1.206 3.4991
1.209 3.49853
1.212 3.49795
1.215 3.49738
1.218 3.4968
1.221 3.49622
1.224 3.49564
1.227 3.49506
1.23 3.49448
1.233 3.49389
1.236 3.49331
1.239 3.49272
1.242 3.49213
1.245 3.49154
1.248 3.49095
1.251 3.49036
1.254 3.48976
1.257 3.48917
1.26 3.48857
1.263 3.48797
1.266 3.48737
1.269 3.48677
1.272 3.48617
1.275 3.48557
1.278 3.48496
1.281 3.48435
1.284 3.48374
1.287 3.48313
1.29 3.48252
1.293 3.4819
1.296 3.48129
1.299 3.48067
1.302 3.48005
1.305 3.47943
1.308 3.47881
1.311 3.47818
1.314 3.47755
1.317 3.47692
1.32 3.47629
1.323 3.47566
1.326 3.47502
1.329 3.47439
1.332 3.47375
1.335 3.47311
1.338 3.47246
1.341 3.47182
1.344 3.47117
1.347 3.47052
1.35 3.46987
1.353 3.46922
1.356 3.46856
1.359 3.4679
1.362 3.46724
1.365 3.46658
1.368 3.46591
1.371 3.46524
1.374 3.46457
1.377 3.4639
1.38 3.46322
1.383 3.46255
1.386 3.46186
1.389 3.46118
1.392 3.4605
1.395 3.45981
1.398 3.45912
1.401 3.45842
1.404 3.45773
1.407 3.45703
1.41 3.45632
1.413 3.45562
1.416 3.45491
1.419 3.4542
1.422 3.45349
1.425 3.45277
1.428 3.45205
1.431 3.45133
1.434 3.4506
1.437 3.44987
1.44 3.44914
1.443 3.4484
1.446 3.44767
1.449 3.44692
1.452 3.44618
1.455 3.44543
1.458 3.44468
1.461 3.44392
1.464 3.44316
1.467 3.4424
1.47 3.44164
1.473 3.44087
1.476 3.44009
1.479 3.43932
1.482 3.43854
1.485 3.43775
1.488 3.43696
1.491 3.43617
1.494 3.43538
1.497 3.43458
1.5 3.43377
1.503 3.43297
1.506 3.43215
1.509 3.43134
1.512 3.43052
1.515 3.4297
1.518 3.42887
1.521 3.42804
1.524 3.4272
1.527 3.42636
1.53 3.42551
1.533 3.42466
1.536 3.42381
1.539 3.42295
1.542 3.42209
1.545 3.42122
1.548 3.42034
1.551 3.41947
1.554 3.41858
1.557 3.4177
1.56 3.41681
1.563 3.41591
1.566 3.41501
1.569 3.4141
1.572 3.41319
1.575 3.41227
1.578 3.41135
1.581 3.41042
1.584 3.40949
1.587 3.40855
1.59 3.40761
1.593 3.40666
1.596 3.40571
1.599 3.40475
1.602 3.40378
1.605 3.40281
1.608 3.40183
1.611 3.40085
1.614 3.39987
1.617 3.39887
1.62 3.39787
1.623 3.39687
1.626 3.39586
1.629 3.39484
1.632 3.39382
1.635 3.39279
1.638 3.39175
1.641 3.39071
1.644 3.38966
1.647 3.38861
1.65 3.38755
1.653 3.38648
1.656 3.38541
1.659 3.38433
1.662 3.38324
1.665 3.38215
1.668 3.38105
1.671 3.37994
1.674 3.37883
1.677 3.37771
1.68 3.37658
1.683 3.37545
1.686 3.37431
1.689 3.37316
1.692 3.37201
1.695 3.37085
1.698 3.36968
1.701 3.36851
1.704 3.36732
1.707 3.36613
1.71 3.36494
1.713 3.36373
1.716 3.36252
1.719 3.3613
1.722 3.36008
1.725 3.35884
1.728 3.3576
1.731 3.35635
1.734 3.3551
1.737 3.35383
1.74 3.35256
1.743 3.35128
1.746 3.35
1.749 3.3487
1.752 3.3474
1.755 3.34609
1.758 3.34477
1.761 3.34345
1.764 3.34211
1.767 3.34077
1.77 3.33942
1.773 3.33806
1.776 3.3367
1.779 3.33533
1.782 3.33395
1.785 3.33256
1.788 3.33116
1.791 3.32975
1.794 3.32834
1.797 3.32692
1.8 3.32549
1.803 3.32405
1.806 3.32261
1.809 3.32115
1.812 3.31969
1.815 3.31822
1.818 3.31674
1.821 3.31525
1.824 3.31376
1.827 3.31226
1.83 3.31074
1.833 3.30923
1.836 3.3077
1.839 3.30616
1.842 3.30462
1.845 3.30307
1.848 3.30151
1.851 3.29994
1.854 3.29836
1.857 3.29678
1.86 3.29519
1.863 3.29358
1.866 3.29198
1.869 3.29036
1.872 3.28873
1.875 3.2871
1.878 3.28546
1.881 3.28381
1.884 3.28216
1.887 3.28049
1.89 3.27882
1.893 3.27714
1.896 3.27545
1.899 3.27376
1.902 3.27205
1.905 3.27034
1.908 3.26862
1.911 3.2669
1.914 3.26516
1.917 3.26342
1.92 3.26167
1.923 3.25992
1.926 3.25815
1.929 3.25638
1.932 3.2546
1.935 3.25282
1.938 3.25103
1.941 3.24923
1.944 3.24742
1.947 3.2456
1.95 3.24378
1.953 3.24196
1.956 3.24012
1.959 3.23828
1.962 3.23643
1.965 3.23458
1.968 3.23272
1.971 3.23085
1.974 3.22898
1.977 3.2271
1.98 3.22521
1.983 3.22332
1.986 3.22142
1.989 3.21951
1.992 3.2176
1.995 3.21568
1.998 3.21376
2.001 3.21183
2.004 3.2099
2.007 3.20796
2.01 3.20601
2.013 3.20406
2.016 3.20211
2.019 3.20015
2.022 3.19818
2.025 3.19621
2.028 3.19423
2.031 3.19225
2.034 3.19027
2.037 3.18828
2.04 3.18628
2.043 3.18428
2.046 3.18228
2.049 3.18027
2.052 3.17826
2.055 3.17624
2.058 3.17422
2.061 3.17219
2.064 3.17017
2.067 3.16813
2.07 3.1661
2.073 3.16406
2.076 3.16201
2.079 3.15997
2.082 3.15792
2.085 3.15587
2.088 3.15381
2.091 3.15175
2.094 3.14969
2.097 3.14763
2.1 3.14556
2.103 3.14349
2.106 3.14142
2.109 3.13935
2.112 3.13727
2.115 3.1352
2.118 3.13312
2.121 3.13104
2.124 3.12895
2.127 3.12687
2.13 3.12478
2.133 3.1227
2.136 3.12061
2.139 3.11852
2.142 3.11643
2.145 3.11434
2.148 3.11225
2.151 3.11016
2.154 3.10806
2.157 3.10597
2.16 3.10388
2.163 3.10178
2.166 3.09969
2.169 3.0976
2.172 3.09551
2.175 3.09342
2.178 3.09133
2.181 3.08923
2.184 3.08715
2.187 3.08506
2.19 3.08297
2.193 3.08088
2.196 3.0788
2.199 3.07672
2.202 3.07464
2.205 3.07256
2.208 3.07048
2.211 3.06841
2.214 3.06633
2.217 3.06426
2.22 3.0622
2.223 3.06013
2.226 3.05807
2.229 3.05601
2.232 3.05396
2.235 3.0519
2.238 3.04985
2.241 3.04781
2.244 3.04577
2.247 3.04373
2.25 3.0417
2.253 3.03967
2.256 3.03764
2.259 3.03562
2.262 3.03361
2.265 3.0316
2.268 3.02959
2.271 3.02759
2.274 3.02559
2.277 3.0236
2.28 3.02162
2.283 3.01964
2.286 3.01767
2.289 3.0157
2.292 3.01374
2.295 3.01178
2.298 3.00983
2.301 3.00789
2.304 3.00596
2.307 3.00403
2.31 3.00211
2.313 3.00019
2.316 2.99828
2.319 2.99638
2.322 2.99449
2.325 2.99261
2.328 2.99073
2.331 2.98886
2.334 2.987
2.337 2.98514
2.34 2.9833
2.343 2.98146
2.346 2.97963
2.349 2.97781
2.352 2.976
2.355 2.9742
2.358 2.97241
2.361 2.97062
2.364 2.96885
2.367 2.96708
2.37 2.96532
2.373 2.96358
2.376 2.96184
2.379 2.96011
2.382 2.95839
2.385 2.95669
2.388 2.95499
2.391 2.9533
2.394 2.95162
2.397 2.94995
2.4 2.94829
2.403 2.94665
2.406 2.94501
2.409 2.94338
2.412 2.94176
2.415 2.94016
2.418 2.93856
2.421 2.93698
2.424 2.93541
2.427 2.93384
2.43 2.93229
2.433 2.93075
2.436 2.92922
2.439 2.9277
2.442 2.92619
2.445 2.92469
2.448 2.92321
2.451 2.92173
2.454 2.92027
2.457 2.91882
2.46 2.91738
2.463 2.91595
2.466 2.91453
2.469 2.91312
2.472 2.91172
2.475 2.91034
2.478 2.90897
2.481 2.90761
2.484 2.90625
2.487 2.90492
2.49 2.90359
2.493 2.90227
2.496 2.90097
2.499 2.89967
2.502 2.89839
2.505 2.89712
2.508 2.89586
2.511 2.89461
2.514 2.89337
2.517 2.89215
2.52 2.89093
2.523 2.88973
2.526 2.88854
2.529 2.88735
2.532 2.88618
2.535 2.88502
2.538 2.88388
2.541 2.88274
2.544 2.88161
2.547 2.8805
2.55 2.87939
2.553 2.8783
2.556 2.87722
2.559 2.87615
2.562 2.87509
2.565 2.87404
2.568 2.873
2.571 2.87197
2.574 2.87095
2.577 2.86994
2.58 2.86894
2.583 2.86796
2.586 2.86698
2.589 2.86601
2.592 2.86506
2.595 2.86411
2.598 2.86317
2.601 2.86225
2.604 2.86133
2.607 2.86042
2.61 2.85953
2.613 2.85864
2.616 2.85776
2.619 2.8569
2.622 2.85604
2.625 2.85519
2.628 2.85435
2.631 2.85352
2.634 2.8527
2.637 2.85189
2.64 2.85109
2.643 2.8503
2.646 2.84951
2.649 2.84874
2.652 2.84797
2.655 2.84721
2.658 2.84647
2.661 2.84573
2.664 2.84499
2.667 2.84427
2.67 2.84356
2.673 2.84285
2.676 2.84215
2.679 2.84147
2.682 2.84078
2.685 2.84011
2.688 2.83945
2.691 2.83879
2.694 2.83814
2.697 2.8375
2.7 2.83686
2.703 2.83624
2.706 2.83562
2.709 2.83501
2.712 2.8344
2.715 2.83381
2.718 2.83322
2.721 2.83264
2.724 2.83206
2.727 2.83149
2.73 2.83093
2.733 2.83038
2.736 2.82983
2.739 2.82929
2.742 2.82876
2.745 2.82823
2.748 2.82771
2.751 2.8272
2.754 2.82669
2.757 2.82619
2.76 2.82569
2.763 2.8252
2.766 2.82472
2.769 2.82424
2.772 2.82377
2.775 2.82331
2.778 2.82285
2.781 2.8224
2.784 2.82195
2.787 2.82151
2.79 2.82107
2.793 2.82064
2.796 2.82022
2.799 2.8198
2.802 2.81939
2.805 2.81898
2.808 2.81857
2.811 2.81818
2.814 2.81778
2.817 2.81739
2.82 2.81701
2.823 2.81663
2.826 2.81626
2.829 2.81589
2.832 2.81553
2.835 2.81517
2.838 2.81481
2.841 2.81447
2.844 2.81412
2.847 2.81378
2.85 2.81344
2.853 2.81311
2.856 2.81278
2.859 2.81246
2.862 2.81214
2.865 2.81183
2.868 2.81152
2.871 2.81121
2.874 2.81091
2.877 2.81061
2.88 2.81031
2.883 2.81002
2.886 2.80974
2.889 2.80945
2.892 2.80917
2.895 2.8089
2.898 2.80863
2.901 2.80836
2.904 2.80809
2.907 2.80783
2.91 2.80757
2.913 2.80732
2.916 2.80707
2.919 2.80682
2.922 2.80657
2.925 2.80633
2.928 2.80609
2.931 2.80586
2.934 2.80563
2.937 2.8054
2.94 2.80517
2.943 2.80495
2.946 2.80473
2.949 2.80451
2.952 2.8043
2.955 2.80409
2.958 2.80388
2.961 2.80367
2.964 2.80347
2.967 2.80327
2.97 2.80307
2.973 2.80288
2.976 2.80269
2.979 2.8025
2.982 2.80231
2.985 2.80212
2.988 2.80194
2.991 2.80176
2.994 2.80158
2.997 2.80141
3 2.80124
3.001 5
