0 -10
0.003 -6.66293
0.006 -6.66091
0.009 -6.65888
0.012 -6.65684
0.015 -6.65478
0.018 -6.65271
0.021 -6.65063
0.024 -6.64853
0.027 -6.64643
0.03 -6.64431
0.033 -6.64217
0.036 -6.64003
0.039 -6.63787
0.042 -6.63569
0.045 -6.63351
0.048 -6.6313
0.051 -6.62909
0.054 -6.62686
0.057 -6.62462
0.06 -6.62237
0.063 -6.6201
0.066 -6.61782
0.069 -6.61552
0.072 -6.61322
0.075 -6.61089
0.078 -6.60856
0.081 -6.6062
0.084 -6.60384
0.087 -6.60146
0.09 -6.59907
0.093 -6.59666
0.096 -6.59424
0.099 -6.5918
0.102 -6.58935
0.105 -6.58689
0.108 -6.58441
0.111 -6.58192
0.114 -6.57941
0.117 -6.57689
0.12 -6.57435
0.123 -6.5718
0.126 -6.56923
0.129 -6.56665
0.132 -6.56405
0.135 -6.56144
0.138 -6.55881
0.141 -6.55617
0.144 -6.55351
0.147 -6.55084
0.15 -6.54816
0.153 -6.54545
0.156 -6.54274
0.159 -6.54
0.162 -6.53726
0.165 -6.53449
0.168 -6.53171
0.171 -6.52892
0.174 -6.52611
0.177 -6.52328
0.18 -6.52044
0.183 -6.51758
0.186 -6.51471
0.189 -6.51182
0.192 -6.50892
0.195 -6.506
0.198 -6.50306
0.201 -6.50011
0.204 -6.49714
0.207 -6.49415
0.21 -6.49115
0.213 -6.48813
0.216 -6.4851
0.219 -6.48205
0.222 -6.47898
0.225 -6.4759
0.228 -6.4728
0.231 -6.46969
0.234 -6.46655
0.237 -6.4634
0.24 -6.46024
0.243 -6.45706
0.246 -6.45386
0.249 -6.45064
0.252 -6.44741
0.255 -6.44416
0.258 -6.44089
0.261 -6.43761
0.264 -6.43431
0.267 -6.43099
0.27 -6.42766
0.273 -6.42431
0.276 -6.42094
0.279 -6.41755
0.282 -6.41415
0.285 -6.41073
0.288 -6.40729
0.291 -6.40384
0.294 -6.40037
0.297 -6.39688
0.3 -6.39337
0.303 -6.38985
0.306 -6.38631
0.309 -6.38275
0.312 -6.37917
0.315 -6.37558
0.318 -6.37196
0.321 -6.36834
0.324 -6.36469
0.327 -6.36102
0.33 -6.35734
0.333 -6.35364
0.336 -6.34992
0.339 -6.34619
0.342 -6.34243
0.345 -6.33866
0.348 -6.33487
0.351 -6.33106
0.354 -6.32724
0.357 -6.32339
0.36 -6.31953
0.363 -6.31565
0.366 -6.31176
0.369 -6.30784
0.372 -6.30391
0.375 -6.29996
0.378 -6.29599
0.381 -6.292
0.384 -6.28799
0.387 -6.28397
0.39 -6.27993
0.393 -6.27587
0.396 -6.27179
0.399 -6.26769
0.402 -6.26358
0.405 -6.25944
0.408 -6.25529
0.411 -6.25112
0.414 -6.24693
0.417 -6.24273
0.42 -6.2385
0.423 -6.23426
0.426 -6.23
0.429 -6.22572
0.432 -6.22143
0.435 -6.21711
0.438 -6.21278
0.441 -6.20843
0.444 -6.20406
0.447 -6.19967
0.45 -6.19526
0.453 -6.19084
0.456 -6.18639
0.459 -6.18193
0.462 -6.17746
0.465 -6.17296
0.468 -6.16844
0.471 -6.16391
0.474 -6.15936
0.477 -6.15479
0.48 -6.1502
0.483 -6.1456
0.486 -6.14097
0.489 -6.13633
0.492 -6.13167
0.495 -6.12699
0.498 -6.1223
0.501 -6.11758
0.504 -6.11285
0.507 -6.10811
0.51 -6.10334
0.513 -6.09855
0.516 -6.09375
0.519 -6.08893
0.522 -6.08409
0.525 -6.07924
0.528 -6.07437
0.531 -6.06948
0.534 -6.06457
0.537 -6.05965
0.54 -6.0547
0.543 -6.04974
0.546 -6.04477
0.549 -6.03977
0.552 -6.03476
0.555 -6.02973
0.558 -6.02469
0.561 -6.01963
0.564 -6.01455
0.567 -6.00945
0.57 -6.00434
0.573 -5.99921
0.576 -5.99406
0.579 -5.9889
0.582 -5.98372
0.585 -5.97853
0.588 -5.97332
0.591 -5.96809
0.594 -5.96284
0.597 -5.95758
0.6 -5.95231
0.603 -5.94701
0.606 -5.94171
0.609 -5.93638
0.612 -5.93104
0.615 -5.92569
0.618 -5.92032
0.621 -5.91493
0.624 -5.90953
0.627 -5.90411
0.63 -5.89868
0.633 -5.89324
0.636 -5.88777
0.639 -5.8823
0.642 -5.87681
0.645 -5.8713
0.648 -5.86578
0.651 -5.86025
0.654 -5.8547
0.657 -5.84914
0.66 -5.84356
0.663 -5.83797
0.666 -5.83237
0.669 -5.82675
0.672 -5.82112
0.675 -5.81547
0.678 -5.80982
0.681 -5.80414
0.684 -5.79846
0.687 -5.79276
0.69 -5.78705
0.693 -5.78133
0.696 -5.7756
0.699 -5.76985
0.702 -5.76409
0.705 -5.75832
0.708 -5.75254
0.711 -5.74674
0.714 -5.74094
0.717 -5.73512
0.72 -5.72929
0.723 -5.72345
0.726 -5.7176
0.729 -5.71174
0.732 -5.70587
0.735 -5.69999
0.738 -5.69409
0.741 -5.68819
0.744 -5.68228
0.747 -5.67636
0.75 -5.67042
0.753 -5.66448
0.756 -5.65853
0.759 -5.65257
0.762 -5.6466
0.765 -5.64062
0.768 -5.63464
0.771 -5.62864
0.774 -5.62264
0.777 -5.61663
0.78 -5.61061
0.783 -5.60458
0.786 -5.59855
0.789 -5.59251
0.792 -5.58646
0.795 -5.5804
0.798 -5.57434
0.801 -5.56827
0.804 -5.56219
0.807 -5.55611
0.81 -5.55002
0.813 -5.54393
0.816 -5.53783
0.819 -5.53172
0.822 -5.52561
0.825 -5.5195
0.828 -5.51337
0.831 -5.50725
0.834 -5.50112
0.837 -5.49499
0.84 -5.48885
0.843 -5.4827
0.846 -5.47656
0.849 -5.47041
0.852 -5.46425
0.855 -5.4581
0.858 -5.45194
0.861 -5.44578
0.864 -5.43961
0.867 -5.43344
0.87 -5.42727
0.873 -5.4211
0.876 -5.41493
0.879 -5.40875
0.882 -5.40258
0.885 -5.3964
0.888 -5.39022
0.891 -5.38404
0.894 -5.37786
0.897 -5.37168
0.9 -5.3655
0.903 -5.35931
0.906 -5.35313
0.909 -5.34695
0.912 -5.34077
0.915 -5.33459
0.918 -5.32841
0.921 -5.32223
0.924 -5.31605
0.927 -5.30988
0.93 -5.3037
0.933 -5.29753
0.936 -5.29136
0.939 -5.28519
0.942 -5.27902
0.945 -5.27286
0.948 -5.26669
0.951 -5.26054
0.954 -5.25438
0.957 -5.24823
0.96 -5.24208
0.963 -5.23593
0.966 -5.22979
0.969 -5.22365
0.972 -5.21751
0.975 -5.21138
0.978 -5.20525
0.981 -5.19913
0.984 -5.19301
0.987 -5.1869
0.99 -5.18079
0.993 -5.17468
0.996 -5.16858
0.999 -5.16249
1.002 -5.1564
1.005 -5.15032
1.008 -5.14424
1.011 -5.13817
1.014 -5.13211
1.017 -5.12605
1.02 -5.12
1.023 -5.11395
1.026 -5.10791
1.029 -5.10188
1.032 -5.09585
1.035 -5.08983
1.038 -5.08382
1.041 -5.07781
1.044 -5.07181
1.047 -5.06582
1.05 -5.05984
1.053 -5.05386
1.056 -5.0479
1.059 -5.04194
1.062 -5.03598
1.065 -5.03004
1.068 -5.0241
1.071 -5.01818
1.074 -5.01226
1.077 -5.00635
1.08 -5.00044
1.083 -4.99455
1.086 -4.98866
1.089 -4.98279
1.092 -4.97692
1.095 -4.97106
1.098 -4.96521
1.101 -4.95937
1.104 -4.95354
1.107 -4.94772
1.11 -4.9419
1.113 -4.9361
1.116 -4.9303
1.119 -4.92452
1.122 -4.91874
1.125 -4.91298
1.128 -4.90722
1.131 -4.90147
1.134 -4.89574
1.137 -4.89001
1.14 -4.88429
1.143 -4.87859
1.146 -4.87289
1.149 -4.8672
1.152 -4.86153
1.155 -4.85586
1.158 -4.8502
1.161 -4.84456
1.164 -4.83892
1.167 -4.83329
1.17 -4.82768
1.173 -4.82207
1.176 -4.81647
1.179 -4.81089
1.182 -4.80531
1.185 -4.79975
1.188 -4.7942
1.191 -4.78865
1.194 -4.78312
1.197 -4.77759
1.2 -4.77208
1.203 -4.76658
1.206 -4.76109
1.209 -4.75561
1.212 -4.75013
1.215 -4.74467
1.218 -4.73922
1.221 -4.73378
1.224 -4.72835
1.227 -4.72293
1.23 -4.71752
1.233 -4.71213
1.236 -4.70674
1.239 -4.70136
1.242 -4.69599
1.245 -4.69063
1.248 -4.68529
1.251 -4.67995
1.254 -4.67462
1.257 -4.66931
1.26 -4.664
1.263 -4.6587
1.266 -4.65342
1.269 -4.64814
1.272 -4.64288
1.275 -4.63762
1.278 -4.63237
1.281 -4.62714
1.284 -4.62191
1.287 -4.6167
1.29 -4.61149
1.293 -4.60629
1.296 -4.60111
1.299 -4.59593
1.302 -4.59076
1.305 -4.5856
1.308 -4.58046
1.311 -4.57532
1.314 -4.57019
1.317 -4.56507
1.32 -4.55996
1.323 -4.55486
1.326 -4.54976
1.329 -4.54468
1.332 -4.53961
1.335 -4.53454
1.338 -4.52949
1.341 -4.52444
1.344 -4.51941
1.347 -4.51438
1.35 -4.50936
1.353 -4.50435
1.356 -4.49935
1.359 -4.49435
1.362 -4.48937
1.365 -4.48439
1.368 -4.47943
1.371 -4.47447
1.374 -4.46952
1.377 -4.46457
1.38 -4.45964
1.383 -4.45471
1.386 -4.4498
1.389 -4.44489
1.392 -4.43998
1.395 -4.43509
1.398 -4.4302
1.401 -4.42533
1.404 -4.42046
1.407 -4.41559
1.41 -4.41074
1.413 -4.40589
1.416 -4.40105
1.419 -4.39622
1.422 -4.39139
1.425 -4.38657
1.428 -4.38176
1.431 -4.37696
1.434 -4.37216
1.437 -4.36737
1.44 -4.36259
1.443 -4.35781
1.446 -4.35305
1.449 -4.34828
1.452 -4.34353
1.455 -4.33878
1.458 -4.33404
1.461 -4.3293
1.464 -4.32457
1.467 -4.31985
1.47 -4.31513
1.473 -4.31042
1.476 -4.30572
1.479 -4.30102
1.482 -4.29633
1.485 -4.29164
1.488 -4.28696
1.491 -4.28229
1.494 -4.27762
1.497 -4.27296
1.5 -4.2683
1.503 -4.26365
1.506 -4.25901
1.509 -4.25437
1.512 -4.24973
1.515 -4.2451
1.518 -4.24048
1.521 -4.23586
1.524 -4.23125
1.527 -4.22664
1.53 -4.22204
1.533 -4.21744
1.536 -4.21285
1.539 -4.20827
1.542 -4.20368
1.545 -4.19911
1.548 -4.19454
1.551 -4.18997
1.554 -4.18541
1.557 -4.18085
1.56 -4.1763
1.563 -4.17175
1.566 -4.16721
1.569 -4.16267
1.572 -4.15814
1.575 -4.15361
1.578 -4.14909
1.581 -4.14457
1.584 -4.14006
1.587 -4.13555
1.59 -4.13104
1.593 -4.12654
1.596 -4.12204
1.599 -4.11755
1.602 -4.11307
1.605 -4.10858
1.608 -4.10411
1.611 -4.09963
1.614 -4.09516
1.617 -4.0907
1.62 -4.08624
1.623 -4.08178
1.626 -4.07733
1.629 -4.07289
1.632 -4.06845
1.635 -4.06401
1.638 -4.05957
1.641 -4.05515
1.644 -4.05072
1.647 -4.0463
1.65 -4.04189
1.653 -4.03748
1.656 -4.03307
1.659 -4.02867
1.662 -4.02427
1.665 -4.01988
1.668 -4.01549
1.671 -4.01111
1.674 -4.00673
1.677 -4.00236
1.68 -3.99799
1.683 -3.99363
1.686 -3.98927
1.689 -3.98491
1.692 -3.98057
1.695 -3.97622
1.698 -3.97188
1.701 -3.96755
1.704 -3.96322
1.707 -3.9589
1.71 -3.95458
1.713 -3.95027
1.716 -3.94596
1.719 -3.94166
1.722 -3.93736
1.725 -3.93307
1.728 -3.92878
1.731 -3.9245
1.734 -3.92023
1.737 -3.91596
1.74 -3.9117
1.743 -3.90744
1.746 -3.90319
1.749 -3.89894
1.752 -3.89471
1.755 -3.89047
1.758 -3.88625
1.761 -3.88203
1.764 -3.87782
1.767 -3.87361
1.77 -3.86941
1.773 -3.86522
1.776 -3.86103
1.779 -3.85685
1.782 -3.85268
1.785 -3.84851
1.788 -3.84436
1.791 -3.8402
1.794 -3.83606
1.797 -3.83193
1.8 -3.8278
1.803 -3.82368
1.806 -3.81956
1.809 -3.81546
1.812 -3.81136
1.815 -3.80727
1.818 -3.80319
1.821 -3.79912
1.824 -3.79506
1.827 -3.791
1.83 -3.78696
1.833 -3.78292
1.836 -3.77889
1.839 -3.77487
1.842 -3.77086
1.845 -3.76685
1.848 -3.76286
1.851 -3.75888
1.854 -3.7549
1.857 -3.75094
1.86 -3.74698
1.863 -3.74304
1.866 -3.7391
1.869 -3.73518
1.872 -3.73126
1.875 -3.72736
1.878 -3.72346
1.881 -3.71958
1.884 -3.7157
1.887 -3.71184
1.89 -3.70799
1.893 -3.70415
1.896 -3.70031
1.899 -3.69649
1.902 -3.69268
1.905 -3.68889
1.908 -3.6851
1.911 -3.68132
1.914 -3.67756
1.917 -3.67381
1.92 -3.67007
1.923 -3.66634
1.926 -3.66262
1.929 -3.65891
1.932 -3.65522
1.935 -3.65153
1.938 -3.64786
1.941 -3.6442
1.944 -3.64056
1.947 -3.63692
1.95 -3.6333
1.953 -3.62969
1.956 -3.6261
1.959 -3.62251
1.962 -3.61894
1.965 -3.61538
1.968 -3.61183
1.971 -3.6083
1.974 -3.60478
1.977 -3.60127
1.98 -3.59777
1.983 -3.59429
1.986 -3.59081
1.989 -3.58736
1.992 -3.58391
1.995 -3.58048
1.998 -3.57706
2.001 -3.57365
2.004 -3.57026
2.007 -3.56688
2.01 -3.56351
2.013 -3.56016
2.016 -3.55682
2.019 -3.55349
2.022 -3.55017
2.025 -3.54687
2.028 -3.54358
2.031 -3.5403
2.034 -3.53704
2.037 -3.53379
2.04 -3.53055
2.043 -3.52733
2.046 -3.52412
2.049 -3.52092
2.052 -3.51773
2.055 -3.51456
2.058 -3.5114
2.061 -3.50825
2.064 -3.50512
2.067 -3.502
2.07 -3.49889
2.073 -3.49579
2.076 -3.49271
2.079 -3.48964
2.082 -3.48658
2.085 -3.48354
2.088 -3.4805
2.091 -3.47748
2.094 -3.47448
2.097 -3.47148
2.1 -3.4685
2.103 -3.46553
2.106 -3.46257
2.109 -3.45962
2.112 -3.45669
2.115 -3.45377
2.118 -3.45086
2.121 -3.44796
2.124 -3.44508
2.127 -3.44221
2.13 -3.43935
2.133 -3.4365
2.136 -3.43366
2.139 -3.43084
2.142 -3.42803
2.145 -3.42523
2.148 -3.42244
2.151 -3.41966
2.154 -3.4169
2.157 -3.41414
2.16 -3.4114
2.163 -3.40867
2.166 -3.40595
2.169 -3.40325
2.172 -3.40055
2.175 -3.39787
2.178 -3.3952
2.181 -3.39254
2.184 -3.38989
2.187 -3.38726
2.19 -3.38463
2.193 -3.38202
2.196 -3.37942
2.199 -3.37683
2.202 -3.37425
2.205 -3.37169
2.208 -3.36913
2.211 -3.36659
2.214 -3.36406
2.217 -3.36154
2.22 -3.35904
2.223 -3.35654
2.226 -3.35406
2.229 -3.35158
2.232 -3.34913
2.235 -3.34668
2.238 -3.34424
2.241 -3.34182
2.244 -3.33941
2.247 -3.33701
2.25 -3.33462
2.253 -3.33224
2.256 -3.32988
2.259 -3.32753
2.262 -3.32519
2.265 -3.32287
2.268 -3.32055
2.271 -3.31825
2.274 -3.31596
2.277 -3.31369
2.28 -3.31143
2.283 -3.30918
2.286 -3.30694
2.289 -3.30471
2.292 -3.3025
2.295 -3.30031
2.298 -3.29812
2.301 -3.29595
2.304 -3.29379
2.307 -3.29165
2.31 -3.28952
2.313 -3.2874
2.316 -3.2853
2.319 -3.28321
2.322 -3.28113
2.325 -3.27907
2.328 -3.27702
2.331 -3.27499
2.334 -3.27297
2.337 -3.27096
2.34 -3.26897
2.343 -3.267
2.346 -3.26504
2.349 -3.26309
2.352 -3.26116
2.355 -3.25924
2.358 -3.25734
2.361 -3.25545
2.364 -3.25358
2.367 -3.25172
2.37 -3.24988
2.373 -3.24805
2.376 -3.24624
2.379 -3.24445
2.382 -3.24267
2.385 -3.2409
2.388 -3.23916
2.391 -3.23742
2.394 -3.23571
2.397 -3.234
2.4 -3.23232
2.403 -3.23065
2.406 -3.229
2.409 -3.22736
2.412 -3.22574
2.415 -3.22413
2.418 -3.22255
2.421 -3.22097
2.424 -3.21942
2.427 -3.21788
2.43 -3.21636
2.433 -3.21485
2.436 -3.21336
2.439 -3.21188
2.442 -3.21043
2.445 -3.20899
2.448 -3.20756
2.451 -3.20615
2.454 -3.20476
2.457 -3.20339
2.46 -3.20203
2.463 -3.20069
2.466 -3.19936
2.469 -3.19806
2.472 -3.19676
2.475 -3.19549
2.478 -3.19423
2.481 -3.19299
2.484 -3.19176
2.487 -3.19055
2.49 -3.18936
2.493 -3.18818
2.496 -3.18702
2.499 -3.18588
2.502 -3.18475
2.505 -3.18364
2.508 -3.18255
2.511 -3.18147
2.514 -3.1804
2.517 -3.17936
2.52 -3.17833
2.523 -3.17731
2.526 -3.17631
2.529 -3.17533
2.532 -3.17436
2.535 -3.17341
2.538 -3.17247
2.541 -3.17155
2.544 -3.17065
2.547 -3.16976
2.55 -3.16888
2.553 -3.16802
2.556 -3.16718
2.559 -3.16635
2.562 -3.16553
2.565 -3.16473
2.568 -3.16395
2.571 -3.16318
2.574 -3.16242
2.577 -3.16168
2.58 -3.16095
2.583 -3.16024
2.586 -3.15954
2.589 -3.15886
2.592 -3.15819
2.595 -3.15753
2.598 -3.15689
2.601 -3.15626
2.604 -3.15564
2.607 -3.15504
2.61 -3.15445
2.613 -3.15387
2.616 -3.15331
2.619 -3.15276
2.622 -3.15222
2.625 -3.1517
2.628 -3.15119
2.631 -3.15069
2.634 -3.1502
2.637 -3.14973
2.64 -3.14926
2.643 -3.14881
2.646 -3.14837
2.649 -3.14794
2.652 -3.14753
2.655 -3.14712
2.658 -3.14673
2.661 -3.14635
2.664 -3.14598
2.667 -3.14562
2.67 -3.14527
2.673 -3.14493
2.676 -3.1446
2.679 -3.14429
2.682 -3.14398
2.685 -3.14368
2.688 -3.1434
2.691 -3.14312
2.694 -3.14285
2.697 -3.1426
2.7 -3.14235
2.703 -3.14211
2.706 -3.14188
2.709 -3.14166
2.712 -3.14145
2.715 -3.14125
2.718 -3.14106
2.721 -3.14088
2.724 -3.1407
2.727 -3.14054
2.73 -3.14038
2.733 -3.14023
2.736 -3.14009
2.739 -3.13996
2.742 -3.13983
2.745 -3.13972
2.748 -3.13961
2.751 -3.1395
2.754 -3.13941
2.757 -3.13932
2.76 -3.13924
2.763 -3.13917
2.766 -3.13911
2.769 -3.13905
2.772 -3.139
2.775 -3.13895
2.778 -3.13891
2.781 -3.13888
2.784 -3.13886
2.787 -3.13884
2.79 -3.13883
2.793 -3.13882
2.796 -3.13882
2.799 -3.13883
2.802 -3.13884
2.805 -3.13886
2.808 -3.13888
2.811 -3.13891
2.814 -3.13894
2.817 -3.13898
2.82 -3.13903
2.823 -3.13908
2.826 -3.13913
2.829 -3.13919
2.832 -3.13926
2.835 -3.13933
2.838 -3.1394
2.841 -3.13948
2.844 -3.13956
2.847 -3.13965
2.85 -3.13974
2.853 -3.13984
2.856 -3.13994
2.859 -3.14005
2.862 -3.14016
2.865 -3.14027
2.868 -3.14039
2.871 -3.14051
2.874 -3.14064
2.877 -3.14076
2.88 -3.1409
2.883 -3.14103
2.886 -3.14117
2.889 -3.14132
2.892 -3.14146
2.895 -3.14161
2.898 -3.14177
2.901 -3.14192
2.904 -3.14208
2.907 -3.14224
2.91 -3.14241
2.913 -3.14258
2.916 -3.14275
2.919 -3.14292
2.922 -3.1431
2.925 -3.14328
2.928 -3.14346
2.931 -3.14364
2.934 -3.14383
2.937 -3.14402
2.94 -3.14421
2.943 -3.1444
2.946 -3.1446
2.949 -3.1448
2.952 -3.145
2.955 -3.1452
2.958 -3.14541
2.961 -3.14561
2.964 -3.14582
2.967 -3.14603
2.97 -3.14624
2.973 -3.14646
2.976 -3.14667
2.979 -3.14689
2.982 -3.14711
2.985 -3.14733
2.988 -3.14755
2.991 -3.14778
2.994 -3.148
2.997 -3.14823
3 -3.14846
3.001 -10
