0 -10
0.003 -6.91116
0.006 -6.90904
0.009 -6.9069
0.012 -6.90475
0.015 -6.90258
0.018 -6.90039
0.021 -6.89819
0.024 -6.89598
0.027 -6.89374
0.03 -6.8915
0.033 -6.88923
0.036 -6.88695
0.039 -6.88465
0.042 -6.88234
0.045 -6.88001
0.048 -6.87766
0.051 -6.8753
0.054 -6.87292
0.057 -6.87052
0.06 -6.86811
0.063 -6.86568
0.066 -6.86323
0.069 -6.86076
0.072 -6.85828
0.075 -6.85578
0.078 -6.85326
0.081 -6.85072
0.084 -6.84817
0.087 -6.84559
0.09 -6.843
0.093 -6.84039
0.096 -6.83776
0.099 -6.83512
0.102 -6.83245
0.105 -6.82976
0.108 -6.82706
0.111 -6.82434
0.114 -6.82159
0.117 -6.81883
0.12 -6.81605
0.123 -6.81325
0.126 -6.81043
0.129 -6.80759
0.132 -6.80473
0.135 -6.80185
0.138 -6.79894
0.141 -6.79602
0.144 -6.79308
0.147 -6.79011
0.15 -6.78713
0.153 -6.78412
0.156 -6.7811
0.159 -6.77805
0.162 -6.77498
0.165 -6.77189
0.168 -6.76877
0.171 -6.76564
0.174 -6.76248
0.177 -6.7593
0.18 -6.7561
0.183 -6.75288
0.186 -6.74963
0.189 -6.74636
0.192 -6.74307
0.195 -6.73975
0.198 -6.73641
0.201 -6.73305
0.204 -6.72966
0.207 -6.72625
0.21 -6.72282
0.213 -6.71936
0.216 -6.71588
0.219 -6.71237
0.222 -6.70884
0.225 -6.70529
0.228 -6.70171
0.231 -6.6981
0.234 -6.69447
0.237 -6.69082
0.24 -6.68714
0.243 -6.68343
0.246 -6.6797
0.249 -6.67594
0.252 -6.67216
0.255 -6.66835
0.258 -6.66451
0.261 -6.66065
0.264 -6.65676
0.267 -6.65284
0.27 -6.6489
0.273 -6.64493
0.276 -6.64093
0.279 -6.63691
0.282 -6.63286
0.285 -6.62878
0.288 -6.62467
0.291 -6.62053
0.294 -6.61637
0.297 -6.61217
0.3 -6.60795
0.303 -6.6037
0.306 -6.59942
0.309 -6.59511
0.312 -6.59078
0.315 -6.58641
0.318 -6.58201
0.321 -6.57759
0.324 -6.57313
0.327 -6.56865
0.33 -6.56413
0.333 -6.55958
0.336 -6.55501
0.339 -6.5504
0.342 -6.54576
0.345 -6.54109
0.348 -6.53639
0.351 -6.53166
0.354 -6.5269
0.357 -6.5221
0.36 -6.51728
0.363 -6.51242
0.366 -6.50753
0.369 -6.50261
0.372 -6.49766
0.375 -6.49267
0.378 -6.48765
0.381 -6.4826
0.384 -6.47752
0.387 -6.4724
0.39 -6.46725
0.393 -6.46207
0.396 -6.45685
0.399 -6.4516
0.402 -6.44632
0.405 -6.441
0.408 -6.43565
0.411 -6.43026
0.414 -6.42484
0.417 -6.41939
0.42 -6.4139
0.423 -6.40838
0.426 -6.40282
0.429 -6.39723
0.432 -6.39161
0.435 -6.38595
0.438 -6.38025
0.441 -6.37452
0.444 -6.36876
0.447 -6.36296
0.45 -6.35712
0.453 -6.35125
0.456 -6.34534
0.459 -6.3394
0.462 -6.33342
0.465 -6.32741
0.468 -6.32136
0.471 -6.31527
0.474 -6.30915
0.477 -6.303
0.48 -6.2968
0.483 -6.29058
0.486 -6.28431
0.489 -6.27801
0.492 -6.27168
0.495 -6.2653
0.498 -6.25889
0.501 -6.25245
0.504 -6.24597
0.507 -6.23945
0.51 -6.2329
0.513 -6.22631
0.516 -6.21969
0.519 -6.21302
0.522 -6.20633
0.525 -6.19959
0.528 -6.19282
0.531 -6.18602
0.534 -6.17918
0.537 -6.1723
0.54 -6.16539
0.543 -6.15844
0.546 -6.15146
0.549 -6.14444
0.552 -6.13738
0.555 -6.13029
0.558 -6.12317
0.561 -6.116
0.564 -6.10881
0.567 -6.10158
0.57 -6.09431
0.573 -6.08701
0.576 -6.07967
0.579 -6.0723
0.582 -6.0649
0.585 -6.05746
0.588 -6.04999
0.591 -6.04248
0.594 -6.03494
0.597 -6.02737
0.6 -6.01977
0.603 -6.01213
0.606 -6.00445
0.609 -5.99675
0.612 -5.98901
0.615 -5.98124
0.618 -5.97344
0.621 -5.96561
0.624 -5.95775
0.627 -5.94985
0.63 -5.94193
0.633 -5.93397
0.636 -5.92598
0.639 -5.91797
0.642 -5.90992
0.645 -5.90185
0.648 -5.89374
0.651 -5.88561
0.654 -5.87745
0.657 -5.86926
0.66 -5.86104
0.663 -5.8528
0.666 -5.84453
0.669 -5.83623
0.672 -5.82791
0.675 -5.81956
0.678 -5.81119
0.681 -5.80279
0.684 -5.79437
0.687 -5.78592
0.69 -5.77745
0.693 -5.76896
0.696 -5.76044
0.699 -5.7519
0.702 -5.74334
0.705 -5.73476
0.708 -5.72616
0.711 -5.71754
0.714 -5.70889
0.717 -5.70023
0.72 -5.69155
0.723 -5.68285
0.726 -5.67414
0.729 -5.66541
0.732 -5.65666
0.735 -5.64789
0.738 -5.63911
0.741 -5.63031
0.744 -5.6215
0.747 -5.61268
0.75 -5.60384
0.753 -5.59499
0.756 -5.58612
0.759 -5.57725
0.762 -5.56836
0.765 -5.55947
0.768 -5.55056
0.771 -5.54165
0.774 -5.53272
0.777 -5.52379
0.78 -5.51485
0.783 -5.5059
0.786 -5.49695
0.789 -5.48799
0.792 -5.47903
0.795 -5.47006
0.798 -5.46109
0.801 -5.45211
0.804 -5.44314
0.807 -5.43416
0.81 -5.42518
0.813 -5.4162
0.816 -5.40721
0.819 -5.39823
0.822 -5.38925
0.825 -5.38027
0.828 -5.3713
0.831 -5.36232
0.834 -5.35336
0.837 -5.34439
0.84 -5.33543
0.843 -5.32647
0.846 -5.31753
0.849 -5.30858
0.852 -5.29965
0.855 -5.29072
0.858 -5.2818
0.861 -5.27289
0.864 -5.26399
0.867 -5.2551
0.87 -5.24622
0.873 -5.23735
0.876 -5.22849
0.879 -5.21965
0.882 -5.21082
0.885 -5.202
0.888 -5.1932
0.891 -5.18441
0.894 -5.17563
0.897 -5.16688
0.9 -5.15813
0.903 -5.14941
0.906 -5.1407
0.909 -5.13201
0.912 -5.12334
0.915 -5.11468
0.918 -5.10605
0.921 -5.09743
0.924 -5.08884
0.927 -5.08026
0.93 -5.07171
0.933 -5.06318
0.936 -5.05467
0.939 -5.04618
0.942 -5.03771
0.945 -5.02927
0.948 -5.02085
0.951 -5.01246
0.954 -5.00409
0.957 -4.99574
0.96 -4.98742
0.963 -4.97913
0.966 -4.97086
0.969 -4.96261
0.972 -4.95439
0.975 -4.9462
0.978 -4.93804
0.981 -4.9299
0.984 -4.92179
0.987 -4.91371
0.99 -4.90566
0.993 -4.89764
0.996 -4.88964
0.999 -4.88167
1.002 -4.87374
1.005 -4.86583
1.008 -4.85795
1.011 -4.8501
1.014 -4.84228
1.017 -4.83449
1.02 -4.82674
1.023 -4.81901
1.026 -4.81131
1.029 -4.80365
1.032 -4.79601
1.035 -4.78841
1.038 -4.78084
1.041 -4.77329
1.044 -4.76579
1.047 -4.75831
1.05 -4.75086
1.053 -4.74345
1.056 -4.73607
1.059 -4.72872
1.062 -4.7214
1.065 -4.71411
1.068 -4.70686
1.071 -4.69964
1.074 -4.69245
1.077 -4.6853
1.08 -4.67817
1.083 -4.67108
1.086 -4.66402
1.089 -4.657
1.092 -4.65
1.095 -4.64304
1.098 -4.63611
1.101 -4.62921
1.104 -4.62235
1.107 -4.61552
1.11 -4.60872
1.113 -4.60195
1.116 -4.59522
1.119 -4.58851
1.122 -4.58184
1.125 -4.5752
1.128 -4.56859
1.131 -4.56202
1.134 -4.55547
1.137 -4.54896
1.14 -4.54248
1.143 -4.53603
1.146 -4.52962
1.149 -4.52323
1.152 -4.51687
1.155 -4.51055
1.158 -4.50426
1.161 -4.49799
1.164 -4.49176
1.167 -4.48556
1.17 -4.47939
1.173 -4.47325
1.176 -4.46714
1.179 -4.46106
1.182 -4.45501
1.185 -4.44898
1.188 -4.44299
1.191 -4.43703
1.194 -4.4311
1.197 -4.42519
1.2 -4.41932
1.203 -4.41347
1.206 -4.40765
1.209 -4.40186
1.212 -4.3961
1.215 -4.39037
1.218 -4.38466
1.221 -4.37898
1.224 -4.37333
1.227 -4.36771
1.23 -4.36211
1.233 -4.35654
1.236 -4.351
1.239 -4.34548
1.242 -4.33999
1.245 -4.33453
1.248 -4.32909
1.251 -4.32367
1.254 -4.31829
1.257 -4.31292
1.26 -4.30759
1.263 -4.30227
1.266 -4.29699
1.269 -4.29172
1.272 -4.28648
1.275 -4.28127
1.278 -4.27608
1.281 -4.27091
1.284 -4.26576
1.287 -4.26064
1.29 -4.25554
1.293 -4.25047
1.296 -4.24541
1.299 -4.24038
1.302 -4.23537
1.305 -4.23039
1.308 -4.22542
1.311 -4.22048
1.314 -4.21555
1.317 -4.21065
1.32 -4.20577
1.323 -4.20091
1.326 -4.19607
1.329 -4.19125
1.332 -4.18645
1.335 -4.18167
1.338 -4.17691
1.341 -4.17217
1.344 -4.16745
1.347 -4.16274
1.35 -4.15806
1.353 -4.15339
1.356 -4.14874
1.359 -4.14411
1.362 -4.1395
1.365 -4.1349
1.368 -4.13033
1.371 -4.12577
1.374 -4.12122
1.377 -4.1167
1.38 -4.11219
1.383 -4.10769
1.386 -4.10322
1.389 -4.09875
1.392 -4.09431
1.395 -4.08988
1.398 -4.08546
1.401 -4.08106
1.404 -4.07668
1.407 -4.07231
1.41 -4.06795
1.413 -4.06361
1.416 -4.05928
1.419 -4.05497
1.422 -4.05067
1.425 -4.04638
1.428 -4.04211
1.431 -4.03785
1.434 -4.0336
1.437 -4.02937
1.44 -4.02515
1.443 -4.02094
1.446 -4.01674
1.449 -4.01255
1.452 -4.00838
1.455 -4.00422
1.458 -4.00007
1.461 -3.99593
1.464 -3.9918
1.467 -3.98768
1.47 -3.98358
1.473 -3.97948
1.476 -3.97539
1.479 -3.97132
1.482 -3.96725
1.485 -3.9632
1.488 -3.95915
1.491 -3.95512
1.494 -3.95109
1.497 -3.94707
1.5 -3.94306
1.503 -3.93906
1.506 -3.93507
1.509 -3.93109
1.512 -3.92711
1.515 -3.92315
1.518 -3.91919
1.521 -3.91524
1.524 -3.91129
1.527 -3.90736
1.53 -3.90343
1.533 -3.89951
1.536 -3.8956
1.539 -3.89169
1.542 -3.88779
1.545 -3.8839
1.548 -3.88001
1.551 -3.87613
1.554 -3.87226
1.557 -3.86839
1.56 -3.86453
1.563 -3.86067
1.566 -3.85682
1.569 -3.85298
1.572 -3.84914
1.575 -3.84531
1.578 -3.84148
1.581 -3.83765
1.584 -3.83384
1.587 -3.83002
1.59 -3.82621
1.593 -3.82241
1.596 -3.81861
1.599 -3.81482
1.602 -3.81102
1.605 -3.80724
1.608 -3.80346
1.611 -3.79968
1.614 -3.7959
1.617 -3.79213
1.62 -3.78837
1.623 -3.7846
1.626 -3.78084
1.629 -3.77709
1.632 -3.77334
1.635 -3.76959
1.638 -3.76584
1.641 -3.7621
1.644 -3.75836
1.647 -3.75462
1.65 -3.75089
1.653 -3.74716
1.656 -3.74343
1.659 -3.7397
1.662 -3.73598
1.665 -3.73226
1.668 -3.72854
1.671 -3.72483
1.674 -3.72112
1.677 -3.71741
1.68 -3.7137
1.683 -3.71
1.686 -3.70629
1.689 -3.70259
1.692 -3.6989
1.695 -3.6952
1.698 -3.69151
1.701 -3.68782
1.704 -3.68413
1.707 -3.68044
1.71 -3.67676
1.713 -3.67307
1.716 -3.66939
1.719 -3.66571
1.722 -3.66204
1.725 -3.65837
1.728 -3.65469
1.731 -3.65102
1.734 -3.64736
1.737 -3.64369
1.74 -3.64003
1.743 -3.63637
1.746 -3.63271
1.749 -3.62906
1.752 -3.6254
1.755 -3.62175
1.758 -3.61811
1.761 -3.61446
1.764 -3.61082
1.767 -3.60718
1.77 -3.60354
1.773 -3.59991
1.776 -3.59628
1.779 -3.59265
1.782 -3.58902
1.785 -3.5854
1.788 -3.58178
1.791 -3.57816
1.794 -3.57455
1.797 -3.57094
1.8 -3.56734
1.803 -3.56373
1.806 -3.56014
1.809 -3.55654
1.812 -3.55295
1.815 -3.54936
1.818 -3.54578
1.821 -3.54221
1.824 -3.53863
1.827 -3.53506
1.83 -3.5315
1.833 -3.52794
1.836 -3.52439
1.839 -3.52084
1.842 -3.5173
1.845 -3.51376
1.848 -3.51023
1.851 -3.50671
1.854 -3.50319
1.857 -3.49967
1.86 -3.49617
1.863 -3.49267
1.866 -3.48918
1.869 -3.48569
1.872 -3.48221
1.875 -3.47874
1.878 -3.47528
1.881 -3.47182
1.884 -3.46838
1.887 -3.46494
1.89 -3.46151
1.893 -3.45808
1.896 -3.45467
1.899 -3.45127
1.902 -3.44788
1.905 -3.44449
1.908 -3.44112
1.911 -3.43775
1.914 -3.4344
1.917 -3.43106
1.92 -3.42773
1.923 -3.42441
1.926 -3.4211
1.929 -3.4178
1.932 -3.41452
1.935 -3.41125
1.938 -3.40799
1.941 -3.40474
1.944 -3.40151
1.947 -3.39829
1.95 -3.39508
1.953 -3.39189
1.956 -3.38871
1.959 -3.38555
1.962 -3.38241
1.965 -3.37927
1.968 -3.37616
1.971 -3.37306
1.974 -3.36997
1.977 -3.3669
1.98 -3.36385
1.983 -3.36082
1.986 -3.3578
1.989 -3.3548
1.992 -3.35182
1.995 -3.34886
1.998 -3.34592
2.001 -3.34299
2.004 -3.34009
2.007 -3.3372
2.01 -3.33434
2.013 -3.33149
2.016 -3.32867
2.019 -3.32587
2.022 -3.32308
2.025 -3.32032
2.028 -3.31759
2.031 -3.31487
2.034 -3.31218
2.037 -3.3095
2.04 -3.30686
2.043 -3.30423
2.046 -3.30163
2.049 -3.29905
2.052 -3.2965
2.055 -3.29397
2.058 -3.29147
2.061 -3.28899
2.064 -3.28654
2.067 -3.28411
2.07 -3.28171
2.073 -3.27934
2.076 -3.27699
2.079 -3.27467
2.082 -3.27238
2.085 -3.27011
2.088 -3.26787
2.091 -3.26566
2.094 -3.26348
2.097 -3.26132
2.1 -3.25919
2.103 -3.2571
2.106 -3.25503
2.109 -3.25299
2.112 -3.25098
2.115 -3.249
2.118 -3.24705
2.121 -3.24513
2.124 -3.24324
2.127 -3.24138
2.13 -3.23955
2.133 -3.23775
2.136 -3.23598
2.139 -3.23425
2.142 -3.23254
2.145 -3.23087
2.148 -3.22922
2.151 -3.22761
2.154 -3.22603
2.157 -3.22449
2.16 -3.22297
2.163 -3.22149
2.166 -3.22003
2.169 -3.21861
2.172 -3.21723
2.175 -3.21587
2.178 -3.21455
2.181 -3.21326
2.184 -3.212
2.187 -3.21077
2.19 -3.20958
2.193 -3.20842
2.196 -3.20729
2.199 -3.2062
2.202 -3.20513
2.205 -3.2041
2.208 -3.2031
2.211 -3.20214
2.214 -3.2012
2.217 -3.2003
2.22 -3.19943
2.223 -3.1986
2.226 -3.19779
2.229 -3.19702
2.232 -3.19628
2.235 -3.19557
2.238 -3.19489
2.241 -3.19425
2.244 -3.19363
2.247 -3.19305
2.25 -3.1925
2.253 -3.19198
2.256 -3.19149
2.259 -3.19103
2.262 -3.1906
2.265 -3.1902
2.268 -3.18983
2.271 -3.1895
2.274 -3.18919
2.277 -3.18891
2.28 -3.18867
2.283 -3.18845
2.286 -3.18826
2.289 -3.1881
2.292 -3.18797
2.295 -3.18786
2.298 -3.18779
2.301 -3.18774
2.304 -3.18772
2.307 -3.18773
2.31 -3.18777
2.313 -3.18783
2.316 -3.18792
2.319 -3.18803
2.322 -3.18818
2.325 -3.18835
2.328 -3.18854
2.331 -3.18876
2.334 -3.189
2.337 -3.18927
2.34 -3.18957
2.343 -3.18989
2.346 -3.19023
2.349 -3.19059
2.352 -3.19098
2.355 -3.1914
2.358 -3.19183
2.361 -3.19229
2.364 -3.19277
2.367 -3.19327
2.37 -3.1938
2.373 -3.19434
2.376 -3.19491
2.379 -3.1955
2.382 -3.1961
2.385 -3.19673
2.388 -3.19738
2.391 -3.19804
2.394 -3.19873
2.397 -3.19943
2.4 -3.20015
2.403 -3.2009
2.406 -3.20165
2.409 -3.20243
2.412 -3.20322
2.415 -3.20403
2.418 -3.20486
2.421 -3.2057
2.424 -3.20656
2.427 -3.20744
2.43 -3.20833
2.433 -3.20923
2.436 -3.21015
2.439 -3.21108
2.442 -3.21203
2.445 -3.21299
2.448 -3.21397
2.451 -3.21496
2.454 -3.21596
2.457 -3.21697
2.46 -3.218
2.463 -3.21904
2.466 -3.22009
2.469 -3.22115
2.472 -3.22222
2.475 -3.22331
2.478 -3.2244
2.481 -3.22551
2.484 -3.22662
2.487 -3.22774
2.49 -3.22888
2.493 -3.23002
2.496 -3.23117
2.499 -3.23233
2.502 -3.2335
2.505 -3.23468
2.508 -3.23587
2.511 -3.23706
2.514 -3.23826
2.517 -3.23947
2.52 -3.24068
2.523 -3.2419
2.526 -3.24313
2.529 -3.24436
2.532 -3.2456
2.535 -3.24685
2.538 -3.2481
2.541 -3.24936
2.544 -3.25062
2.547 -3.25188
2.55 -3.25316
2.553 -3.25443
2.556 -3.25571
2.559 -3.25699
2.562 -3.25828
2.565 -3.25957
2.568 -3.26087
2.571 -3.26217
2.574 -3.26347
2.577 -3.26477
2.58 -3.26608
2.583 -3.26739
2.586 -3.2687
2.589 -3.27001
2.592 -3.27133
2.595 -3.27265
2.598 -3.27397
2.601 -3.27529
2.604 -3.27661
2.607 -3.27793
2.61 -3.27926
2.613 -3.28058
2.616 -3.28191
2.619 -3.28324
2.622 -3.28457
2.625 -3.28589
2.628 -3.28722
2.631 -3.28855
2.634 -3.28988
2.637 -3.29121
2.64 -3.29253
2.643 -3.29386
2.646 -3.29519
2.649 -3.29652
2.652 -3.29784
2.655 -3.29917
2.658 -3.30049
2.661 -3.30181
2.664 -3.30313
2.667 -3.30445
2.67 -3.30577
2.673 -3.30709
2.676 -3.3084
2.679 -3.30972
2.682 -3.31103
2.685 -3.31234
2.688 -3.31365
2.691 -3.31495
2.694 -3.31626
2.697 -3.31756
2.7 -3.31886
2.703 -3.32016
2.706 -3.32145
2.709 -3.32274
2.712 -3.32403
2.715 -3.32532
2.718 -3.32661
2.721 -3.32789
2.724 -3.32917
2.727 -3.33044
2.73 -3.33171
2.733 -3.33298
2.736 -3.33425
2.739 -3.33552
2.742 -3.33678
2.745 -3.33803
2.748 -3.33929
2.751 -3.34054
2.754 -3.34179
2.757 -3.34303
2.76 -3.34427
2.763 -3.34551
2.766 -3.34674
2.769 -3.34797
2.772 -3.3492
2.775 -3.35042
2.778 -3.35164
2.781 -3.35285
2.784 -3.35407
2.787 -3.35527
2.79 -3.35648
2.793 -3.35768
2.796 -3.35887
2.799 -3.36007
2.802 -3.36125
2.805 -3.36244
2.808 -3.36362
2.811 -3.3648
2.814 -3.36597
2.817 -3.36714
2.82 -3.3683
2.823 -3.36946
2.826 -3.37062
2.829 -3.37177
2.832 -3.37292
2.835 -3.37406
2.838 -3.3752
2.841 -3.37634
2.844 -3.37747
2.847 -3.37859
2.85 -3.37972
2.853 -3.38083
2.856 -3.38195
2.859 -3.38306
2.862 -3.38416
2.865 -3.38527
2.868 -3.38636
2.871 -3.38746
2.874 -3.38855
2.877 -3.38963
2.88 -3.39071
2.883 -3.39179
2.886 -3.39286
2.889 -3.39392
2.892 -3.39499
2.895 -3.39605
2.898 -3.3971
2.901 -3.39815
2.904 -3.3992
2.907 -3.40024
2.91 -3.40128
2.913 -3.40231
2.916 -3.40334
2.919 -3.40436
2.922 -3.40538
2.925 -3.4064
2.928 -3.40741
2.931 -3.40842
2.934 -3.40942
2.937 -3.41042
2.94 -3.41141
2.943 -3.4124
2.946 -3.41339
2.949 -3.41437
2.952 -3.41535
2.955 -3.41632
2.958 -3.41729
2.961 -3.41825
2.964 -3.41922
2.967 -3.42017
2.97 -3.42112
2.973 -3.42207
2.976 -3.42302
2.979 -3.42396
2.982 -3.42489
2.985 -3.42582
2.988 -3.42675
2.991 -3.42767
2.994 -3.42859
2.997 -3.42951
3 -3.43042
3.001 -10
