0 5
0.003 3.85679
0.006 3.85656
0.009 3.85632
0.012 3.85609
0.015 3.85585
0.018 3.85561
0.021 3.85537
0.024 3.85512
0.027 3.85488
0.03 3.85463
0.033 3.85438
0.036 3.85413
0.039 3.85388
0.042 3.85362
0.045 3.85336
0.048 3.85311
0.051 3.85285
0.054 3.85258
0.057 3.85232
0.06 3.85205
0.063 3.85179
0.066 3.85152
0.069 3.85125
0.072 3.85097
0.075 3.8507
0.078 3.85042
0.081 3.85014
0.084 3.84986
0.087 3.84958
0.09 3.84929
0.093 3.84901
0.096 3.84872
0.099 3.84843
0.102 3.84814
0.105 3.84784
0.108 3.84755
0.111 3.84725
0.114 3.84695
0.117 3.84664
0.12 3.84634
0.123 3.84603
0.126 3.84572
0.129 3.84541
0.132 3.8451
0.135 3.84478
0.138 3.84446
0.141 3.84414
0.144 3.84382
0.147 3.8435
0.15 3.84317
0.153 3.84284
0.156 3.84251
0.159 3.84218
0.162 3.84185
0.165 3.84151
0.168 3.84117
0.171 3.84083
0.174 3.84048
0.177 3.84014
0.18 3.83979
0.183 3.83944
0.186 3.83908
0.189 3.83873
0.192 3.83837
0.195 3.83801
0.198 3.83764
0.201 3.83728
0.204 3.83691
0.207 3.83654
0.21 3.83617
0.213 3.83579
0.216 3.83542
0.219 3.83504
0.222 3.83465
0.225 3.83427
0.228 3.83388
0.231 3.83349
0.234 3.8331
0.237 3.8327
0.24 3.8323
0.243 3.8319
0.246 3.8315
0.249 3.8311
0.252 3.83069
0.255 3.83028
0.258 3.82986
0.261 3.82945
0.264 3.82903
0.267 3.82861
0.27 3.82818
0.273 3.82776
0.276 3.82733
0.279 3.8269
0.282 3.82646
0.285 3.82602
0.288 3.82558
0.291 3.82514
0.294 3.8247
0.297 3.82425
0.3 3.8238
0.303 3.82334
0.306 3.82288
0.309 3.82242
0.312 3.82196
0.315 3.8215
0.318 3.82103
0.321 3.82056
0.324 3.82008
0.327 3.81961
0.33 3.81913
0.333 3.81864
0.336 3.81816
0.339 3.81767
0.342 3.81718
0.345 3.81668
0.348 3.81618
0.351 3.81568
0.354 3.81518
0.357 3.81467
0.36 3.81416
0.363 3.81365
0.366 3.81313
0.369 3.81262
0.372 3.81209
0.375 3.81157
0.378 3.81104
0.381 3.81051
0.384 3.80998
0.387 3.80944
0.39 3.8089
0.393 3.80835
0.396 3.80781
0.399 3.80726
0.402 3.8067
0.405 3.80615
0.408 3.80559
0.411 3.80503
0.414 3.80446
0.417 3.80389
0.42 3.80332
0.423 3.80274
0.426 3.80216
0.429 3.80158
0.432 3.801
0.435 3.80041
0.438 3.79982
0.441 3.79922
0.444 3.79862
0.447 3.79802
0.45 3.79742
0.453 3.79681
0.456 3.7962
0.459 3.79558
0.462 3.79497
0.465 3.79434
0.468 3.79372
0.471 3.79309
0.474 3.79246
0.477 3.79183
0.48 3.79119
0.483 3.79055
0.486 3.7899
0.489 3.78925
0.492 3.7886
0.495 3.78795
0.498 3.78729
0.501 3.78663
0.504 3.78596
0.507 3.78529
0.51 3.78462
0.513 3.78394
0.516 3.78326
0.519 3.78258
0.522 3.7819
0.525 3.78121
0.528 3.78051
0.531 3.77982
0.534 3.77912
0.537 3.77841
0.54 3.77771
0.543 3.777
0.546 3.77628
0.549 3.77557
0.552 3.77485
0.555 3.77412
0.558 3.77339
0.561 3.77266
0.564 3.77193
0.567 3.77119
0.57 3.77045
0.573 3.7697
0.576 3.76895
0.579 3.7682
0.582 3.76744
0.585 3.76668
0.588 3.76592
0.591 3.76515
0.594 3.76438
0.597 3.76361
0.6 3.76283
0.603 3.76205
0.606 3.76126
0.609 3.76048
0.612 3.75968
0.615 3.75889
0.618 3.75809
0.621 3.75729
0.624 3.75648
0.627 3.75567
0.63 3.75485
0.633 3.75404
0.636 3.75322
0.639 3.75239
0.642 3.75156
0.645 3.75073
0.648 3.74989
0.651 3.74905
0.654 3.74821
0.657 3.74736
0.66 3.74651
0.663 3.74566
0.666 3.7448
0.669 3.74394
0.672 3.74307
0.675 3.7422
0.678 3.74133
0.681 3.74045
0.684 3.73957
0.687 3.73868
0.69 3.73779
0.693 3.7369
0.696 3.73601
0.699 3.73511
0.702 3.7342
0.705 3.73329
0.708 3.73238
0.711 3.73147
0.714 3.73055
0.717 3.72962
0.72 3.72869
0.723 3.72776
0.726 3.72683
0.729 3.72589
0.732 3.72495
0.735 3.724
0.738 3.72305
0.741 3.72209
0.744 3.72113
0.747 3.72017
0.75 3.7192
0.753 3.71823
0.756 3.71726
0.759 3.71628
0.762 3.71529
0.765 3.71431
0.768 3.71331
0.771 3.71232
0.774 3.71132
0.777 3.71031
0.78 3.70931
0.783 3.70829
0.786 3.70728
0.789 3.70626
0.792 3.70523
0.795 3.7042
0.798 3.70317
0.801 3.70213
0.804 3.70109
0.807 3.70005
0.81 3.699
0.813 3.69794
0.816 3.69688
0.819 3.69582
0.822 3.69475
0.825 3.69368
0.828 3.69261
0.831 3.69153
0.834 3.69044
0.837 3.68935
0.84 3.68826
0.843 3.68716
0.846 3.68606
0.849 3.68496
0.852 3.68385
0.855 3.68273
0.858 3.68161
0.861 3.68049
0.864 3.67936
0.867 3.67823
0.87 3.67709
0.873 3.67595
0.876 3.67481
0.879 3.67366
0.882 3.6725
0.885 3.67135
0.888 3.67018
0.891 3.66902
0.894 3.66784
0.897 3.66667
0.9 3.66549
0.903 3.6643
0.906 3.66312
0.909 3.66192
0.912 3.66073
0.915 3.65952
0.918 3.65832
0.921 3.65711
0.924 3.65589
0.927 3.65467
0.93 3.65345
0.933 3.65222
0.936 3.65099
0.939 3.64976
0.942 3.64851
0.945 3.64727
0.948 3.64602
0.951 3.64477
0.954 3.64351
0.957 3.64225
0.96 3.64099
0.963 3.63972
0.966 3.63844
0.969 3.63716
0.972 3.63588
0.975 3.6346
0.978 3.63331
0.981 3.63201
0.984 3.63072
0.987 3.62941
0.99 3.62811
0.993 3.6268
0.996 3.62549
0.999 3.62417
1.002 3.62285
1.005 3.62152
1.008 3.62019
1.011 3.61886
1.014 3.61753
1.017 3.61619
1.02 3.61484
1.023 3.6135
1.026 3.61215
1.029 3.61079
1.032 3.60943
1.035 3.60807
1.038 3.60671
1.041 3.60534
1.044 3.60397
1.047 3.60259
1.05 3.60122
1.053 3.59984
1.056 3.59845
1.059 3.59706
1.062 3.59567
1.065 3.59428
1.068 3.59288
1.071 3.59148
1.074 3.59008
1.077 3.58867
1.08 3.58726
1.083 3.58585
1.086 3.58444
1.089 3.58302
1.092 3.5816
1.095 3.58018
1.098 3.57875
1.101 3.57732
1.104 3.57589
1.107 3.57446
1.11 3.57302
1.113 3.57158
1.116 3.57014
1.119 3.56869
1.122 3.56725
1.125 3.5658
1.128 3.56435
1.131 3.56289
1.134 3.56144
1.137 3.55998
1.14 3.55852
1.143 3.55706
1.146 3.55559
1.149 3.55413
1.152 3.55266
1.155 3.55119
1.158 3.54972
1.161 3.54824
1.164 3.54676
1.167 3.54529
1.17 3.5438
1.173 3.54232
1.176 3.54084
1.179 3.53935
1.182 3.53786
1.185 3.53638
1.188 3.53488
1.191 3.53339
1.194 3.5319
1.197 3.5304
1.2 3.5289
1.203 3.5274
1.206 3.5259
1.209 3.5244
1.212 3.5229
1.215 3.52139
1.218 3.51989
1.221 3.51838
1.224 3.51687
1.227 3.51536
1.23 3.51385
1.233 3.51233
1.236 3.51082
1.239 3.5093
1.242 3.50778
1.245 3.50626
1.248 3.50474
1.251 3.50322
1.254 3.5017
1.257 3.50018
1.26 3.49865
1.263 3.49712
1.266 3.4956
1.269 3.49407
1.272 3.49254
1.275 3.49101
1.278 3.48948
1.281 3.48794
1.284 3.48641
1.287 3.48487
1.29 3.48334
1.293 3.4818
1.296 3.48026
1.299 3.47872
1.302 3.47718
1.305 3.47563
1.308 3.47409
1.311 3.47254
1.314 3.471
1.317 3.46945
1.32 3.4679
1.323 3.46635
1.326 3.4648
1.329 3.46325
1.332 3.4617
1.335 3.46014
1.338 3.45859
1.341 3.45703
1.344 3.45547
1.347 3.45391
1.35 3.45235
1.353 3.45079
1.356 3.44923
1.359 3.44766
1.362 3.4461
1.365 3.44453
1.368 3.44296
1.371 3.44139
1.374 3.43982
1.377 3.43825
1.38 3.43667
1.383 3.43509
1.386 3.43352
1.389 3.43194
1.392 3.43036
1.395 3.42878
1.398 3.42719
1.401 3.42561
1.404 3.42402
1.407 3.42243
1.41 3.42084
1.413 3.41925
1.416 3.41765
1.419 3.41606
1.422 3.41446
1.425 3.41286
1.428 3.41126
1.431 3.40965
1.434 3.40805
1.437 3.40644
1.44 3.40483
1.443 3.40321
1.446 3.4016
1.449 3.39998
1.452 3.39836
1.455 3.39674
1.458 3.39512
1.461 3.39349
1.464 3.39186
1.467 3.39023
1.47 3.3886
1.473 3.38696
1.476 3.38532
1.479 3.38368
1.482 3.38204
1.485 3.38039
1.488 3.37874
1.491 3.37709
1.494 3.37543
1.497 3.37377
1.5 3.37211
1.503 3.37045
1.506 3.36878
1.509 3.36711
1.512 3.36543
1.515 3.36375
1.518 3.36207
1.521 3.36039
1.524 3.3587
1.527 3.35701
1.53 3.35531
1.533 3.35361
1.536 3.35191
1.539 3.3502
1.542 3.34849
1.545 3.34678
1.548 3.34506
1.551 3.34334
1.554 3.34161
1.557 3.33988
1.56 3.33815
1.563 3.33641
1.566 3.33466
1.569 3.33292
1.572 3.33116
1.575 3.32941
1.578 3.32765
1.581 3.32588
1.584 3.32411
1.587 3.32233
1.59 3.32055
1.593 3.31877
1.596 3.31698
1.599 3.31518
1.602 3.31338
1.605 3.31158
1.608 3.30977
1.611 3.30795
1.614 3.30613
1.617 3.3043
1.62 3.30247
1.623 3.30063
1.626 3.29879
1.629 3.29694
1.632 3.29509
1.635 3.29323
1.638 3.29136
1.641 3.28949
1.644 3.28761
1.647 3.28573
1.65 3.28384
1.653 3.28194
1.656 3.28004
1.659 3.27813
1.662 3.27622
1.665 3.2743
1.668 3.27237
1.671 3.27044
1.674 3.2685
1.677 3.26655
1.68 3.2646
1.683 3.26264
1.686 3.26067
1.689 3.2587
1.692 3.25672
1.695 3.25473
1.698 3.25273
1.701 3.25073
1.704 3.24873
1.707 3.24671
1.71 3.24469
1.713 3.24266
1.716 3.24062
1.719 3.23858
1.722 3.23653
1.725 3.23447
1.728 3.23241
1.731 3.23033
1.734 3.22826
1.737 3.22617
1.74 3.22407
1.743 3.22197
1.746 3.21986
1.749 3.21775
1.752 3.21562
1.755 3.21349
1.758 3.21135
1.761 3.20921
1.764 3.20705
1.767 3.20489
1.77 3.20272
1.773 3.20055
1.776 3.19837
1.779 3.19617
1.782 3.19398
1.785 3.19177
1.788 3.18956
1.791 3.18734
1.794 3.18511
1.797 3.18287
1.8 3.18063
1.803 3.17838
1.806 3.17612
1.809 3.17386
1.812 3.17159
1.815 3.16931
1.818 3.16702
1.821 3.16473
1.824 3.16243
1.827 3.16012
1.83 3.15781
1.833 3.15549
1.836 3.15316
1.839 3.15082
1.842 3.14848
1.845 3.14613
1.848 3.14378
1.851 3.14142
1.854 3.13905
1.857 3.13668
1.86 3.1343
1.863 3.13192
1.866 3.12952
1.869 3.12713
1.872 3.12472
1.875 3.12232
1.878 3.1199
1.881 3.11748
1.884 3.11506
1.887 3.11263
1.89 3.1102
1.893 3.10776
1.896 3.10531
1.899 3.10286
1.902 3.10041
1.905 3.09795
1.908 3.09549
1.911 3.09303
1.914 3.09056
1.917 3.08809
1.92 3.08561
1.923 3.08313
1.926 3.08065
1.929 3.07817
1.932 3.07568
1.935 3.07319
1.938 3.0707
1.941 3.0682
1.944 3.06571
1.947 3.06321
1.95 3.06071
1.953 3.05821
1.956 3.05571
1.959 3.05321
1.962 3.05071
1.965 3.0482
1.968 3.0457
1.971 3.0432
1.974 3.0407
1.977 3.0382
1.98 3.0357
1.983 3.0332
1.986 3.0307
1.989 3.02821
1.992 3.02571
1.995 3.02322
1.998 3.02073
2.001 3.01825
2.004 3.01576
2.007 3.01328
2.01 3.01081
2.013 3.00834
2.016 3.00587
2.019 3.0034
2.022 3.00095
2.025 2.99849
2.028 2.99604
2.031 2.9936
2.034 2.99116
2.037 2.98873
2.04 2.98631
2.043 2.98389
2.046 2.98148
2.049 2.97907
2.052 2.97668
2.055 2.97429
2.058 2.97191
2.061 2.96954
2.064 2.96717
2.067 2.96482
2.07 2.96247
2.073 2.96014
2.076 2.95781
2.079 2.9555
2.082 2.95319
2.085 2.9509
2.088 2.94861
2.091 2.94634
2.094 2.94408
2.097 2.94183
2.1 2.93959
2.103 2.93736
2.106 2.93515
2.109 2.93295
2.112 2.93076
2.115 2.92859
2.118 2.92643
2.121 2.92428
2.124 2.92214
2.127 2.92002
2.13 2.91792
2.133 2.91583
2.136 2.91375
2.139 2.91169
2.142 2.90964
2.145 2.90761
2.148 2.9056
2.151 2.9036
2.154 2.90161
2.157 2.89965
2.16 2.89769
2.163 2.89576
2.166 2.89384
2.169 2.89194
2.172 2.89005
2.175 2.88819
2.178 2.88634
2.181 2.8845
2.184 2.88269
2.187 2.88089
2.19 2.87911
2.193 2.87735
2.196 2.8756
2.199 2.87387
2.202 2.87216
2.205 2.87047
2.208 2.8688
2.211 2.86715
2.214 2.86551
2.217 2.8639
2.22 2.8623
2.223 2.86072
2.226 2.85916
2.229 2.85761
2.232 2.85609
2.235 2.85459
2.238 2.8531
2.241 2.85163
2.244 2.85018
2.247 2.84875
2.25 2.84734
2.253 2.84595
2.256 2.84458
2.259 2.84323
2.262 2.84189
2.265 2.84057
2.268 2.83928
2.271 2.838
2.274 2.83674
2.277 2.8355
2.28 2.83427
2.283 2.83307
2.286 2.83188
2.289 2.83072
2.292 2.82957
2.295 2.82844
2.298 2.82733
2.301 2.82623
2.304 2.82516
2.307 2.8241
2.31 2.82306
2.313 2.82204
2.316 2.82104
2.319 2.82005
2.322 2.81908
2.325 2.81813
2.328 2.8172
2.331 2.81628
2.334 2.81538
2.337 2.8145
2.34 2.81363
2.343 2.81278
2.346 2.81195
2.349 2.81114
2.352 2.81034
2.355 2.80956
2.358 2.80879
2.361 2.80804
2.364 2.80731
2.367 2.80659
2.37 2.80588
2.373 2.8052
2.376 2.80452
2.379 2.80387
2.382 2.80322
2.385 2.8026
2.388 2.80199
2.391 2.80139
2.394 2.8008
2.397 2.80023
2.4 2.79968
2.403 2.79914
2.406 2.79861
2.409 2.7981
2.412 2.7976
2.415 2.79711
2.418 2.79664
2.421 2.79618
2.424 2.79573
2.427 2.79529
2.43 2.79487
2.433 2.79446
2.436 2.79406
2.439 2.79368
2.442 2.7933
2.445 2.79294
2.448 2.79259
2.451 2.79225
2.454 2.79192
2.457 2.7916
2.46 2.7913
2.463 2.791
2.466 2.79072
2.469 2.79044
2.472 2.79018
2.475 2.78992
2.478 2.78968
2.481 2.78945
2.484 2.78922
2.487 2.78901
2.49 2.7888
2.493 2.7886
2.496 2.78842
2.499 2.78824
2.502 2.78807
2.505 2.78791
2.508 2.78776
2.511 2.78761
2.514 2.78748
2.517 2.78735
2.52 2.78723
2.523 2.78712
2.526 2.78701
2.529 2.78691
2.532 2.78682
2.535 2.78674
2.538 2.78667
2.541 2.7866
2.544 2.78654
2.547 2.78648
2.55 2.78643
2.553 2.78639
2.556 2.78636
2.559 2.78633
2.562 2.7863
2.565 2.78629
2.568 2.78627
2.571 2.78627
2.574 2.78627
2.577 2.78627
2.58 2.78629
2.583 2.7863
2.586 2.78632
2.589 2.78635
2.592 2.78638
2.595 2.78642
2.598 2.78646
2.601 2.7865
2.604 2.78655
2.607 2.78661
2.61 2.78667
2.613 2.78673
2.616 2.7868
2.619 2.78687
2.622 2.78694
2.625 2.78702
2.628 2.7871
2.631 2.78719
2.634 2.78728
2.637 2.78737
2.64 2.78747
2.643 2.78757
2.646 2.78767
2.649 2.78778
2.652 2.78789
2.655 2.788
2.658 2.78812
2.661 2.78823
2.664 2.78836
2.667 2.78848
2.67 2.78861
2.673 2.78873
2.676 2.78887
2.679 2.789
2.682 2.78914
2.685 2.78927
2.688 2.78942
2.691 2.78956
2.694 2.7897
2.697 2.78985
2.7 2.79
2.703 2.79015
2.706 2.7903
2.709 2.79046
2.712 2.79061
2.715 2.79077
2.718 2.79093
2.721 2.79109
2.724 2.79125
2.727 2.79142
2.73 2.79158
2.733 2.79175
2.736 2.79192
2.739 2.79209
2.742 2.79226
2.745 2.79243
2.748 2.7926
2.751 2.79278
2.754 2.79295
2.757 2.79313
2.76 2.79331
2.763 2.79349
2.766 2.79366
2.769 2.79384
2.772 2.79402
2.775 2.79421
2.778 2.79439
2.781 2.79457
2.784 2.79475
2.787 2.79494
2.79 2.79512
2.793 2.79531
2.796 2.7955
2.799 2.79568
2.802 2.79587
2.805 2.79606
2.808 2.79624
2.811 2.79643
2.814 2.79662
2.817 2.79681
2.82 2.797
2.823 2.79719
2.826 2.79738
2.829 2.79757
2.832 2.79776
2.835 2.79795
2.838 2.79814
2.841 2.79833
2.844 2.79852
2.847 2.79871
2.85 2.7989
2.853 2.79909
2.856 2.79928
2.859 2.79948
2.862 2.79967
2.865 2.79986
2.868 2.80005
2.871 2.80024
2.874 2.80043
2.877 2.80062
2.88 2.80081
2.883 2.801
2.886 2.80119
2.889 2.80138
2.892 2.80157
2.895 2.80176
2.898 2.80195
2.901 2.80214
2.904 2.80233
2.907 2.80252
2.91 2.80271
2.913 2.8029
2.916 2.80309
2.919 2.80327
2.922 2.80346
2.925 2.80365
2.928 2.80384
2.931 2.80402
2.934 2.80421
2.937 2.8044
2.94 2.80458
2.943 2.80477
2.946 2.80495
2.949 2.80514
2.952 2.80532
2.955 2.8055
2.958 2.80569
2.961 2.80587
2.964 2.80605
2.967 2.80624
2.97 2.80642
2.973 2.8066
2.976 2.80678
2.979 2.80696
2.982 2.80714
2.985 2.80732
2.988 2.8075
2.991 2.80768
2.994 2.80785
2.997 2.80803
3 2.80821
3.001 5
