0 0
0.003 0.397954
0.006 0.398859
0.009 0.39977
0.012 0.400688
0.015 0.401612
0.018 0.402544
0.021 0.403482
0.024 0.404428
0.027 0.40538
0.03 0.406339
0.033 0.407306
0.036 0.40828
0.039 0.409261
0.042 0.410249
0.045 0.411244
0.048 0.412247
0.051 0.413257
0.054 0.414275
0.057 0.415301
0.06 0.416334
0.063 0.417374
0.066 0.418423
0.069 0.419479
0.072 0.420543
0.075 0.421615
0.078 0.422695
0.081 0.423783
0.084 0.424879
0.087 0.425984
0.09 0.427096
0.093 0.428217
0.096 0.429346
0.099 0.430484
0.102 0.43163
0.105 0.432785
0.108 0.433949
0.111 0.435121
0.114 0.436302
0.117 0.437492
0.12 0.43869
0.123 0.439898
0.126 0.441115
0.129 0.442341
0.132 0.443576
0.135 0.44482
0.138 0.446074
0.141 0.447337
0.144 0.448609
0.147 0.449892
0.15 0.451183
0.153 0.452485
0.156 0.453796
0.159 0.455118
0.162 0.456449
0.165 0.45779
0.168 0.459141
0.171 0.460503
0.174 0.461875
0.177 0.463257
0.18 0.464649
0.183 0.466053
0.186 0.467466
0.189 0.468891
0.192 0.470326
0.195 0.471772
0.198 0.473229
0.201 0.474697
0.204 0.476176
0.207 0.477666
0.21 0.479167
0.213 0.48068
0.216 0.482205
0.219 0.48374
0.222 0.485288
0.225 0.486847
0.228 0.488418
0.231 0.490001
0.234 0.491596
0.237 0.493203
0.24 0.494822
0.243 0.496454
0.246 0.498098
0.249 0.499754
0.252 0.501423
0.255 0.503104
0.258 0.504799
0.261 0.506506
0.264 0.508226
0.267 0.509959
0.27 0.511705
0.273 0.513465
0.276 0.515238
0.279 0.517024
0.282 0.518824
0.285 0.520637
0.288 0.522465
0.291 0.524306
0.294 0.526161
0.297 0.52803
0.3 0.529913
0.303 0.531811
0.306 0.533722
0.309 0.535649
0.312 0.53759
0.315 0.539545
0.318 0.541516
0.321 0.543501
0.324 0.545501
0.327 0.547516
0.33 0.549547
0.333 0.551593
0.336 0.553654
0.339 0.555731
0.342 0.557824
0.345 0.559932
0.348 0.562056
0.351 0.564196
0.354 0.566352
0.357 0.568525
0.36 0.570714
0.363 0.572919
0.366 0.57514
0.369 0.577379
0.372 0.579634
0.375 0.581906
0.378 0.584194
0.381 0.5865
0.384 0.588824
0.387 0.591164
0.39 0.593522
0.393 0.595897
0.396 0.59829
0.399 0.600701
0.402 0.60313
0.405 0.605576
0.408 0.608041
0.411 0.610524
0.414 0.613025
0.417 0.615545
0.42 0.618083
0.423 0.62064
0.426 0.623215
0.429 0.62581
0.432 0.628423
0.435 0.631056
0.438 0.633707
0.441 0.636378
0.444 0.639068
0.447 0.641778
0.45 0.644508
0.453 0.647257
0.456 0.650026
0.459 0.652815
0.462 0.655623
0.465 0.658452
0.468 0.661302
0.471 0.664171
0.474 0.667061
0.477 0.669972
0.48 0.672903
0.483 0.675855
0.486 0.678827
0.489 0.681821
0.492 0.684836
0.495 0.687871
0.498 0.690928
0.501 0.694006
0.504 0.697106
0.507 0.700227
0.51 0.70337
0.513 0.706534
0.516 0.70972
0.519 0.712927
0.522 0.716157
0.525 0.719408
0.528 0.722682
0.531 0.725978
0.534 0.729295
0.537 0.732636
0.54 0.735998
0.543 0.739383
0.546 0.74279
0.549 0.74622
0.552 0.749672
0.555 0.753147
0.558 0.756644
0.561 0.760165
0.564 0.763708
0.567 0.767274
0.57 0.770863
0.573 0.774475
0.576 0.77811
0.579 0.781768
0.582 0.785449
0.585 0.789153
0.588 0.79288
0.591 0.79663
0.594 0.800404
0.597 0.804201
0.6 0.808021
0.603 0.811864
0.606 0.81573
0.609 0.81962
0.612 0.823533
0.615 0.82747
0.618 0.83143
0.621 0.835413
0.624 0.839419
0.627 0.843449
0.63 0.847502
0.633 0.851578
0.636 0.855677
0.639 0.8598
0.642 0.863946
0.645 0.868115
0.648 0.872308
0.651 0.876523
0.654 0.880762
0.657 0.885024
0.66 0.889308
0.663 0.893616
0.666 0.897947
0.669 0.9023
0.672 0.906676
0.675 0.911075
0.678 0.915497
0.681 0.919942
0.684 0.924409
0.687 0.928898
0.69 0.93341
0.693 0.937944
0.696 0.9425
0.699 0.947079
0.702 0.951679
0.705 0.956302
0.708 0.960946
0.711 0.965612
0.714 0.9703
0.717 0.975009
0.72 0.97974
0.723 0.984492
0.726 0.989265
0.729 0.994059
0.732 0.998874
0.735 1.00371
0.738 1.00857
0.741 1.01344
0.744 1.01834
0.747 1.02326
0.75 1.0282
0.753 1.03315
0.756 1.03813
0.759 1.04313
0.762 1.04814
0.765 1.05318
0.768 1.05823
0.771 1.06331
0.774 1.0684
0.777 1.07351
0.78 1.07864
0.783 1.08379
0.786 1.08895
0.789 1.09414
0.792 1.09934
0.795 1.10456
0.798 1.10979
0.801 1.11504
0.804 1.12031
0.807 1.1256
0.81 1.1309
0.813 1.13622
0.816 1.14155
0.819 1.14691
0.822 1.15227
0.825 1.15765
0.828 1.16305
0.831 1.16846
0.834 1.17389
0.837 1.17933
0.84 1.18478
0.843 1.19025
0.846 1.19573
0.849 1.20123
0.852 1.20674
0.855 1.21226
0.858 1.21779
0.861 1.22334
0.864 1.2289
0.867 1.23447
0.87 1.24006
0.873 1.24565
0.876 1.25126
0.879 1.25688
0.882 1.2625
0.885 1.26814
0.888 1.27379
0.891 1.27945
0.894 1.28512
0.897 1.2908
0.9 1.29649
0.903 1.30219
0.906 1.3079
0.909 1.31361
0.912 1.31934
0.915 1.32507
0.918 1.33081
0.921 1.33655
0.924 1.34231
0.927 1.34807
0.93 1.35384
0.933 1.35962
0.936 1.3654
0.939 1.37119
0.942 1.37698
0.945 1.38278
0.948 1.38859
0.951 1.3944
0.954 1.40022
0.957 1.40604
0.96 1.41186
0.963 1.41769
0.966 1.42353
0.969 1.42937
0.972 1.43521
0.975 1.44105
0.978 1.4469
0.981 1.45275
0.984 1.45861
0.987 1.46446
0.99 1.47032
0.993 1.47618
0.996 1.48204
0.999 1.48791
1.002 1.49377
1.005 1.49964
1.008 1.50551
1.011 1.51138
1.014 1.51725
1.017 1.52312
1.02 1.52899
1.023 1.53485
1.026 1.54072
1.029 1.54659
1.032 1.55246
1.035 1.55833
1.038 1.5642
1.041 1.57006
1.044 1.57593
1.047 1.58179
1.05 1.58765
1.053 1.59351
1.056 1.59937
1.059 1.60522
1.062 1.61108
1.065 1.61693
1.068 1.62277
1.071 1.62862
1.074 1.63446
1.077 1.6403
1.08 1.64613
1.083 1.65196
1.086 1.65779
1.089 1.66362
1.092 1.66944
1.095 1.67525
1.098 1.68107
1.101 1.68687
1.104 1.69268
1.107 1.69848
1.11 1.70427
1.113 1.71006
1.116 1.71584
1.119 1.72162
1.122 1.7274
1.125 1.73317
1.128 1.73893
1.131 1.74469
1.134 1.75044
1.137 1.75619
1.14 1.76193
1.143 1.76766
1.146 1.77339
1.149 1.77912
1.152 1.78483
1.155 1.79055
1.158 1.79625
1.161 1.80195
1.164 1.80764
1.167 1.81333
1.17 1.81901
1.173 1.82468
1.176 1.83035
1.179 1.83601
1.182 1.84166
1.185 1.8473
1.188 1.85294
1.191 1.85858
1.194 1.8642
1.197 1.86982
1.2 1.87543
1.203 1.88104
1.206 1.88664
1.209 1.89223
1.212 1.89781
1.215 1.90339
1.218 1.90896
1.221 1.91452
1.224 1.92007
1.227 1.92562
1.23 1.93116
1.233 1.9367
1.236 1.94222
1.239 1.94774
1.242 1.95326
1.245 1.95876
1.248 1.96426
1.251 1.96975
1.254 1.97524
1.257 1.98072
1.26 1.98619
1.263 1.99165
1.266 1.99711
1.269 2.00256
1.272 2.00801
1.275 2.01344
1.278 2.01887
1.281 2.0243
1.284 2.02971
1.287 2.03513
1.29 2.04053
1.293 2.04593
1.296 2.05132
1.299 2.05671
1.302 2.06209
1.305 2.06746
1.308 2.07283
1.311 2.07819
1.314 2.08354
1.317 2.08889
1.32 2.09424
1.323 2.09958
1.326 2.10491
1.329 2.11024
1.332 2.11556
1.335 2.12088
1.338 2.12619
1.341 2.1315
1.344 2.1368
1.347 2.1421
1.35 2.14739
1.353 2.15268
1.356 2.15796
1.359 2.16324
1.362 2.16852
1.365 2.17379
1.368 2.17906
1.371 2.18432
1.374 2.18958
1.377 2.19484
1.38 2.20009
1.383 2.20534
1.386 2.21059
1.389 2.21583
1.392 2.22107
1.395 2.22631
1.398 2.23155
1.401 2.23678
1.404 2.24201
1.407 2.24724
1.41 2.25247
1.413 2.2577
1.416 2.26292
1.419 2.26815
1.422 2.27337
1.425 2.27859
1.428 2.28381
1.431 2.28903
1.434 2.29425
1.437 2.29947
1.44 2.30469
1.443 2.30991
1.446 2.31513
1.449 2.32035
1.452 2.32557
1.455 2.33079
1.458 2.33601
1.461 2.34124
1.464 2.34646
1.467 2.35169
1.47 2.35692
1.473 2.36215
1.476 2.36738
1.479 2.37262
1.482 2.37786
1.485 2.3831
1.488 2.38834
1.491 2.39359
1.494 2.39884
1.497 2.4041
1.5 2.40935
1.503 2.41462
1.506 2.41988
1.509 2.42516
1.512 2.43043
1.515 2.43571
1.518 2.441
1.521 2.44629
1.524 2.45159
1.527 2.45689
1.53 2.4622
1.533 2.46752
1.536 2.47284
1.539 2.47817
1.542 2.48351
1.545 2.48885
1.548 2.4942
1.551 2.49956
1.554 2.50493
1.557 2.5103
1.56 2.51569
1.563 2.52108
1.566 2.52648
1.569 2.53189
1.572 2.53731
1.575 2.54274
1.578 2.54818
1.581 2.55363
1.584 2.55909
1.587 2.56455
1.59 2.57003
1.593 2.57553
1.596 2.58103
1.599 2.58654
1.602 2.59207
1.605 2.5976
1.608 2.60315
1.611 2.60871
1.614 2.61429
1.617 2.61987
1.62 2.62547
1.623 2.63108
1.626 2.63671
1.629 2.64235
1.632 2.648
1.635 2.65367
1.638 2.65935
1.641 2.66504
1.644 2.67075
1.647 2.67648
1.65 2.68222
1.653 2.68797
1.656 2.69374
1.659 2.69953
1.662 2.70533
1.665 2.71115
1.668 2.71698
1.671 2.72283
1.674 2.7287
1.677 2.73458
1.68 2.74048
1.683 2.7464
1.686 2.75233
1.689 2.75828
1.692 2.76425
1.695 2.77024
1.698 2.77624
1.701 2.78226
1.704 2.7883
1.707 2.79436
1.71 2.80044
1.713 2.80653
1.716 2.81264
1.719 2.81878
1.722 2.82493
1.725 2.8311
1.728 2.83728
1.731 2.84349
1.734 2.84972
1.737 2.85596
1.74 2.86223
1.743 2.86851
1.746 2.87481
1.749 2.88113
1.752 2.88748
1.755 2.89384
1.758 2.90022
1.761 2.90662
1.764 2.91304
1.767 2.91947
1.77 2.92593
1.773 2.93241
1.776 2.93891
1.779 2.94542
1.782 2.95196
1.785 2.95851
1.788 2.96508
1.791 2.97168
1.794 2.97829
1.797 2.98492
1.8 2.99157
1.803 2.99824
1.806 3.00492
1.809 3.01163
1.812 3.01835
1.815 3.02509
1.818 3.03185
1.821 3.03863
1.824 3.04543
1.827 3.05224
1.83 3.05907
1.833 3.06591
1.836 3.07278
1.839 3.07966
1.842 3.08655
1.845 3.09346
1.848 3.10039
1.851 3.10733
1.854 3.11429
1.857 3.12127
1.86 3.12825
1.863 3.13525
1.866 3.14227
1.869 3.1493
1.872 3.15634
1.875 3.16339
1.878 3.17046
1.881 3.17754
1.884 3.18463
1.887 3.19173
1.89 3.19884
1.893 3.20596
1.896 3.21309
1.899 3.22022
1.902 3.22737
1.905 3.23453
1.908 3.24169
1.911 3.24886
1.914 3.25604
1.917 3.26322
1.92 3.2704
1.923 3.27759
1.926 3.28479
1.929 3.29199
1.932 3.29919
1.935 3.30639
1.938 3.3136
1.941 3.3208
1.944 3.32801
1.947 3.33521
1.95 3.34242
1.953 3.34962
1.956 3.35682
1.959 3.36401
1.962 3.37121
1.965 3.37839
1.968 3.38557
1.971 3.39275
1.974 3.39991
1.977 3.40707
1.98 3.41422
1.983 3.42137
1.986 3.4285
1.989 3.43562
1.992 3.44272
1.995 3.44982
1.998 3.4569
2.001 3.46397
2.004 3.47102
2.007 3.47806
2.01 3.48507
2.013 3.49208
2.016 3.49906
2.019 3.50602
2.022 3.51297
2.025 3.51989
2.028 3.52679
2.031 3.53367
2.034 3.54052
2.037 3.54735
2.04 3.55416
2.043 3.56094
2.046 3.56769
2.049 3.57442
2.052 3.58111
2.055 3.58778
2.058 3.59442
2.061 3.60102
2.064 3.6076
2.067 3.61414
2.07 3.62065
2.073 3.62713
2.076 3.63357
2.079 3.63997
2.082 3.64634
2.085 3.65267
2.088 3.65897
2.091 3.66523
2.094 3.67144
2.097 3.67762
2.1 3.68376
2.103 3.68985
2.106 3.69591
2.109 3.70192
2.112 3.70789
2.115 3.71382
2.118 3.7197
2.121 3.72554
2.124 3.73133
2.127 3.73708
2.13 3.74278
2.133 3.74843
2.136 3.75404
2.139 3.7596
2.142 3.76511
2.145 3.77057
2.148 3.77598
2.151 3.78135
2.154 3.78666
2.157 3.79192
2.16 3.79714
2.163 3.8023
2.166 3.80741
2.169 3.81247
2.172 3.81748
2.175 3.82244
2.178 3.82734
2.181 3.83219
2.184 3.83699
2.187 3.84174
2.19 3.84643
2.193 3.85108
2.196 3.85566
2.199 3.8602
2.202 3.86468
2.205 3.86911
2.208 3.87348
2.211 3.8778
2.214 3.88207
2.217 3.88628
2.22 3.89044
2.223 3.89455
2.226 3.8986
2.229 3.9026
2.232 3.90655
2.235 3.91045
2.238 3.91429
2.241 3.91807
2.244 3.92181
2.247 3.92549
2.25 3.92912
2.253 3.9327
2.256 3.93623
2.259 3.9397
2.262 3.94312
2.265 3.9465
2.268 3.94982
2.271 3.95309
2.274 3.9563
2.277 3.95947
2.28 3.96259
2.283 3.96566
2.286 3.96868
2.289 3.97165
2.292 3.97457
2.295 3.97745
2.298 3.98027
2.301 3.98305
2.304 3.98578
2.307 3.98846
2.31 3.9911
2.313 3.99369
2.316 3.99624
2.319 3.99874
2.322 4.00119
2.325 4.00361
2.328 4.00597
2.331 4.0083
2.334 4.01058
2.337 4.01281
2.34 4.01501
2.343 4.01716
2.346 4.01927
2.349 4.02134
2.352 4.02337
2.355 4.02536
2.358 4.02731
2.361 4.02922
2.364 4.03109
2.367 4.03293
2.37 4.03472
2.373 4.03648
2.376 4.0382
2.379 4.03989
2.382 4.04153
2.385 4.04315
2.388 4.04472
2.391 4.04627
2.394 4.04778
2.397 4.04925
2.4 4.05069
2.403 4.0521
2.406 4.05348
2.409 4.05482
2.412 4.05614
2.415 4.05742
2.418 4.05867
2.421 4.05989
2.424 4.06108
2.427 4.06224
2.43 4.06338
2.433 4.06448
2.436 4.06556
2.439 4.06661
2.442 4.06763
2.445 4.06862
2.448 4.06959
2.451 4.07054
2.454 4.07145
2.457 4.07235
2.46 4.07321
2.463 4.07406
2.466 4.07487
2.469 4.07567
2.472 4.07644
2.475 4.07719
2.478 4.07792
2.481 4.07862
2.484 4.07931
2.487 4.07997
2.49 4.08061
2.493 4.08123
2.496 4.08183
2.499 4.08241
2.502 4.08298
2.505 4.08352
2.508 4.08404
2.511 4.08455
2.514 4.08503
2.517 4.0855
2.52 4.08595
2.523 4.08639
2.526 4.0868
2.529 4.08721
2.532 4.08759
2.535 4.08796
2.538 4.08831
2.541 4.08865
2.544 4.08897
2.547 4.08928
2.55 4.08957
2.553 4.08985
2.556 4.09012
2.559 4.09037
2.562 4.0906
2.565 4.09083
2.568 4.09104
2.571 4.09124
2.574 4.09143
2.577 4.0916
2.58 4.09176
2.583 4.09191
2.586 4.09205
2.589 4.09218
2.592 4.0923
2.595 4.09241
2.598 4.0925
2.601 4.09259
2.604 4.09266
2.607 4.09273
2.61 4.09278
2.613 4.09283
2.616 4.09287
2.619 4.0929
2.622 4.09292
2.625 4.09293
2.628 4.09293
2.631 4.09292
2.634 4.09291
2.637 4.09288
2.64 4.09285
2.643 4.09282
2.646 4.09277
2.649 4.09272
2.652 4.09266
2.655 4.09259
2.658 4.09252
2.661 4.09244
2.664 4.09235
2.667 4.09226
2.67 4.09216
2.673 4.09205
2.676 4.09194
2.679 4.09183
2.682 4.0917
2.685 4.09157
2.688 4.09144
2.691 4.0913
2.694 4.09116
2.697 4.09101
2.7 4.09086
2.703 4.0907
2.706 4.09053
2.709 4.09037
2.712 4.09019
2.715 4.09002
2.718 4.08984
2.721 4.08965
2.724 4.08946
2.727 4.08927
2.73 4.08907
2.733 4.08887
2.736 4.08867
2.739 4.08846
2.742 4.08825
2.745 4.08804
2.748 4.08782
2.751 4.0876
2.754 4.08738
2.757 4.08715
2.76 4.08692
2.763 4.08669
2.766 4.08646
2.769 4.08622
2.772 4.08598
2.775 4.08574
2.778 4.0855
2.781 4.08525
2.784 4.085
2.787 4.08475
2.79 4.0845
2.793 4.08424
2.796 4.08398
2.799 4.08372
2.802 4.08346
2.805 4.0832
2.808 4.08294
2.811 4.08267
2.814 4.0824
2.817 4.08213
2.82 4.08186
2.823 4.08159
2.826 4.08131
2.829 4.08104
2.832 4.08076
2.835 4.08049
2.838 4.08021
2.841 4.07993
2.844 4.07965
2.847 4.07936
2.85 4.07908
2.853 4.0788
2.856 4.07851
2.859 4.07823
2.862 4.07794
2.865 4.07765
2.868 4.07736
2.871 4.07708
2.874 4.07679
2.877 4.0765
2.88 4.07621
2.883 4.07591
2.886 4.07562
2.889 4.07533
2.892 4.07504
2.895 4.07474
2.898 4.07445
2.901 4.07416
2.904 4.07386
2.907 4.07357
2.91 4.07327
2.913 4.07298
2.916 4.07268
2.919 4.07239
2.922 4.07209
2.925 4.0718
2.928 4.0715
2.931 4.07121
2.934 4.07091
2.937 4.07061
2.94 4.07032
2.943 4.07002
2.946 4.06973
2.949 4.06943
2.952 4.06913
2.955 4.06884
2.958 4.06854
2.961 4.06825
2.964 4.06795
2.967 4.06766
2.97 4.06736
2.973 4.06707
2.976 4.06677
2.979 4.06648
2.982 4.06619
2.985 4.06589
2.988 4.0656
2.991 4.06531
2.994 4.06501
2.997 4.06472
3 4.06443
3.001 0
