0 -10
0.003 -6.80039
0.006 -6.79884
0.009 -6.79728
0.012 -6.7957
0.015 -6.79412
0.018 -6.79252
0.021 -6.79091
0.024 -6.78929
0.027 -6.78766
0.03 -6.78601
0.033 -6.78435
0.036 -6.78268
0.039 -6.781
0.042 -6.7793
0.045 -6.77759
0.048 -6.77587
0.051 -6.77413
0.054 -6.77239
0.057 -6.77062
0.06 -6.76885
0.063 -6.76706
0.066 -6.76526
0.069 -6.76345
0.072 -6.76162
0.075 -6.75978
0.078 -6.75793
0.081 -6.75606
0.084 -6.75418
0.087 -6.75228
0.09 -6.75037
0.093 -6.74845
0.096 -6.74651
0.099 -6.74456
0.102 -6.74259
0.105 -6.74061
0.108 -6.73862
0.111 -6.73661
0.114 -6.73459
0.117 -6.73255
0.12 -6.7305
0.123 -6.72843
0.126 -6.72635
0.129 -6.72425
0.132 -6.72214
0.135 -6.72001
0.138 -6.71787
0.141 -6.71571
0.144 -6.71354
0.147 -6.71135
0.15 -6.70914
0.153 -6.70692
0.156 -6.70469
0.159 -6.70243
0.162 -6.70017
0.165 -6.69788
0.168 -6.69558
0.171 -6.69327
0.174 -6.69093
0.177 -6.68859
0.18 -6.68622
0.183 -6.68384
0.186 -6.68144
0.189 -6.67902
0.192 -6.67659
0.195 -6.67414
0.198 -6.67167
0.201 -6.66919
0.204 -6.66669
0.207 -6.66417
0.21 -6.66163
0.213 -6.65908
0.216 -6.65651
0.219 -6.65392
0.222 -6.65131
0.225 -6.64869
0.228 -6.64604
0.231 -6.64338
0.234 -6.6407
0.237 -6.638
0.24 -6.63529
0.243 -6.63255
0.246 -6.6298
0.249 -6.62702
0.252 -6.62423
0.255 -6.62142
0.258 -6.61859
0.261 -6.61574
0.264 -6.61287
0.267 -6.60998
0.27 -6.60707
0.273 -6.60414
0.276 -6.60119
0.279 -6.59822
0.282 -6.59523
0.285 -6.59222
0.288 -6.58919
0.291 -6.58614
0.294 -6.58307
0.297 -6.57998
0.3 -6.57687
0.303 -6.57373
0.306 -6.57058
0.309 -6.5674
0.312 -6.56421
0.315 -6.56099
0.318 -6.55775
0.321 -6.55448
0.324 -6.5512
0.327 -6.54789
0.33 -6.54456
0.333 -6.54121
0.336 -6.53784
0.339 -6.53444
0.342 -6.53102
0.345 -6.52758
0.348 -6.52411
0.351 -6.52062
0.354 -6.51711
0.357 -6.51358
0.36 -6.51002
0.363 -6.50644
0.366 -6.50283
0.369 -6.4992
0.372 -6.49555
0.375 -6.49187
0.378 -6.48816
0.381 -6.48444
0.384 -6.48069
0.387 -6.47691
0.39 -6.47311
0.393 -6.46928
0.396 -6.46543
0.399 -6.46155
0.402 -6.45764
0.405 -6.45371
0.408 -6.44976
0.411 -6.44578
0.414 -6.44177
0.417 -6.43774
0.42 -6.43368
0.423 -6.42959
0.426 -6.42548
0.429 -6.42134
0.432 -6.41717
0.435 -6.41297
0.438 -6.40875
0.441 -6.4045
0.444 -6.40022
0.447 -6.39592
0.45 -6.39158
0.453 -6.38722
0.456 -6.38283
0.459 -6.37841
0.462 -6.37397
0.465 -6.36949
0.468 -6.36499
0.471 -6.36045
0.474 -6.35589
0.477 -6.3513
0.48 -6.34668
0.483 -6.34202
0.486 -6.33734
0.489 -6.33263
0.492 -6.32789
0.495 -6.32312
0.498 -6.31832
0.501 -6.31348
0.504 -6.30862
0.507 -6.30373
0.51 -6.2988
0.513 -6.29384
0.516 -6.28886
0.519 -6.28384
0.522 -6.27878
0.525 -6.2737
0.528 -6.26859
0.531 -6.26344
0.534 -6.25826
0.537 -6.25305
0.54 -6.24781
0.543 -6.24253
0.546 -6.23722
0.549 -6.23188
0.552 -6.22651
0.555 -6.2211
0.558 -6.21566
0.561 -6.21019
0.564 -6.20468
0.567 -6.19914
0.57 -6.19356
0.573 -6.18796
0.576 -6.18231
0.579 -6.17664
0.582 -6.17093
0.585 -6.16518
0.588 -6.1594
0.591 -6.15359
0.594 -6.14774
0.597 -6.14186
0.6 -6.13595
0.603 -6.12999
0.606 -6.12401
0.609 -6.11799
0.612 -6.11193
0.615 -6.10584
0.618 -6.09971
0.621 -6.09355
0.624 -6.08736
0.627 -6.08113
0.63 -6.07486
0.633 -6.06856
0.636 -6.06222
0.639 -6.05585
0.642 -6.04944
0.645 -6.043
0.648 -6.03652
0.651 -6.03
0.654 -6.02345
0.657 -6.01687
0.66 -6.01025
0.663 -6.00359
0.666 -5.9969
0.669 -5.99017
0.672 -5.98341
0.675 -5.97661
0.678 -5.96978
0.681 -5.96291
0.684 -5.95601
0.687 -5.94907
0.69 -5.9421
0.693 -5.93509
0.696 -5.92805
0.699 -5.92097
0.702 -5.91386
0.705 -5.90672
0.708 -5.89953
0.711 -5.89232
0.714 -5.88507
0.717 -5.87779
0.72 -5.87047
0.723 -5.86312
0.726 -5.85573
0.729 -5.84832
0.732 -5.84087
0.735 -5.83338
0.738 -5.82587
0.741 -5.81832
0.744 -5.81073
0.747 -5.80312
0.75 -5.79547
0.753 -5.7878
0.756 -5.78009
0.759 -5.77235
0.762 -5.76458
0.765 -5.75678
0.768 -5.74895
0.771 -5.74108
0.774 -5.73319
0.777 -5.72527
0.78 -5.71732
0.783 -5.70934
0.786 -5.70134
0.789 -5.6933
0.792 -5.68524
0.795 -5.67715
0.798 -5.66903
0.801 -5.66089
0.804 -5.65272
0.807 -5.64452
0.81 -5.6363
0.813 -5.62806
0.816 -5.61979
0.819 -5.6115
0.822 -5.60318
0.825 -5.59484
0.828 -5.58648
0.831 -5.57809
0.834 -5.56969
0.837 -5.56126
0.84 -5.55281
0.843 -5.54434
0.846 -5.53586
0.849 -5.52735
0.852 -5.51883
0.855 -5.51028
0.858 -5.50172
0.861 -5.49315
0.864 -5.48456
0.867 -5.47595
0.87 -5.46733
0.873 -5.45869
0.876 -5.45004
0.879 -5.44137
0.882 -5.4327
0.885 -5.42401
0.888 -5.41531
0.891 -5.4066
0.894 -5.39788
0.897 -5.38915
0.9 -5.38041
0.903 -5.37166
0.906 -5.36291
0.909 -5.35415
0.912 -5.34538
0.915 -5.33661
0.918 -5.32784
0.921 -5.31906
0.924 -5.31027
0.927 -5.30149
0.93 -5.2927
0.933 -5.28391
0.936 -5.27512
0.939 -5.26633
0.942 -5.25754
0.945 -5.24876
0.948 -5.23997
0.951 -5.23119
0.954 -5.22242
0.957 -5.21364
0.96 -5.20488
0.963 -5.19612
0.966 -5.18736
0.969 -5.17861
0.972 -5.16987
0.975 -5.16114
0.978 -5.15242
0.981 -5.14371
0.984 -5.13501
0.987 -5.12632
0.99 -5.11765
0.993 -5.10898
0.996 -5.10033
0.999 -5.0917
1.002 -5.08308
1.005 -5.07447
1.008 -5.06589
1.011 -5.05731
1.014 -5.04876
1.017 -5.04022
1.02 -5.03171
1.023 -5.02321
1.026 -5.01473
1.029 -5.00628
1.032 -4.99784
1.035 -4.98943
1.038 -4.98104
1.041 -4.97267
1.044 -4.96433
1.047 -4.95601
1.05 -4.94772
1.053 -4.93945
1.056 -4.93121
1.059 -4.92299
1.062 -4.91481
1.065 -4.90665
1.068 -4.89851
1.071 -4.89041
1.074 -4.88234
1.077 -4.87429
1.08 -4.86628
1.083 -4.8583
1.086 -4.85034
1.089 -4.84242
1.092 -4.83454
1.095 -4.82668
1.098 -4.81886
1.101 -4.81107
1.104 -4.80331
1.107 -4.79559
1.11 -4.7879
1.113 -4.78025
1.116 -4.77264
1.119 -4.76505
1.122 -4.75751
1.125 -4.75
1.128 -4.74253
1.131 -4.73509
1.134 -4.72769
1.137 -4.72033
1.14 -4.71301
1.143 -4.70572
1.146 -4.69847
1.149 -4.69127
1.152 -4.6841
1.155 -4.67696
1.158 -4.66987
1.161 -4.66282
1.164 -4.65581
1.167 -4.64883
1.17 -4.6419
1.173 -4.635
1.176 -4.62815
1.179 -4.62133
1.182 -4.61456
1.185 -4.60783
1.188 -4.60114
1.191 -4.59448
1.194 -4.58787
1.197 -4.5813
1.2 -4.57477
1.203 -4.56828
1.206 -4.56184
1.209 -4.55543
1.212 -4.54906
1.215 -4.54274
1.218 -4.53645
1.221 -4.53021
1.224 -4.52401
1.227 -4.51785
1.23 -4.51173
1.233 -4.50565
1.236 -4.49961
1.239 -4.49361
1.242 -4.48766
1.245 -4.48174
1.248 -4.47587
1.251 -4.47003
1.254 -4.46424
1.257 -4.45848
1.26 -4.45277
1.263 -4.44709
1.266 -4.44146
1.269 -4.43587
1.272 -4.43031
1.275 -4.4248
1.278 -4.41932
1.281 -4.41389
1.284 -4.40849
1.287 -4.40313
1.29 -4.39781
1.293 -4.39253
1.296 -4.38729
1.299 -4.38208
1.302 -4.37692
1.305 -4.37179
1.308 -4.3667
1.311 -4.36165
1.314 -4.35663
1.317 -4.35165
1.32 -4.34671
1.323 -4.3418
1.326 -4.33693
1.329 -4.3321
1.332 -4.3273
1.335 -4.32254
1.338 -4.31781
1.341 -4.31312
1.344 -4.30846
1.347 -4.30384
1.35 -4.29925
1.353 -4.2947
1.356 -4.29018
1.359 -4.28569
1.362 -4.28123
1.365 -4.27681
1.368 -4.27242
1.371 -4.26807
1.374 -4.26374
1.377 -4.25945
1.38 -4.25519
1.383 -4.25096
1.386 -4.24676
1.389 -4.2426
1.392 -4.23846
1.395 -4.23435
1.398 -4.23027
1.401 -4.22622
1.404 -4.2222
1.407 -4.21821
1.41 -4.21425
1.413 -4.21031
1.416 -4.20641
1.419 -4.20253
1.422 -4.19868
1.425 -4.19485
1.428 -4.19105
1.431 -4.18728
1.434 -4.18353
1.437 -4.17981
1.44 -4.17612
1.443 -4.17245
1.446 -4.1688
1.449 -4.16518
1.452 -4.16158
1.455 -4.158
1.458 -4.15445
1.461 -4.15093
1.464 -4.14742
1.467 -4.14394
1.47 -4.14047
1.473 -4.13704
1.476 -4.13362
1.479 -4.13022
1.482 -4.12684
1.485 -4.12349
1.488 -4.12015
1.491 -4.11683
1.494 -4.11353
1.497 -4.11025
1.5 -4.10699
1.503 -4.10375
1.506 -4.10053
1.509 -4.09732
1.512 -4.09413
1.515 -4.09096
1.518 -4.08781
1.521 -4.08467
1.524 -4.08154
1.527 -4.07844
1.53 -4.07534
1.533 -4.07227
1.536 -4.06921
1.539 -4.06616
1.542 -4.06312
1.545 -4.0601
1.548 -4.0571
1.551 -4.0541
1.554 -4.05112
1.557 -4.04815
1.56 -4.0452
1.563 -4.04225
1.566 -4.03932
1.569 -4.0364
1.572 -4.03348
1.575 -4.03058
1.578 -4.02769
1.581 -4.02481
1.584 -4.02194
1.587 -4.01908
1.59 -4.01623
1.593 -4.01338
1.596 -4.01055
1.599 -4.00772
1.602 -4.0049
1.605 -4.00209
1.608 -3.99928
1.611 -3.99649
1.614 -3.99369
1.617 -3.99091
1.62 -3.98813
1.623 -3.98536
1.626 -3.98259
1.629 -3.97983
1.632 -3.97707
1.635 -3.97432
1.638 -3.97157
1.641 -3.96883
1.644 -3.96609
1.647 -3.96335
1.65 -3.96062
1.653 -3.95789
1.656 -3.95516
1.659 -3.95244
1.662 -3.94972
1.665 -3.947
1.668 -3.94428
1.671 -3.94156
1.674 -3.93885
1.677 -3.93614
1.68 -3.93343
1.683 -3.93071
1.686 -3.928
1.689 -3.92529
1.692 -3.92258
1.695 -3.91987
1.698 -3.91716
1.701 -3.91445
1.704 -3.91174
1.707 -3.90903
1.71 -3.90632
1.713 -3.90361
1.716 -3.90089
1.719 -3.89818
1.722 -3.89546
1.725 -3.89274
1.728 -3.89002
1.731 -3.88729
1.734 -3.88457
1.737 -3.88184
1.74 -3.87911
1.743 -3.87638
1.746 -3.87364
1.749 -3.87091
1.752 -3.86817
1.755 -3.86542
1.758 -3.86268
1.761 -3.85993
1.764 -3.85717
1.767 -3.85442
1.77 -3.85166
1.773 -3.84889
1.776 -3.84613
1.779 -3.84336
1.782 -3.84058
1.785 -3.83781
1.788 -3.83503
1.791 -3.83224
1.794 -3.82945
1.797 -3.82666
1.8 -3.82387
1.803 -3.82107
1.806 -3.81826
1.809 -3.81546
1.812 -3.81265
1.815 -3.80983
1.818 -3.80701
1.821 -3.80419
1.824 -3.80137
1.827 -3.79854
1.83 -3.79571
1.833 -3.79287
1.836 -3.79003
1.839 -3.78719
1.842 -3.78435
1.845 -3.7815
1.848 -3.77865
1.851 -3.77579
1.854 -3.77294
1.857 -3.77008
1.86 -3.76722
1.863 -3.76435
1.866 -3.76148
1.869 -3.75862
1.872 -3.75574
1.875 -3.75287
1.878 -3.75
1.881 -3.74712
1.884 -3.74424
1.887 -3.74136
1.89 -3.73848
1.893 -3.7356
1.896 -3.73272
1.899 -3.72983
1.902 -3.72695
1.905 -3.72406
1.908 -3.72118
1.911 -3.71829
1.914 -3.71541
1.917 -3.71253
1.92 -3.70964
1.923 -3.70676
1.926 -3.70388
1.929 -3.701
1.932 -3.69812
1.935 -3.69524
1.938 -3.69236
1.941 -3.68949
1.944 -3.68662
1.947 -3.68375
1.95 -3.68088
1.953 -3.67802
1.956 -3.67516
1.959 -3.6723
1.962 -3.66944
1.965 -3.66659
1.968 -3.66375
1.971 -3.6609
1.974 -3.65807
1.977 -3.65523
1.98 -3.6524
1.983 -3.64958
1.986 -3.64676
1.989 -3.64394
1.992 -3.64113
1.995 -3.63833
1.998 -3.63553
2.001 -3.63274
2.004 -3.62996
2.007 -3.62718
2.01 -3.62441
2.013 -3.62164
2.016 -3.61888
2.019 -3.61613
2.022 -3.61339
2.025 -3.61065
2.028 -3.60792
2.031 -3.6052
2.034 -3.60249
2.037 -3.59978
2.04 -3.59708
2.043 -3.5944
2.046 -3.59172
2.049 -3.58904
2.052 -3.58638
2.055 -3.58373
2.058 -3.58108
2.061 -3.57845
2.064 -3.57582
2.067 -3.57321
2.07 -3.5706
2.073 -3.568
2.076 -3.56542
2.079 -3.56284
2.082 -3.56027
2.085 -3.55772
2.088 -3.55517
2.091 -3.55263
2.094 -3.55011
2.097 -3.54759
2.1 -3.54509
2.103 -3.5426
2.106 -3.54011
2.109 -3.53764
2.112 -3.53518
2.115 -3.53273
2.118 -3.5303
2.121 -3.52787
2.124 -3.52545
2.127 -3.52305
2.13 -3.52066
2.133 -3.51828
2.136 -3.51591
2.139 -3.51356
2.142 -3.51122
2.145 -3.50888
2.148 -3.50657
2.151 -3.50426
2.154 -3.50197
2.157 -3.49969
2.16 -3.49742
2.163 -3.49516
2.166 -3.49292
2.169 -3.49069
2.172 -3.48848
2.175 -3.48627
2.178 -3.48408
2.181 -3.48191
2.184 -3.47975
2.187 -3.4776
2.19 -3.47547
2.193 -3.47335
2.196 -3.47124
2.199 -3.46915
2.202 -3.46707
2.205 -3.46501
2.208 -3.46297
2.211 -3.46093
2.214 -3.45892
2.217 -3.45692
2.22 -3.45493
2.223 -3.45296
2.226 -3.45101
2.229 -3.44907
2.232 -3.44715
2.235 -3.44524
2.238 -3.44335
2.241 -3.44148
2.244 -3.43962
2.247 -3.43778
2.25 -3.43596
2.253 -3.43416
2.256 -3.43237
2.259 -3.4306
2.262 -3.42885
2.265 -3.42711
2.268 -3.4254
2.271 -3.4237
2.274 -3.42202
2.277 -3.42036
2.28 -3.41872
2.283 -3.4171
2.286 -3.41549
2.289 -3.41391
2.292 -3.41235
2.295 -3.4108
2.298 -3.40928
2.301 -3.40777
2.304 -3.40628
2.307 -3.40482
2.31 -3.40337
2.313 -3.40195
2.316 -3.40054
2.319 -3.39916
2.322 -3.3978
2.325 -3.39646
2.328 -3.39513
2.331 -3.39383
2.334 -3.39256
2.337 -3.3913
2.34 -3.39006
2.343 -3.38885
2.346 -3.38766
2.349 -3.38648
2.352 -3.38533
2.355 -3.38421
2.358 -3.3831
2.361 -3.38202
2.364 -3.38095
2.367 -3.37991
2.37 -3.37889
2.373 -3.3779
2.376 -3.37692
2.379 -3.37597
2.382 -3.37504
2.385 -3.37413
2.388 -3.37324
2.391 -3.37238
2.394 -3.37153
2.397 -3.37071
2.4 -3.36991
2.403 -3.36913
2.406 -3.36838
2.409 -3.36764
2.412 -3.36693
2.415 -3.36624
2.418 -3.36557
2.421 -3.36492
2.424 -3.3643
2.427 -3.36369
2.43 -3.3631
2.433 -3.36254
2.436 -3.362
2.439 -3.36148
2.442 -3.36098
2.445 -3.36049
2.448 -3.36003
2.451 -3.35959
2.454 -3.35917
2.457 -3.35877
2.46 -3.35839
2.463 -3.35803
2.466 -3.35769
2.469 -3.35737
2.472 -3.35707
2.475 -3.35679
2.478 -3.35652
2.481 -3.35628
2.484 -3.35605
2.487 -3.35584
2.49 -3.35565
2.493 -3.35548
2.496 -3.35532
2.499 -3.35519
2.502 -3.35507
2.505 -3.35496
2.508 -3.35488
2.511 -3.35481
2.514 -3.35476
2.517 -3.35472
2.52 -3.3547
2.523 -3.3547
2.526 -3.35471
2.529 -3.35474
2.532 -3.35478
2.535 -3.35484
2.538 -3.35491
2.541 -3.355
2.544 -3.3551
2.547 -3.35522
2.55 -3.35535
2.553 -3.3555
2.556 -3.35565
2.559 -3.35582
2.562 -3.35601
2.565 -3.35621
2.568 -3.35642
2.571 -3.35664
2.574 -3.35688
2.577 -3.35712
2.58 -3.35738
2.583 -3.35765
2.586 -3.35794
2.589 -3.35823
2.592 -3.35854
2.595 -3.35885
2.598 -3.35918
2.601 -3.35951
2.604 -3.35986
2.607 -3.36022
2.61 -3.36059
2.613 -3.36096
2.616 -3.36135
2.619 -3.36174
2.622 -3.36215
2.625 -3.36256
2.628 -3.36298
2.631 -3.36341
2.634 -3.36385
2.637 -3.3643
2.64 -3.36475
2.643 -3.36522
2.646 -3.36569
2.649 -3.36616
2.652 -3.36665
2.655 -3.36714
2.658 -3.36764
2.661 -3.36814
2.664 -3.36865
2.667 -3.36917
2.67 -3.36969
2.673 -3.37022
2.676 -3.37076
2.679 -3.3713
2.682 -3.37185
2.685 -3.3724
2.688 -3.37296
2.691 -3.37352
2.694 -3.37409
2.697 -3.37466
2.7 -3.37524
2.703 -3.37582
2.706 -3.3764
2.709 -3.37699
2.712 -3.37759
2.715 -3.37818
2.718 -3.37878
2.721 -3.37939
2.724 -3.38
2.727 -3.38061
2.73 -3.38123
2.733 -3.38184
2.736 -3.38246
2.739 -3.38309
2.742 -3.38372
2.745 -3.38435
2.748 -3.38498
2.751 -3.38561
2.754 -3.38625
2.757 -3.38689
2.76 -3.38753
2.763 -3.38817
2.766 -3.38882
2.769 -3.38946
2.772 -3.39011
2.775 -3.39076
2.778 -3.39142
2.781 -3.39207
2.784 -3.39272
2.787 -3.39338
2.79 -3.39404
2.793 -3.39469
2.796 -3.39535
2.799 -3.39601
2.802 -3.39667
2.805 -3.39734
2.808 -3.398
2.811 -3.39866
2.814 -3.39932
2.817 -3.39999
2.82 -3.40065
2.823 -3.40132
2.826 -3.40198
2.829 -3.40265
2.832 -3.40331
2.835 -3.40398
2.838 -3.40464
2.841 -3.40531
2.844 -3.40597
2.847 -3.40664
2.85 -3.4073
2.853 -3.40796
2.856 -3.40863
2.859 -3.40929
2.862 -3.40995
2.865 -3.41062
2.868 -3.41128
2.871 -3.41194
2.874 -3.4126
2.877 -3.41326
2.88 -3.41392
2.883 -3.41458
2.886 -3.41523
2.889 -3.41589
2.892 -3.41655
2.895 -3.4172
2.898 -3.41785
2.901 -3.41851
2.904 -3.41916
2.907 -3.41981
2.91 -3.42046
2.913 -3.4211
2.916 -3.42175
2.919 -3.4224
2.922 -3.42304
2.925 -3.42368
2.928 -3.42432
2.931 -3.42497
2.934 -3.4256
2.937 -3.42624
2.94 -3.42688
2.943 -3.42751
2.946 -3.42814
2.949 -3.42878
2.952 -3.4294
2.955 -3.43003
2.958 -3.43066
2.961 -3.43128
2.964 -3.43191
2.967 -3.43253
2.97 -3.43315
2.973 -3.43377
2.976 -3.43438
2.979 -3.435
2.982 -3.43561
2.985 -3.43622
2.988 -3.43683
2.991 -3.43744
2.994 -3.43805
2.997 -3.43865
3 -3.43925
3.001 -10
