0 0
0.003 0.117768
0.006 0.118337
0.009 0.11891
0.012 0.119487
0.015 0.120069
0.018 0.120655
0.021 0.121246
0.024 0.121842
0.027 0.122442
0.03 0.123047
0.033 0.123656
0.036 0.124271
0.039 0.12489
0.042 0.125514
0.045 0.126142
0.048 0.126776
0.051 0.127414
0.054 0.128057
0.057 0.128705
0.06 0.129359
0.063 0.130017
0.066 0.13068
0.069 0.131349
0.072 0.132022
0.075 0.132701
0.078 0.133385
0.081 0.134074
0.084 0.134768
0.087 0.135468
0.09 0.136173
0.093 0.136883
0.096 0.137599
0.099 0.13832
0.102 0.139047
0.105 0.139779
0.108 0.140517
0.111 0.14126
0.114 0.142009
0.117 0.142764
0.12 0.143524
0.123 0.14429
0.126 0.145062
0.129 0.14584
0.132 0.146624
0.135 0.147414
0.138 0.148209
0.141 0.149011
0.144 0.149819
0.147 0.150633
0.15 0.151453
0.153 0.152279
0.156 0.153111
0.159 0.15395
0.162 0.154795
0.165 0.155646
0.168 0.156504
0.171 0.157368
0.174 0.158239
0.177 0.159116
0.18 0.16
0.183 0.16089
0.186 0.161787
0.189 0.162691
0.192 0.163602
0.195 0.16452
0.198 0.165444
0.201 0.166376
0.204 0.167314
0.207 0.168259
0.21 0.169212
0.213 0.170172
0.216 0.171138
0.219 0.172112
0.222 0.173094
0.225 0.174083
0.228 0.175079
0.231 0.176083
0.234 0.177094
0.237 0.178113
0.24 0.179139
0.243 0.180173
0.246 0.181215
0.249 0.182265
0.252 0.183322
0.255 0.184388
0.258 0.185461
0.261 0.186543
0.264 0.187632
0.267 0.18873
0.27 0.189836
0.273 0.19095
0.276 0.192073
0.279 0.193204
0.282 0.194344
0.285 0.195492
0.288 0.196649
0.291 0.197814
0.294 0.198988
0.297 0.200171
0.3 0.201363
0.303 0.202564
0.306 0.203774
0.309 0.204993
0.312 0.206221
0.315 0.207458
0.318 0.208705
0.321 0.209961
0.324 0.211227
0.327 0.212502
0.33 0.213786
0.333 0.215081
0.336 0.216385
0.339 0.217699
0.342 0.219022
0.345 0.220356
0.348 0.2217
0.351 0.223054
0.354 0.224418
0.357 0.225793
0.36 0.227177
0.363 0.228573
0.366 0.229979
0.369 0.231395
0.372 0.232822
0.375 0.23426
0.378 0.235709
0.381 0.237169
0.384 0.23864
0.387 0.240122
0.39 0.241615
0.393 0.24312
0.396 0.244636
0.399 0.246163
0.402 0.247702
0.405 0.249253
0.408 0.250815
0.411 0.25239
0.414 0.253976
0.417 0.255574
0.42 0.257185
0.423 0.258808
0.426 0.260443
0.429 0.262091
0.432 0.263751
0.435 0.265423
0.438 0.267109
0.441 0.268807
0.444 0.270518
0.447 0.272243
0.45 0.27398
0.453 0.275731
0.456 0.277495
0.459 0.279272
0.462 0.281064
0.465 0.282868
0.468 0.284687
0.471 0.286519
0.474 0.288366
0.477 0.290226
0.48 0.292101
0.483 0.29399
0.486 0.295893
0.489 0.297811
0.492 0.299744
0.495 0.301691
0.498 0.303653
0.501 0.305631
0.504 0.307623
0.507 0.30963
0.51 0.311653
0.513 0.313692
0.516 0.315745
0.519 0.317815
0.522 0.3199
0.525 0.322001
0.528 0.324119
0.531 0.326252
0.534 0.328402
0.537 0.330568
0.54 0.33275
0.543 0.33495
0.546 0.337165
0.549 0.339398
0.552 0.341648
0.555 0.343915
0.558 0.346199
0.561 0.3485
0.564 0.350819
0.567 0.353155
0.57 0.355509
0.573 0.357881
0.576 0.360271
0.579 0.362679
0.582 0.365105
0.585 0.367549
0.588 0.370012
0.591 0.372493
0.594 0.374993
0.597 0.377512
0.6 0.38005
0.603 0.382606
0.606 0.385182
0.609 0.387777
0.612 0.390391
0.615 0.393025
0.618 0.395678
0.621 0.398351
0.624 0.401044
0.627 0.403757
0.63 0.40649
0.633 0.409243
0.636 0.412016
0.639 0.41481
0.642 0.417624
0.645 0.420459
0.648 0.423315
0.651 0.426191
0.654 0.429088
0.657 0.432006
0.66 0.434946
0.663 0.437906
0.666 0.440888
0.669 0.443891
0.672 0.446916
0.675 0.449962
0.678 0.45303
0.681 0.45612
0.684 0.459232
0.687 0.462366
0.69 0.465521
0.693 0.468699
0.696 0.471899
0.699 0.475122
0.702 0.478366
0.705 0.481634
0.708 0.484923
0.711 0.488236
0.714 0.491571
0.717 0.494928
0.72 0.498309
0.723 0.501712
0.726 0.505138
0.729 0.508587
0.732 0.512059
0.735 0.515554
0.738 0.519073
0.741 0.522614
0.744 0.526179
0.747 0.529766
0.75 0.533377
0.753 0.537012
0.756 0.540669
0.759 0.54435
0.762 0.548054
0.765 0.551782
0.768 0.555533
0.771 0.559307
0.774 0.563105
0.777 0.566926
0.78 0.57077
0.783 0.574638
0.786 0.578529
0.789 0.582443
0.792 0.586381
0.795 0.590342
0.798 0.594326
0.801 0.598334
0.804 0.602365
0.807 0.606418
0.81 0.610495
0.813 0.614595
0.816 0.618718
0.819 0.622864
0.822 0.627033
0.825 0.631225
0.828 0.635439
0.831 0.639676
0.834 0.643935
0.837 0.648217
0.84 0.652522
0.843 0.656849
0.846 0.661197
0.849 0.665568
0.852 0.669961
0.855 0.674376
0.858 0.678813
0.861 0.683271
0.864 0.68775
0.867 0.692251
0.87 0.696774
0.873 0.701317
0.876 0.705881
0.879 0.710466
0.882 0.715072
0.885 0.719698
0.888 0.724344
0.891 0.72901
0.894 0.733697
0.897 0.738403
0.9 0.743128
0.903 0.747873
0.906 0.752637
0.909 0.757421
0.912 0.762222
0.915 0.767043
0.918 0.771882
0.921 0.776739
0.924 0.781614
0.927 0.786506
0.93 0.791416
0.933 0.796344
0.936 0.801288
0.939 0.806249
0.942 0.811227
0.945 0.816221
0.948 0.821231
0.951 0.826256
0.954 0.831298
0.957 0.836354
0.96 0.841426
0.963 0.846512
0.966 0.851613
0.969 0.856728
0.972 0.861856
0.975 0.866999
0.978 0.872155
0.981 0.877324
0.984 0.882505
0.987 0.887699
0.99 0.892906
0.993 0.898124
0.996 0.903354
0.999 0.908596
1.002 0.913848
1.005 0.919111
1.008 0.924385
1.011 0.929669
1.014 0.934962
1.017 0.940266
1.02 0.945578
1.023 0.9509
1.026 0.95623
1.029 0.961568
1.032 0.966915
1.035 0.972269
1.038 0.977631
1.041 0.982999
1.044 0.988375
1.047 0.993757
1.05 0.999145
1.053 1.00454
1.056 1.00994
1.059 1.01534
1.062 1.02075
1.065 1.02617
1.068 1.03159
1.071 1.03701
1.074 1.04244
1.077 1.04787
1.08 1.0533
1.083 1.05874
1.086 1.06418
1.089 1.06962
1.092 1.07506
1.095 1.08051
1.098 1.08596
1.101 1.0914
1.104 1.09685
1.107 1.1023
1.11 1.10775
1.113 1.1132
1.116 1.11865
1.119 1.1241
1.122 1.12955
1.125 1.13499
1.128 1.14044
1.131 1.14588
1.134 1.15133
1.137 1.15677
1.14 1.16221
1.143 1.16764
1.146 1.17307
1.149 1.1785
1.152 1.18393
1.155 1.18935
1.158 1.19477
1.161 1.20019
1.164 1.2056
1.167 1.211
1.17 1.2164
1.173 1.2218
1.176 1.22719
1.179 1.23258
1.182 1.23796
1.185 1.24334
1.188 1.24871
1.191 1.25407
1.194 1.25943
1.197 1.26478
1.2 1.27012
1.203 1.27546
1.206 1.28079
1.209 1.28611
1.212 1.29143
1.215 1.29673
1.218 1.30204
1.221 1.30733
1.224 1.31261
1.227 1.31789
1.23 1.32316
1.233 1.32842
1.236 1.33367
1.239 1.33892
1.242 1.34415
1.245 1.34938
1.248 1.3546
1.251 1.3598
1.254 1.365
1.257 1.37019
1.26 1.37537
1.263 1.38055
1.266 1.38571
1.269 1.39086
1.272 1.396
1.275 1.40114
1.278 1.40626
1.281 1.41138
1.284 1.41648
1.287 1.42157
1.29 1.42666
1.293 1.43173
1.296 1.4368
1.299 1.44185
1.302 1.4469
1.305 1.45193
1.308 1.45696
1.311 1.46197
1.314 1.46698
1.317 1.47197
1.32 1.47695
1.323 1.48193
1.326 1.48689
1.329 1.49185
1.332 1.49679
1.335 1.50173
1.338 1.50665
1.341 1.51156
1.344 1.51647
1.347 1.52136
1.35 1.52625
1.353 1.53112
1.356 1.53599
1.359 1.54085
1.362 1.54569
1.365 1.55053
1.368 1.55536
1.371 1.56018
1.374 1.56499
1.377 1.56979
1.38 1.57458
1.383 1.57936
1.386 1.58414
1.389 1.5889
1.392 1.59366
1.395 1.59841
1.398 1.60315
1.401 1.60788
1.404 1.6126
1.407 1.61732
1.41 1.62203
1.413 1.62673
1.416 1.63142
1.419 1.63611
1.422 1.64079
1.425 1.64546
1.428 1.65013
1.431 1.65479
1.434 1.65944
1.437 1.66409
1.44 1.66873
1.443 1.67336
1.446 1.67799
1.449 1.68262
1.452 1.68724
1.455 1.69185
1.458 1.69646
1.461 1.70106
1.464 1.70566
1.467 1.71026
1.47 1.71485
1.473 1.71944
1.476 1.72403
1.479 1.72861
1.482 1.73319
1.485 1.73777
1.488 1.74235
1.491 1.74692
1.494 1.75149
1.497 1.75606
1.5 1.76063
1.503 1.7652
1.506 1.76977
1.509 1.77434
1.512 1.7789
1.515 1.78347
1.518 1.78804
1.521 1.79261
1.524 1.79718
1.527 1.80175
1.53 1.80633
1.533 1.8109
1.536 1.81548
1.539 1.82006
1.542 1.82465
1.545 1.82924
1.548 1.83383
1.551 1.83842
1.554 1.84303
1.557 1.84763
1.56 1.85224
1.563 1.85686
1.566 1.86148
1.569 1.86611
1.572 1.87075
1.575 1.87539
1.578 1.88004
1.581 1.8847
1.584 1.88937
1.587 1.89405
1.59 1.89873
1.593 1.90343
1.596 1.90813
1.599 1.91284
1.602 1.91757
1.605 1.92231
1.608 1.92705
1.611 1.93181
1.614 1.93659
1.617 1.94137
1.62 1.94617
1.623 1.95098
1.626 1.9558
1.629 1.96064
1.632 1.9655
1.635 1.97037
1.638 1.97525
1.641 1.98016
1.644 1.98507
1.647 1.99001
1.65 1.99496
1.653 1.99993
1.656 2.00492
1.659 2.00992
1.662 2.01495
1.665 2.02
1.668 2.02506
1.671 2.03015
1.674 2.03525
1.677 2.04038
1.68 2.04553
1.683 2.0507
1.686 2.05589
1.689 2.06111
1.692 2.06635
1.695 2.07161
1.698 2.0769
1.701 2.08221
1.704 2.08755
1.707 2.09292
1.71 2.0983
1.713 2.10372
1.716 2.10916
1.719 2.11463
1.722 2.12013
1.725 2.12565
1.728 2.1312
1.731 2.13678
1.734 2.14239
1.737 2.14803
1.74 2.1537
1.743 2.1594
1.746 2.16513
1.749 2.17089
1.752 2.17668
1.755 2.18251
1.758 2.18836
1.761 2.19425
1.764 2.20017
1.767 2.20612
1.77 2.21211
1.773 2.21813
1.776 2.22418
1.779 2.23027
1.782 2.23639
1.785 2.24255
1.788 2.24874
1.791 2.25497
1.794 2.26123
1.797 2.26753
1.8 2.27386
1.803 2.28023
1.806 2.28663
1.809 2.29307
1.812 2.29955
1.815 2.30607
1.818 2.31262
1.821 2.31921
1.824 2.32583
1.827 2.3325
1.83 2.3392
1.833 2.34593
1.836 2.35271
1.839 2.35952
1.842 2.36637
1.845 2.37326
1.848 2.38018
1.851 2.38714
1.854 2.39414
1.857 2.40118
1.86 2.40826
1.863 2.41537
1.866 2.42252
1.869 2.4297
1.872 2.43693
1.875 2.44419
1.878 2.45148
1.881 2.45882
1.884 2.46619
1.887 2.47359
1.89 2.48103
1.893 2.48851
1.896 2.49603
1.899 2.50357
1.902 2.51116
1.905 2.51877
1.908 2.52643
1.911 2.53411
1.914 2.54183
1.917 2.54958
1.92 2.55737
1.923 2.56518
1.926 2.57303
1.929 2.58091
1.932 2.58882
1.935 2.59676
1.938 2.60473
1.941 2.61273
1.944 2.62076
1.947 2.62882
1.95 2.63691
1.953 2.64502
1.956 2.65316
1.959 2.66132
1.962 2.66951
1.965 2.67772
1.968 2.68596
1.971 2.69422
1.974 2.7025
1.977 2.71081
1.98 2.71913
1.983 2.72748
1.986 2.73584
1.989 2.74423
1.992 2.75263
1.995 2.76105
1.998 2.76948
2.001 2.77793
2.004 2.78639
2.007 2.79487
2.01 2.80336
2.013 2.81187
2.016 2.82038
2.019 2.8289
2.022 2.83744
2.025 2.84598
2.028 2.85453
2.031 2.86308
2.034 2.87164
2.037 2.88021
2.04 2.88878
2.043 2.89735
2.046 2.90593
2.049 2.9145
2.052 2.92308
2.055 2.93165
2.058 2.94022
2.061 2.94879
2.064 2.95736
2.067 2.96592
2.07 2.97447
2.073 2.98302
2.076 2.99156
2.079 3.00009
2.082 3.00861
2.085 3.01712
2.088 3.02562
2.091 3.0341
2.094 3.04257
2.097 3.05103
2.1 3.05947
2.103 3.0679
2.106 3.07631
2.109 3.08469
2.112 3.09306
2.115 3.10141
2.118 3.10974
2.121 3.11804
2.124 3.12633
2.127 3.13458
2.13 3.14282
2.133 3.15102
2.136 3.1592
2.139 3.16735
2.142 3.17547
2.145 3.18357
2.148 3.19163
2.151 3.19966
2.154 3.20766
2.157 3.21562
2.16 3.22355
2.163 3.23145
2.166 3.23931
2.169 3.24714
2.172 3.25492
2.175 3.26267
2.178 3.27038
2.181 3.27805
2.184 3.28568
2.187 3.29327
2.19 3.30081
2.193 3.30832
2.196 3.31578
2.199 3.32319
2.202 3.33056
2.205 3.33789
2.208 3.34517
2.211 3.3524
2.214 3.35958
2.217 3.36672
2.22 3.37381
2.223 3.38085
2.226 3.38784
2.229 3.39477
2.232 3.40166
2.235 3.4085
2.238 3.41528
2.241 3.42201
2.244 3.42869
2.247 3.43532
2.25 3.44189
2.253 3.4484
2.256 3.45487
2.259 3.46127
2.262 3.46763
2.265 3.47392
2.268 3.48016
2.271 3.48634
2.274 3.49247
2.277 3.49854
2.28 3.50455
2.283 3.51051
2.286 3.5164
2.289 3.52224
2.292 3.52802
2.295 3.53374
2.298 3.53941
2.301 3.54501
2.304 3.55056
2.307 3.55605
2.31 3.56147
2.313 3.56684
2.316 3.57215
2.319 3.57741
2.322 3.5826
2.325 3.58773
2.328 3.59281
2.331 3.59782
2.334 3.60278
2.337 3.60768
2.34 3.61252
2.343 3.6173
2.346 3.62203
2.349 3.62669
2.352 3.6313
2.355 3.63585
2.358 3.64034
2.361 3.64477
2.364 3.64915
2.367 3.65347
2.37 3.65773
2.373 3.66194
2.376 3.66609
2.379 3.67019
2.382 3.67423
2.385 3.67821
2.388 3.68214
2.391 3.68602
2.394 3.68984
2.397 3.6936
2.4 3.69732
2.403 3.70098
2.406 3.70458
2.409 3.70814
2.412 3.71164
2.415 3.71509
2.418 3.7185
2.421 3.72185
2.424 3.72515
2.427 3.7284
2.43 3.7316
2.433 3.73475
2.436 3.73785
2.439 3.74091
2.442 3.74392
2.445 3.74688
2.448 3.74979
2.451 3.75266
2.454 3.75548
2.457 3.75826
2.46 3.76099
2.463 3.76368
2.466 3.76633
2.469 3.76893
2.472 3.77149
2.475 3.77401
2.478 3.77649
2.481 3.77892
2.484 3.78131
2.487 3.78367
2.49 3.78598
2.493 3.78826
2.496 3.79049
2.499 3.79269
2.502 3.79485
2.505 3.79697
2.508 3.79906
2.511 3.80111
2.514 3.80313
2.517 3.8051
2.52 3.80705
2.523 3.80896
2.526 3.81083
2.529 3.81268
2.532 3.81449
2.535 3.81626
2.538 3.81801
2.541 3.81972
2.544 3.8214
2.547 3.82306
2.55 3.82468
2.553 3.82627
2.556 3.82783
2.559 3.82937
2.562 3.83087
2.565 3.83235
2.568 3.8338
2.571 3.83522
2.574 3.83662
2.577 3.83799
2.58 3.83933
2.583 3.84065
2.586 3.84194
2.589 3.84321
2.592 3.84445
2.595 3.84567
2.598 3.84687
2.601 3.84804
2.604 3.84919
2.607 3.85032
2.61 3.85143
2.613 3.85251
2.616 3.85357
2.619 3.85461
2.622 3.85563
2.625 3.85664
2.628 3.85762
2.631 3.85858
2.634 3.85952
2.637 3.86044
2.64 3.86134
2.643 3.86223
2.646 3.8631
2.649 3.86395
2.652 3.86478
2.655 3.8656
2.658 3.86639
2.661 3.86718
2.664 3.86794
2.667 3.86869
2.67 3.86942
2.673 3.87014
2.676 3.87085
2.679 3.87153
2.682 3.87221
2.685 3.87287
2.688 3.87351
2.691 3.87414
2.694 3.87476
2.697 3.87536
2.7 3.87596
2.703 3.87653
2.706 3.8771
2.709 3.87765
2.712 3.87819
2.715 3.87872
2.718 3.87924
2.721 3.87974
2.724 3.88024
2.727 3.88072
2.73 3.88119
2.733 3.88165
2.736 3.8821
2.739 3.88254
2.742 3.88297
2.745 3.88339
2.748 3.8838
2.751 3.8842
2.754 3.88459
2.757 3.88497
2.76 3.88534
2.763 3.8857
2.766 3.88606
2.769 3.8864
2.772 3.88674
2.775 3.88707
2.778 3.88739
2.781 3.8877
2.784 3.88801
2.787 3.8883
2.79 3.88859
2.793 3.88888
2.796 3.88915
2.799 3.88942
2.802 3.88968
2.805 3.88993
2.808 3.89018
2.811 3.89042
2.814 3.89065
2.817 3.89088
2.82 3.8911
2.823 3.89132
2.826 3.89152
2.829 3.89173
2.832 3.89192
2.835 3.89212
2.838 3.8923
2.841 3.89248
2.844 3.89266
2.847 3.89283
2.85 3.89299
2.853 3.89315
2.856 3.89331
2.859 3.89346
2.862 3.8936
2.865 3.89374
2.868 3.89388
2.871 3.89401
2.874 3.89413
2.877 3.89426
2.88 3.89437
2.883 3.89449
2.886 3.8946
2.889 3.8947
2.892 3.89481
2.895 3.8949
2.898 3.895
2.901 3.89509
2.904 3.89518
2.907 3.89526
2.91 3.89534
2.913 3.89542
2.916 3.89549
2.919 3.89556
2.922 3.89563
2.925 3.89569
2.928 3.89575
2.931 3.89581
2.934 3.89586
2.937 3.89591
2.94 3.89596
2.943 3.89601
2.946 3.89605
2.949 3.89609
2.952 3.89613
2.955 3.89616
2.958 3.8962
2.961 3.89623
2.964 3.89626
2.967 3.89628
2.97 3.89631
2.973 3.89633
2.976 3.89635
2.979 3.89636
2.982 3.89638
2.985 3.89639
2.988 3.8964
2.991 3.89641
2.994 3.89641
2.997 3.89642
3 3.89642
3.001 0
