0 5
0.003 3.72381
0.006 3.72352
0.009 3.72324
0.012 3.72295
0.015 3.72266
0.018 3.72236
0.021 3.72207
0.024 3.72177
0.027 3.72147
0.03 3.72117
0.033 3.72086
0.036 3.72055
0.039 3.72024
0.042 3.71993
0.045 3.71962
0.048 3.7193
0.051 3.71898
0.054 3.71866
0.057 3.71834
0.06 3.71801
0.063 3.71769
0.066 3.71735
0.069 3.71702
0.072 3.71669
0.075 3.71635
0.078 3.71601
0.081 3.71567
0.084 3.71532
0.087 3.71497
0.09 3.71462
0.093 3.71427
0.096 3.71392
0.099 3.71356
0.102 3.7132
0.105 3.71284
0.108 3.71247
0.111 3.7121
0.114 3.71173
0.117 3.71136
0.12 3.71099
0.123 3.71061
0.126 3.71023
0.129 3.70984
0.132 3.70946
0.135 3.70907
0.138 3.70868
0.141 3.70829
0.144 3.70789
0.147 3.70749
0.15 3.70709
0.153 3.70668
0.156 3.70628
0.159 3.70587
0.162 3.70545
0.165 3.70504
0.168 3.70462
0.171 3.7042
0.174 3.70378
0.177 3.70335
0.18 3.70292
0.183 3.70249
0.186 3.70205
0.189 3.70161
0.192 3.70117
0.195 3.70073
0.198 3.70028
0.201 3.69983
0.204 3.69938
0.207 3.69892
0.21 3.69847
0.213 3.698
0.216 3.69754
0.219 3.69707
0.222 3.6966
0.225 3.69613
0.228 3.69565
0.231 3.69517
0.234 3.69469
0.237 3.69421
0.24 3.69372
0.243 3.69322
0.246 3.69273
0.249 3.69223
0.252 3.69173
0.255 3.69123
0.258 3.69072
0.261 3.69021
0.264 3.68969
0.267 3.68918
0.27 3.68866
0.273 3.68813
0.276 3.68761
0.279 3.68708
0.282 3.68654
0.285 3.68601
0.288 3.68547
0.291 3.68492
0.294 3.68438
0.297 3.68383
0.3 3.68327
0.303 3.68272
0.306 3.68216
0.309 3.6816
0.312 3.68103
0.315 3.68046
0.318 3.67989
0.321 3.67931
0.324 3.67873
0.327 3.67814
0.33 3.67756
0.333 3.67697
0.336 3.67637
0.339 3.67577
0.342 3.67517
0.345 3.67457
0.348 3.67396
0.351 3.67335
0.354 3.67273
0.357 3.67211
0.36 3.67149
0.363 3.67086
0.366 3.67023
0.369 3.6696
0.372 3.66896
0.375 3.66832
0.378 3.66767
0.381 3.66703
0.384 3.66637
0.387 3.66572
0.39 3.66506
0.393 3.66439
0.396 3.66373
0.399 3.66306
0.402 3.66238
0.405 3.6617
0.408 3.66102
0.411 3.66033
0.414 3.65964
0.417 3.65895
0.42 3.65825
0.423 3.65755
0.426 3.65684
0.429 3.65613
0.432 3.65542
0.435 3.6547
0.438 3.65398
0.441 3.65325
0.444 3.65252
0.447 3.65179
0.45 3.65105
0.453 3.65031
0.456 3.64957
0.459 3.64882
0.462 3.64806
0.465 3.64731
0.468 3.64654
0.471 3.64578
0.474 3.64501
0.477 3.64424
0.48 3.64346
0.483 3.64268
0.486 3.64189
0.489 3.6411
0.492 3.6403
0.495 3.63951
0.498 3.6387
0.501 3.6379
0.504 3.63709
0.507 3.63627
0.51 3.63545
0.513 3.63463
0.516 3.6338
0.519 3.63297
0.522 3.63213
0.525 3.63129
0.528 3.63045
0.531 3.6296
0.534 3.62875
0.537 3.62789
0.54 3.62703
0.543 3.62616
0.546 3.62529
0.549 3.62442
0.552 3.62354
0.555 3.62266
0.558 3.62177
0.561 3.62088
0.564 3.61998
0.567 3.61909
0.57 3.61818
0.573 3.61727
0.576 3.61636
0.579 3.61545
0.582 3.61452
0.585 3.6136
0.588 3.61267
0.591 3.61174
0.594 3.6108
0.597 3.60986
0.6 3.60891
0.603 3.60796
0.606 3.60701
0.609 3.60605
0.612 3.60509
0.615 3.60412
0.618 3.60315
0.621 3.60218
0.624 3.6012
0.627 3.60021
0.63 3.59923
0.633 3.59824
0.636 3.59724
0.639 3.59624
0.642 3.59524
0.645 3.59423
0.648 3.59322
0.651 3.5922
0.654 3.59118
0.657 3.59016
0.66 3.58913
0.663 3.5881
0.666 3.58706
0.669 3.58603
0.672 3.58498
0.675 3.58393
0.678 3.58288
0.681 3.58183
0.684 3.58077
0.687 3.57971
0.69 3.57864
0.693 3.57757
0.696 3.5765
0.699 3.57542
0.702 3.57434
0.705 3.57326
0.708 3.57217
0.711 3.57108
0.714 3.56999
0.717 3.56889
0.72 3.56779
0.723 3.56668
0.726 3.56557
0.729 3.56446
0.732 3.56335
0.735 3.56223
0.738 3.56111
0.741 3.55998
0.744 3.55885
0.747 3.55772
0.75 3.55659
0.753 3.55545
0.756 3.55431
0.759 3.55317
0.762 3.55202
0.765 3.55087
0.768 3.54972
0.771 3.54857
0.774 3.54741
0.777 3.54625
0.78 3.54508
0.783 3.54392
0.786 3.54275
0.789 3.54158
0.792 3.54041
0.795 3.53923
0.798 3.53805
0.801 3.53687
0.804 3.53569
0.807 3.53451
0.81 3.53332
0.813 3.53213
0.816 3.53094
0.819 3.52974
0.822 3.52855
0.825 3.52735
0.828 3.52615
0.831 3.52495
0.834 3.52375
0.837 3.52254
0.84 3.52133
0.843 3.52013
0.846 3.51892
0.849 3.5177
0.852 3.51649
0.855 3.51528
0.858 3.51406
0.861 3.51284
0.864 3.51162
0.867 3.5104
0.87 3.50918
0.873 3.50796
0.876 3.50673
0.879 3.50551
0.882 3.50428
0.885 3.50305
0.888 3.50182
0.891 3.50059
0.894 3.49936
0.897 3.49813
0.9 3.4969
0.903 3.49567
0.906 3.49443
0.909 3.4932
0.912 3.49197
0.915 3.49073
0.918 3.48949
0.921 3.48826
0.924 3.48702
0.927 3.48578
0.93 3.48455
0.933 3.48331
0.936 3.48207
0.939 3.48083
0.942 3.47959
0.945 3.47835
0.948 3.47711
0.951 3.47587
0.954 3.47463
0.957 3.47339
0.96 3.47215
0.963 3.47091
0.966 3.46967
0.969 3.46843
0.972 3.46719
0.975 3.46596
0.978 3.46472
0.981 3.46348
0.984 3.46224
0.987 3.461
0.99 3.45976
0.993 3.45852
0.996 3.45729
0.999 3.45605
1.002 3.45481
1.005 3.45358
1.008 3.45234
1.011 3.45111
1.014 3.44987
1.017 3.44864
1.02 3.4474
1.023 3.44617
1.026 3.44494
1.029 3.44371
1.032 3.44248
1.035 3.44125
1.038 3.44002
1.041 3.43879
1.044 3.43756
1.047 3.43633
1.05 3.43511
1.053 3.43388
1.056 3.43265
1.059 3.43143
1.062 3.43021
1.065 3.42898
1.068 3.42776
1.071 3.42654
1.074 3.42532
1.077 3.4241
1.08 3.42289
1.083 3.42167
1.086 3.42045
1.089 3.41924
1.092 3.41803
1.095 3.41681
1.098 3.4156
1.101 3.41439
1.104 3.41318
1.107 3.41197
1.11 3.41077
1.113 3.40956
1.116 3.40836
1.119 3.40715
1.122 3.40595
1.125 3.40475
1.128 3.40355
1.131 3.40235
1.134 3.40115
1.137 3.39996
1.14 3.39876
1.143 3.39757
1.146 3.39638
1.149 3.39518
1.152 3.39399
1.155 3.39281
1.158 3.39162
1.161 3.39043
1.164 3.38925
1.167 3.38807
1.17 3.38688
1.173 3.3857
1.176 3.38453
1.179 3.38335
1.182 3.38217
1.185 3.381
1.188 3.37983
1.191 3.37866
1.194 3.37749
1.197 3.37632
1.2 3.37515
1.203 3.37399
1.206 3.37282
1.209 3.37166
1.212 3.3705
1.215 3.36934
1.218 3.36818
1.221 3.36703
1.224 3.36587
1.227 3.36472
1.23 3.36357
1.233 3.36242
1.236 3.36127
1.239 3.36013
1.242 3.35898
1.245 3.35784
1.248 3.3567
1.251 3.35556
1.254 3.35442
1.257 3.35329
1.26 3.35215
1.263 3.35102
1.266 3.34989
1.269 3.34876
1.272 3.34763
1.275 3.34651
1.278 3.34539
1.281 3.34426
1.284 3.34314
1.287 3.34202
1.29 3.34091
1.293 3.33979
1.296 3.33868
1.299 3.33757
1.302 3.33646
1.305 3.33535
1.308 3.33425
1.311 3.33314
1.314 3.33204
1.317 3.33094
1.32 3.32984
1.323 3.32874
1.326 3.32765
1.329 3.32655
1.332 3.32546
1.335 3.32437
1.338 3.32328
1.341 3.32219
1.344 3.32111
1.347 3.32003
1.35 3.31894
1.353 3.31786
1.356 3.31679
1.359 3.31571
1.362 3.31463
1.365 3.31356
1.368 3.31249
1.371 3.31142
1.374 3.31035
1.377 3.30928
1.38 3.30822
1.383 3.30715
1.386 3.30609
1.389 3.30503
1.392 3.30397
1.395 3.30291
1.398 3.30185
1.401 3.3008
1.404 3.29974
1.407 3.29869
1.41 3.29764
1.413 3.29659
1.416 3.29554
1.419 3.29449
1.422 3.29344
1.425 3.2924
1.428 3.29135
1.431 3.29031
1.434 3.28927
1.437 3.28823
1.44 3.28718
1.443 3.28614
1.446 3.28511
1.449 3.28407
1.452 3.28303
1.455 3.28199
1.458 3.28096
1.461 3.27992
1.464 3.27889
1.467 3.27786
1.47 3.27682
1.473 3.27579
1.476 3.27476
1.479 3.27373
1.482 3.27269
1.485 3.27166
1.488 3.27063
1.491 3.2696
1.494 3.26857
1.497 3.26754
1.5 3.26651
1.503 3.26548
1.506 3.26444
1.509 3.26341
1.512 3.26238
1.515 3.26135
1.518 3.26032
1.521 3.25928
1.524 3.25825
1.527 3.25721
1.53 3.25618
1.533 3.25514
1.536 3.25411
1.539 3.25307
1.542 3.25203
1.545 3.25099
1.548 3.24995
1.551 3.24891
1.554 3.24787
1.557 3.24682
1.56 3.24578
1.563 3.24473
1.566 3.24368
1.569 3.24263
1.572 3.24157
1.575 3.24052
1.578 3.23946
1.581 3.2384
1.584 3.23734
1.587 3.23628
1.59 3.23521
1.593 3.23415
1.596 3.23308
1.599 3.232
1.602 3.23093
1.605 3.22985
1.608 3.22877
1.611 3.22768
1.614 3.22659
1.617 3.2255
1.62 3.22441
1.623 3.22331
1.626 3.22221
1.629 3.2211
1.632 3.22
1.635 3.21888
1.638 3.21777
1.641 3.21665
1.644 3.21552
1.647 3.21439
1.65 3.21326
1.653 3.21212
1.656 3.21098
1.659 3.20983
1.662 3.20868
1.665 3.20752
1.668 3.20636
1.671 3.20519
1.674 3.20402
1.677 3.20284
1.68 3.20166
1.683 3.20047
1.686 3.19927
1.689 3.19807
1.692 3.19687
1.695 3.19565
1.698 3.19443
1.701 3.19321
1.704 3.19198
1.707 3.19074
1.71 3.18949
1.713 3.18824
1.716 3.18698
1.719 3.18571
1.722 3.18444
1.725 3.18316
1.728 3.18187
1.731 3.18058
1.734 3.17927
1.737 3.17796
1.74 3.17664
1.743 3.17532
1.746 3.17398
1.749 3.17264
1.752 3.17129
1.755 3.16993
1.758 3.16856
1.761 3.16718
1.764 3.1658
1.767 3.1644
1.77 3.163
1.773 3.16158
1.776 3.16016
1.779 3.15873
1.782 3.15729
1.785 3.15584
1.788 3.15438
1.791 3.15291
1.794 3.15143
1.797 3.14994
1.8 3.14844
1.803 3.14693
1.806 3.14541
1.809 3.14389
1.812 3.14235
1.815 3.1408
1.818 3.13923
1.821 3.13766
1.824 3.13608
1.827 3.13449
1.83 3.13288
1.833 3.13127
1.836 3.12964
1.839 3.12801
1.842 3.12636
1.845 3.1247
1.848 3.12303
1.851 3.12135
1.854 3.11966
1.857 3.11796
1.86 3.11624
1.863 3.11452
1.866 3.11278
1.869 3.11103
1.872 3.10927
1.875 3.1075
1.878 3.10571
1.881 3.10392
1.884 3.10211
1.887 3.10029
1.89 3.09846
1.893 3.09662
1.896 3.09477
1.899 3.09291
1.902 3.09103
1.905 3.08914
1.908 3.08724
1.911 3.08533
1.914 3.08341
1.917 3.08148
1.92 3.07953
1.923 3.07758
1.926 3.07561
1.929 3.07363
1.932 3.07164
1.935 3.06964
1.938 3.06763
1.941 3.06561
1.944 3.06357
1.947 3.06153
1.95 3.05947
1.953 3.05741
1.956 3.05533
1.959 3.05324
1.962 3.05115
1.965 3.04904
1.968 3.04692
1.971 3.04479
1.974 3.04265
1.977 3.04051
1.98 3.03835
1.983 3.03618
1.986 3.034
1.989 3.03182
1.992 3.02962
1.995 3.02741
1.998 3.0252
2.001 3.02298
2.004 3.02075
2.007 3.01851
2.01 3.01626
2.013 3.014
2.016 3.01174
2.019 3.00946
2.022 3.00718
2.025 3.0049
2.028 3.0026
2.031 3.0003
2.034 2.99799
2.037 2.99567
2.04 2.99335
2.043 2.99102
2.046 2.98868
2.049 2.98634
2.052 2.984
2.055 2.98164
2.058 2.97928
2.061 2.97692
2.064 2.97455
2.067 2.97218
2.07 2.9698
2.073 2.96742
2.076 2.96503
2.079 2.96264
2.082 2.96024
2.085 2.95785
2.088 2.95545
2.091 2.95304
2.094 2.95063
2.097 2.94822
2.1 2.94581
2.103 2.9434
2.106 2.94098
2.109 2.93856
2.112 2.93615
2.115 2.93373
2.118 2.9313
2.121 2.92888
2.124 2.92646
2.127 2.92404
2.13 2.92162
2.133 2.91919
2.136 2.91677
2.139 2.91435
2.142 2.91193
2.145 2.90952
2.148 2.9071
2.151 2.90468
2.154 2.90227
2.157 2.89986
2.16 2.89745
2.163 2.89505
2.166 2.89265
2.169 2.89025
2.172 2.88786
2.175 2.88547
2.178 2.88308
2.181 2.8807
2.184 2.87832
2.187 2.87595
2.19 2.87359
2.193 2.87122
2.196 2.86887
2.199 2.86652
2.202 2.86418
2.205 2.86184
2.208 2.85951
2.211 2.85719
2.214 2.85488
2.217 2.85257
2.22 2.85027
2.223 2.84798
2.226 2.8457
2.229 2.84343
2.232 2.84116
2.235 2.83891
2.238 2.83666
2.241 2.83442
2.244 2.8322
2.247 2.82998
2.25 2.82778
2.253 2.82558
2.256 2.8234
2.259 2.82123
2.262 2.81906
2.265 2.81691
2.268 2.81478
2.271 2.81265
2.274 2.81054
2.277 2.80843
2.28 2.80635
2.283 2.80427
2.286 2.80221
2.289 2.80016
2.292 2.79812
2.295 2.7961
2.298 2.79409
2.301 2.7921
2.304 2.79011
2.307 2.78815
2.31 2.7862
2.313 2.78426
2.316 2.78234
2.319 2.78043
2.322 2.77854
2.325 2.77666
2.328 2.7748
2.331 2.77295
2.334 2.77112
2.337 2.76931
2.34 2.76751
2.343 2.76573
2.346 2.76396
2.349 2.76221
2.352 2.76047
2.355 2.75876
2.358 2.75705
2.361 2.75537
2.364 2.7537
2.367 2.75205
2.37 2.75041
2.373 2.74879
2.376 2.74719
2.379 2.7456
2.382 2.74404
2.385 2.74248
2.388 2.74095
2.391 2.73943
2.394 2.73793
2.397 2.73644
2.4 2.73498
2.403 2.73353
2.406 2.73209
2.409 2.73068
2.412 2.72928
2.415 2.72789
2.418 2.72653
2.421 2.72518
2.424 2.72384
2.427 2.72253
2.43 2.72123
2.433 2.71994
2.436 2.71868
2.439 2.71743
2.442 2.71619
2.445 2.71498
2.448 2.71377
2.451 2.71259
2.454 2.71142
2.457 2.71027
2.46 2.70913
2.463 2.70801
2.466 2.70691
2.469 2.70582
2.472 2.70474
2.475 2.70368
2.478 2.70264
2.481 2.70161
2.484 2.7006
2.487 2.6996
2.49 2.69862
2.493 2.69765
2.496 2.6967
2.499 2.69576
2.502 2.69484
2.505 2.69393
2.508 2.69304
2.511 2.69216
2.514 2.69129
2.517 2.69044
2.52 2.6896
2.523 2.68877
2.526 2.68796
2.529 2.68716
2.532 2.68638
2.535 2.68561
2.538 2.68485
2.541 2.6841
2.544 2.68337
2.547 2.68265
2.55 2.68194
2.553 2.68125
2.556 2.68056
2.559 2.67989
2.562 2.67923
2.565 2.67858
2.568 2.67795
2.571 2.67732
2.574 2.67671
2.577 2.67611
2.58 2.67552
2.583 2.67494
2.586 2.67437
2.589 2.67381
2.592 2.67326
2.595 2.67273
2.598 2.6722
2.601 2.67168
2.604 2.67118
2.607 2.67068
2.61 2.6702
2.613 2.66972
2.616 2.66925
2.619 2.66879
2.622 2.66834
2.625 2.6679
2.628 2.66747
2.631 2.66705
2.634 2.66664
2.637 2.66624
2.64 2.66584
2.643 2.66545
2.646 2.66507
2.649 2.6647
2.652 2.66434
2.655 2.66398
2.658 2.66364
2.661 2.6633
2.664 2.66297
2.667 2.66264
2.67 2.66232
2.673 2.66201
2.676 2.66171
2.679 2.66142
2.682 2.66113
2.685 2.66084
2.688 2.66057
2.691 2.6603
2.694 2.66004
2.697 2.65978
2.7 2.65953
2.703 2.65929
2.706 2.65905
2.709 2.65882
2.712 2.65859
2.715 2.65837
2.718 2.65816
2.721 2.65795
2.724 2.65775
2.727 2.65755
2.73 2.65736
2.733 2.65717
2.736 2.65699
2.739 2.65681
2.742 2.65664
2.745 2.65647
2.748 2.65631
2.751 2.65615
2.754 2.656
2.757 2.65585
2.76 2.65571
2.763 2.65557
2.766 2.65543
2.769 2.6553
2.772 2.65517
2.775 2.65505
2.778 2.65493
2.781 2.65482
2.784 2.65471
2.787 2.6546
2.79 2.6545
2.793 2.6544
2.796 2.6543
2.799 2.65421
2.802 2.65412
2.805 2.65403
2.808 2.65395
2.811 2.65387
2.814 2.6538
2.817 2.65372
2.82 2.65365
2.823 2.65359
2.826 2.65352
2.829 2.65346
2.832 2.6534
2.835 2.65335
2.838 2.6533
2.841 2.65325
2.844 2.6532
2.847 2.65316
2.85 2.65311
2.853 2.65308
2.856 2.65304
2.859 2.653
2.862 2.65297
2.865 2.65294
2.868 2.65292
2.871 2.65289
2.874 2.65287
2.877 2.65285
2.88 2.65283
2.883 2.65281
2.886 2.6528
2.889 2.65278
2.892 2.65277
2.895 2.65276
2.898 2.65276
2.901 2.65275
2.904 2.65275
2.907 2.65275
2.91 2.65275
2.913 2.65275
2.916 2.65275
2.919 2.65276
2.922 2.65276
2.925 2.65277
2.928 2.65278
2.931 2.65279
2.934 2.6528
2.937 2.65282
2.94 2.65283
2.943 2.65285
2.946 2.65287
2.949 2.65289
2.952 2.65291
2.955 2.65293
2.958 2.65295
2.961 2.65298
2.964 2.653
2.967 2.65303
2.97 2.65305
2.973 2.65308
2.976 2.65311
2.979 2.65314
2.982 2.65317
2.985 2.65321
2.988 2.65324
2.991 2.65328
2.994 2.65331
2.997 2.65335
3 2.65338
3.001 5
