0 0
0.003 0.490188
0.006 0.491824
0.009 0.493471
0.012 0.495128
0.015 0.496795
0.018 0.498473
0.021 0.500162
0.024 0.501861
0.027 0.503571
0.03 0.505291
0.033 0.507022
0.036 0.508765
0.039 0.510517
0.042 0.512281
0.045 0.514056
0.048 0.515842
0.051 0.517639
0.054 0.519447
0.057 0.521267
0.06 0.523098
0.063 0.52494
0.066 0.526793
0.069 0.528658
0.072 0.530535
0.075 0.532423
0.078 0.534322
0.081 0.536234
0.084 0.538157
0.087 0.540091
0.09 0.542038
0.093 0.543997
0.096 0.545967
0.099 0.54795
0.102 0.549945
0.105 0.551952
0.108 0.553971
0.111 0.556002
0.114 0.558046
0.117 0.560102
0.12 0.56217
0.123 0.564251
0.126 0.566345
0.129 0.568451
0.132 0.570569
0.135 0.572701
0.138 0.574845
0.141 0.577002
0.144 0.579172
0.147 0.581354
0.15 0.58355
0.153 0.585759
0.156 0.587981
0.159 0.590216
0.162 0.592464
0.165 0.594725
0.168 0.597
0.171 0.599288
0.174 0.601589
0.177 0.603904
0.18 0.606233
0.183 0.608574
0.186 0.61093
0.189 0.613299
0.192 0.615682
0.195 0.618079
0.198 0.620489
0.201 0.622913
0.204 0.625352
0.207 0.627804
0.21 0.63027
0.213 0.63275
0.216 0.635244
0.219 0.637753
0.222 0.640275
0.225 0.642812
0.228 0.645363
0.231 0.647928
0.234 0.650508
0.237 0.653102
0.24 0.65571
0.243 0.658333
0.246 0.66097
0.249 0.663622
0.252 0.666289
0.255 0.66897
0.258 0.671665
0.261 0.674376
0.264 0.677101
0.267 0.679841
0.27 0.682596
0.273 0.685365
0.276 0.68815
0.279 0.690949
0.282 0.693763
0.285 0.696592
0.288 0.699436
0.291 0.702295
0.294 0.705169
0.297 0.708058
0.3 0.710963
0.303 0.713882
0.306 0.716816
0.309 0.719766
0.312 0.72273
0.315 0.72571
0.318 0.728705
0.321 0.731716
0.324 0.734741
0.327 0.737782
0.33 0.740838
0.333 0.743909
0.336 0.746996
0.339 0.750098
0.342 0.753215
0.345 0.756347
0.348 0.759495
0.351 0.762658
0.354 0.765836
0.357 0.76903
0.36 0.772239
0.363 0.775463
0.366 0.778703
0.369 0.781958
0.372 0.785228
0.375 0.788514
0.378 0.791814
0.381 0.795131
0.384 0.798462
0.387 0.801809
0.39 0.805171
0.393 0.808548
0.396 0.81194
0.399 0.815348
0.402 0.81877
0.405 0.822208
0.408 0.825661
0.411 0.82913
0.414 0.832613
0.417 0.836111
0.42 0.839625
0.423 0.843153
0.426 0.846696
0.429 0.850255
0.432 0.853828
0.435 0.857416
0.438 0.861019
0.441 0.864637
0.444 0.868269
0.447 0.871916
0.45 0.875578
0.453 0.879255
0.456 0.882946
0.459 0.886651
0.462 0.890371
0.465 0.894106
0.468 0.897854
0.471 0.901618
0.474 0.905395
0.477 0.909186
0.48 0.912992
0.483 0.916812
0.486 0.920646
0.489 0.924493
0.492 0.928355
0.495 0.93223
0.498 0.936119
0.501 0.940022
0.504 0.943938
0.507 0.947868
0.51 0.951811
0.513 0.955768
0.516 0.959738
0.519 0.963721
0.522 0.967717
0.525 0.971726
0.528 0.975748
0.531 0.979783
0.534 0.983831
0.537 0.987891
0.54 0.991964
0.543 0.996049
0.546 1.00015
0.549 1.00426
0.552 1.00838
0.555 1.01251
0.558 1.01666
0.561 1.02082
0.564 1.02499
0.567 1.02917
0.57 1.03336
0.573 1.03756
0.576 1.04178
0.579 1.04601
0.582 1.05025
0.585 1.05449
0.588 1.05875
0.591 1.06302
0.594 1.0673
0.597 1.0716
0.6 1.0759
0.603 1.08021
0.606 1.08453
0.609 1.08886
0.612 1.09321
0.615 1.09756
0.618 1.10192
0.621 1.10629
0.624 1.11067
0.627 1.11506
0.63 1.11946
0.633 1.12387
0.636 1.12828
0.639 1.13271
0.642 1.13714
0.645 1.14158
0.648 1.14603
0.651 1.15049
0.654 1.15496
0.657 1.15943
0.66 1.16391
0.663 1.1684
0.666 1.1729
0.669 1.1774
0.672 1.18191
0.675 1.18643
0.678 1.19096
0.681 1.19549
0.684 1.20003
0.687 1.20457
0.69 1.20912
0.693 1.21368
0.696 1.21824
0.699 1.22281
0.702 1.22739
0.705 1.23197
0.708 1.23655
0.711 1.24114
0.714 1.24574
0.717 1.25034
0.72 1.25494
0.723 1.25955
0.726 1.26417
0.729 1.26878
0.732 1.27341
0.735 1.27803
0.738 1.28266
0.741 1.2873
0.744 1.29194
0.747 1.29658
0.75 1.30122
0.753 1.30587
0.756 1.31052
0.759 1.31517
0.762 1.31983
0.765 1.32449
0.768 1.32915
0.771 1.33381
0.774 1.33848
0.777 1.34315
0.78 1.34782
0.783 1.35249
0.786 1.35716
0.789 1.36183
0.792 1.36651
0.795 1.37119
0.798 1.37586
0.801 1.38054
0.804 1.38522
0.807 1.3899
0.81 1.39458
0.813 1.39926
0.816 1.40394
0.819 1.40862
0.822 1.4133
0.825 1.41798
0.828 1.42266
0.831 1.42734
0.834 1.43201
0.837 1.43669
0.84 1.44137
0.843 1.44604
0.846 1.45072
0.849 1.45539
0.852 1.46006
0.855 1.46473
0.858 1.4694
0.861 1.47407
0.864 1.47873
0.867 1.4834
0.87 1.48806
0.873 1.49272
0.876 1.49737
0.879 1.50203
0.882 1.50668
0.885 1.51133
0.888 1.51597
0.891 1.52062
0.894 1.52526
0.897 1.52989
0.9 1.53453
0.903 1.53916
0.906 1.54379
0.909 1.54841
0.912 1.55303
0.915 1.55765
0.918 1.56226
0.921 1.56687
0.924 1.57147
0.927 1.57607
0.93 1.58067
0.933 1.58526
0.936 1.58985
0.939 1.59444
0.942 1.59902
0.945 1.60359
0.948 1.60816
0.951 1.61273
0.954 1.61729
0.957 1.62185
0.96 1.6264
0.963 1.63095
0.966 1.63549
0.969 1.64003
0.972 1.64456
0.975 1.64909
0.978 1.65361
0.981 1.65812
0.984 1.66264
0.987 1.66714
0.99 1.67164
0.993 1.67614
0.996 1.68063
0.999 1.68511
1.002 1.68959
1.005 1.69406
1.008 1.69853
1.011 1.70299
1.014 1.70744
1.017 1.71189
1.02 1.71634
1.023 1.72077
1.026 1.7252
1.029 1.72963
1.032 1.73405
1.035 1.73846
1.038 1.74287
1.041 1.74727
1.044 1.75167
1.047 1.75606
1.05 1.76044
1.053 1.76482
1.056 1.76919
1.059 1.77356
1.062 1.77792
1.065 1.78227
1.068 1.78662
1.071 1.79096
1.074 1.79529
1.077 1.79962
1.08 1.80394
1.083 1.80826
1.086 1.81257
1.089 1.81687
1.092 1.82117
1.095 1.82546
1.098 1.82975
1.101 1.83403
1.104 1.8383
1.107 1.84257
1.11 1.84683
1.113 1.85109
1.116 1.85534
1.119 1.85958
1.122 1.86382
1.125 1.86805
1.128 1.87227
1.131 1.87649
1.134 1.88071
1.137 1.88491
1.14 1.88912
1.143 1.89331
1.146 1.8975
1.149 1.90169
1.152 1.90587
1.155 1.91004
1.158 1.91421
1.161 1.91837
1.164 1.92253
1.167 1.92668
1.17 1.93083
1.173 1.93497
1.176 1.9391
1.179 1.94323
1.182 1.94736
1.185 1.95148
1.188 1.95559
1.191 1.9597
1.194 1.96381
1.197 1.96791
1.2 1.972
1.203 1.97609
1.206 1.98018
1.209 1.98426
1.212 1.98834
1.215 1.99241
1.218 1.99647
1.221 2.00054
1.224 2.0046
1.227 2.00865
1.23 2.0127
1.233 2.01675
1.236 2.02079
1.239 2.02483
1.242 2.02886
1.245 2.03289
1.248 2.03692
1.251 2.04094
1.254 2.04496
1.257 2.04898
1.26 2.05299
1.263 2.057
1.266 2.061
1.269 2.06501
1.272 2.06901
1.275 2.073
1.278 2.077
1.281 2.08099
1.284 2.08498
1.287 2.08897
1.29 2.09295
1.293 2.09693
1.296 2.10091
1.299 2.10489
1.302 2.10886
1.305 2.11284
1.308 2.11681
1.311 2.12078
1.314 2.12474
1.317 2.12871
1.32 2.13267
1.323 2.13664
1.326 2.1406
1.329 2.14456
1.332 2.14852
1.335 2.15248
1.338 2.15644
1.341 2.1604
1.344 2.16435
1.347 2.16831
1.35 2.17227
1.353 2.17622
1.356 2.18018
1.359 2.18414
1.362 2.18809
1.365 2.19205
1.368 2.19601
1.371 2.19996
1.374 2.20392
1.377 2.20788
1.38 2.21184
1.383 2.2158
1.386 2.21976
1.389 2.22373
1.392 2.22769
1.395 2.23166
1.398 2.23563
1.401 2.23959
1.404 2.24357
1.407 2.24754
1.41 2.25152
1.413 2.25549
1.416 2.25947
1.419 2.26346
1.422 2.26744
1.425 2.27143
1.428 2.27542
1.431 2.27942
1.434 2.28342
1.437 2.28742
1.44 2.29143
1.443 2.29543
1.446 2.29945
1.449 2.30346
1.452 2.30748
1.455 2.31151
1.458 2.31554
1.461 2.31957
1.464 2.32361
1.467 2.32766
1.47 2.33171
1.473 2.33576
1.476 2.33982
1.479 2.34388
1.482 2.34795
1.485 2.35203
1.488 2.35611
1.491 2.3602
1.494 2.36429
1.497 2.36839
1.5 2.3725
1.503 2.37661
1.506 2.38073
1.509 2.38486
1.512 2.389
1.515 2.39314
1.518 2.39729
1.521 2.40144
1.524 2.40561
1.527 2.40978
1.53 2.41396
1.533 2.41815
1.536 2.42234
1.539 2.42655
1.542 2.43076
1.545 2.43498
1.548 2.43921
1.551 2.44345
1.554 2.4477
1.557 2.45196
1.56 2.45623
1.563 2.46051
1.566 2.4648
1.569 2.46909
1.572 2.4734
1.575 2.47772
1.578 2.48205
1.581 2.48639
1.584 2.49074
1.587 2.4951
1.59 2.49947
1.593 2.50385
1.596 2.50825
1.599 2.51265
1.602 2.51707
1.605 2.5215
1.608 2.52594
1.611 2.53039
1.614 2.53486
1.617 2.53934
1.62 2.54383
1.623 2.54833
1.626 2.55284
1.629 2.55737
1.632 2.56191
1.635 2.56647
1.638 2.57104
1.641 2.57562
1.644 2.58021
1.647 2.58482
1.65 2.58944
1.653 2.59408
1.656 2.59873
1.659 2.60339
1.662 2.60807
1.665 2.61277
1.668 2.61747
1.671 2.6222
1.674 2.62694
1.677 2.63169
1.68 2.63646
1.683 2.64124
1.686 2.64604
1.689 2.65085
1.692 2.65568
1.695 2.66053
1.698 2.66539
1.701 2.67026
1.704 2.67515
1.707 2.68006
1.71 2.68499
1.713 2.68993
1.716 2.69489
1.719 2.69986
1.722 2.70485
1.725 2.70986
1.728 2.71488
1.731 2.71992
1.734 2.72498
1.737 2.73005
1.74 2.73514
1.743 2.74025
1.746 2.74537
1.749 2.75052
1.752 2.75567
1.755 2.76085
1.758 2.76604
1.761 2.77125
1.764 2.77648
1.767 2.78173
1.77 2.78699
1.773 2.79227
1.776 2.79757
1.779 2.80289
1.782 2.80822
1.785 2.81357
1.788 2.81894
1.791 2.82432
1.794 2.82973
1.797 2.83515
1.8 2.84058
1.803 2.84604
1.806 2.85151
1.809 2.857
1.812 2.86251
1.815 2.86804
1.818 2.87358
1.821 2.87914
1.824 2.88472
1.827 2.89031
1.83 2.89592
1.833 2.90155
1.836 2.9072
1.839 2.91286
1.842 2.91854
1.845 2.92424
1.848 2.92995
1.851 2.93568
1.854 2.94142
1.857 2.94719
1.86 2.95297
1.863 2.95876
1.866 2.96457
1.869 2.9704
1.872 2.97624
1.875 2.9821
1.878 2.98797
1.881 2.99386
1.884 2.99976
1.887 3.00568
1.89 3.01161
1.893 3.01756
1.896 3.02352
1.899 3.0295
1.902 3.03548
1.905 3.04149
1.908 3.0475
1.911 3.05353
1.914 3.05958
1.917 3.06563
1.92 3.0717
1.923 3.07778
1.926 3.08387
1.929 3.08998
1.932 3.09609
1.935 3.10222
1.938 3.10836
1.941 3.1145
1.944 3.12066
1.947 3.12683
1.95 3.13301
1.953 3.13919
1.956 3.14539
1.959 3.15159
1.962 3.15781
1.965 3.16403
1.968 3.17025
1.971 3.17649
1.974 3.18273
1.977 3.18898
1.98 3.19523
1.983 3.20149
1.986 3.20776
1.989 3.21403
1.992 3.2203
1.995 3.22658
1.998 3.23286
2.001 3.23915
2.004 3.24543
2.007 3.25172
2.01 3.25802
2.013 3.26431
2.016 3.2706
2.019 3.2769
2.022 3.28319
2.025 3.28949
2.028 3.29578
2.031 3.30207
2.034 3.30836
2.037 3.31465
2.04 3.32093
2.043 3.32721
2.046 3.33349
2.049 3.33976
2.052 3.34603
2.055 3.35229
2.058 3.35855
2.061 3.3648
2.064 3.37104
2.067 3.37727
2.07 3.3835
2.073 3.38972
2.076 3.39593
2.079 3.40213
2.082 3.40832
2.085 3.4145
2.088 3.42067
2.091 3.42682
2.094 3.43297
2.097 3.4391
2.1 3.44522
2.103 3.45132
2.106 3.45741
2.109 3.46348
2.112 3.46954
2.115 3.47559
2.118 3.48162
2.121 3.48763
2.124 3.49362
2.127 3.49959
2.13 3.50555
2.133 3.51149
2.136 3.5174
2.139 3.5233
2.142 3.52918
2.145 3.53504
2.148 3.54087
2.151 3.54668
2.154 3.55247
2.157 3.55824
2.16 3.56399
2.163 3.56971
2.166 3.5754
2.169 3.58107
2.172 3.58672
2.175 3.59234
2.178 3.59794
2.181 3.6035
2.184 3.60905
2.187 3.61456
2.19 3.62005
2.193 3.6255
2.196 3.63093
2.199 3.63634
2.202 3.64171
2.205 3.64705
2.208 3.65236
2.211 3.65764
2.214 3.66289
2.217 3.66811
2.22 3.6733
2.223 3.67846
2.226 3.68359
2.229 3.68868
2.232 3.69374
2.235 3.69877
2.238 3.70376
2.241 3.70873
2.244 3.71366
2.247 3.71855
2.25 3.72341
2.253 3.72824
2.256 3.73303
2.259 3.73779
2.262 3.74251
2.265 3.7472
2.268 3.75185
2.271 3.75647
2.274 3.76105
2.277 3.7656
2.28 3.77011
2.283 3.77458
2.286 3.77902
2.289 3.78343
2.292 3.78779
2.295 3.79212
2.298 3.79642
2.301 3.80068
2.304 3.8049
2.307 3.80908
2.31 3.81323
2.313 3.81734
2.316 3.82142
2.319 3.82546
2.322 3.82946
2.325 3.83343
2.328 3.83736
2.331 3.84125
2.334 3.84511
2.337 3.84893
2.34 3.85271
2.343 3.85646
2.346 3.86017
2.349 3.86385
2.352 3.86748
2.355 3.87109
2.358 3.87465
2.361 3.87818
2.364 3.88168
2.367 3.88514
2.37 3.88856
2.373 3.89195
2.376 3.89531
2.379 3.89862
2.382 3.90191
2.385 3.90516
2.388 3.90837
2.391 3.91155
2.394 3.91469
2.397 3.9178
2.4 3.92088
2.403 3.92392
2.406 3.92693
2.409 3.92991
2.412 3.93285
2.415 3.93576
2.418 3.93863
2.421 3.94148
2.424 3.94429
2.427 3.94706
2.43 3.94981
2.433 3.95252
2.436 3.95521
2.439 3.95786
2.442 3.96048
2.445 3.96307
2.448 3.96563
2.451 3.96815
2.454 3.97065
2.457 3.97312
2.46 3.97556
2.463 3.97796
2.466 3.98034
2.469 3.98269
2.472 3.98501
2.475 3.9873
2.478 3.98957
2.481 3.9918
2.484 3.99401
2.487 3.99619
2.49 3.99834
2.493 4.00046
2.496 4.00256
2.499 4.00463
2.502 4.00668
2.505 4.0087
2.508 4.01069
2.511 4.01266
2.514 4.0146
2.517 4.01652
2.52 4.01841
2.523 4.02028
2.526 4.02212
2.529 4.02394
2.532 4.02573
2.535 4.0275
2.538 4.02925
2.541 4.03097
2.544 4.03268
2.547 4.03436
2.55 4.03601
2.553 4.03765
2.556 4.03926
2.559 4.04085
2.562 4.04242
2.565 4.04397
2.568 4.04549
2.571 4.047
2.574 4.04848
2.577 4.04995
2.58 4.05139
2.583 4.05282
2.586 4.05423
2.589 4.05561
2.592 4.05698
2.595 4.05833
2.598 4.05966
2.601 4.06097
2.604 4.06226
2.607 4.06354
2.61 4.06479
2.613 4.06603
2.616 4.06726
2.619 4.06846
2.622 4.06965
2.625 4.07082
2.628 4.07198
2.631 4.07311
2.634 4.07424
2.637 4.07534
2.64 4.07643
2.643 4.07751
2.646 4.07857
2.649 4.07961
2.652 4.08064
2.655 4.08166
2.658 4.08266
2.661 4.08364
2.664 4.08462
2.667 4.08557
2.67 4.08652
2.673 4.08745
2.676 4.08837
2.679 4.08927
2.682 4.09016
2.685 4.09104
2.688 4.0919
2.691 4.09275
2.694 4.09359
2.697 4.09442
2.7 4.09524
2.703 4.09604
2.706 4.09683
2.709 4.09761
2.712 4.09838
2.715 4.09914
2.718 4.09988
2.721 4.10062
2.724 4.10134
2.727 4.10205
2.73 4.10276
2.733 4.10345
2.736 4.10413
2.739 4.1048
2.742 4.10546
2.745 4.10611
2.748 4.10676
2.751 4.10739
2.754 4.10801
2.757 4.10863
2.76 4.10923
2.763 4.10982
2.766 4.11041
2.769 4.11099
2.772 4.11156
2.775 4.11212
2.778 4.11267
2.781 4.11321
2.784 4.11375
2.787 4.11427
2.79 4.11479
2.793 4.1153
2.796 4.1158
2.799 4.1163
2.802 4.11679
2.805 4.11727
2.808 4.11774
2.811 4.11821
2.814 4.11866
2.817 4.11911
2.82 4.11956
2.823 4.12
2.826 4.12043
2.829 4.12085
2.832 4.12127
2.835 4.12168
2.838 4.12208
2.841 4.12248
2.844 4.12287
2.847 4.12326
2.85 4.12364
2.853 4.12401
2.856 4.12438
2.859 4.12474
2.862 4.1251
2.865 4.12545
2.868 4.12579
2.871 4.12613
2.874 4.12647
2.877 4.1268
2.88 4.12712
2.883 4.12744
2.886 4.12775
2.889 4.12806
2.892 4.12836
2.895 4.12866
2.898 4.12896
2.901 4.12924
2.904 4.12953
2.907 4.12981
2.91 4.13008
2.913 4.13035
2.916 4.13062
2.919 4.13088
2.922 4.13114
2.925 4.13139
2.928 4.13164
2.931 4.13189
2.934 4.13213
2.937 4.13236
2.94 4.1326
2.943 4.13283
2.946 4.13305
2.949 4.13327
2.952 4.13349
2.955 4.1337
2.958 4.13392
2.961 4.13412
2.964 4.13433
2.967 4.13453
2.97 4.13472
2.973 4.13492
2.976 4.13511
2.979 4.13529
2.982 4.13548
2.985 4.13566
2.988 4.13583
2.991 4.13601
2.994 4.13618
2.997 4.13635
3 4.13651
3.001 0
