0 -10
0.003 -6.34246
0.006 -6.33901
0.009 -6.33555
0.012 -6.33206
0.015 -6.32855
0.018 -6.32503
0.021 -6.32148
0.024 -6.31792
0.027 -6.31433
0.03 -6.31073
0.033 -6.30711
0.036 -6.30346
0.039 -6.2998
0.042 -6.29611
0.045 -6.29241
0.048 -6.28868
0.051 -6.28494
0.054 -6.28117
0.057 -6.27739
0.06 -6.27358
0.063 -6.26975
0.066 -6.26591
0.069 -6.26204
0.072 -6.25815
0.075 -6.25424
0.078 -6.25031
0.081 -6.24635
0.084 -6.24238
0.087 -6.23839
0.09 -6.23437
0.093 -6.23033
0.096 -6.22628
0.099 -6.2222
0.102 -6.2181
0.105 -6.21398
0.108 -6.20983
0.111 -6.20567
0.114 -6.20148
0.117 -6.19727
0.12 -6.19304
0.123 -6.18879
0.126 -6.18452
0.129 -6.18023
0.132 -6.17591
0.135 -6.17157
0.138 -6.16721
0.141 -6.16283
0.144 -6.15842
0.147 -6.154
0.15 -6.14955
0.153 -6.14508
0.156 -6.14059
0.159 -6.13607
0.162 -6.13154
0.165 -6.12698
0.168 -6.1224
0.171 -6.11779
0.174 -6.11317
0.177 -6.10852
0.18 -6.10385
0.183 -6.09916
0.186 -6.09444
0.189 -6.08971
0.192 -6.08495
0.195 -6.08017
0.198 -6.07536
0.201 -6.07054
0.204 -6.06569
0.207 -6.06082
0.21 -6.05592
0.213 -6.05101
0.216 -6.04607
0.219 -6.04111
0.222 -6.03613
0.225 -6.03112
0.228 -6.0261
0.231 -6.02105
0.234 -6.01597
0.237 -6.01088
0.24 -6.00576
0.243 -6.00063
0.246 -5.99546
0.249 -5.99028
0.252 -5.98508
0.255 -5.97985
0.258 -5.9746
0.261 -5.96933
0.264 -5.96404
0.267 -5.95872
0.27 -5.95338
0.273 -5.94803
0.276 -5.94264
0.279 -5.93724
0.282 -5.93182
0.285 -5.92637
0.288 -5.92091
0.291 -5.91542
0.294 -5.90991
0.297 -5.90438
0.3 -5.89882
0.303 -5.89325
0.306 -5.88765
0.309 -5.88204
0.312 -5.8764
0.315 -5.87074
0.318 -5.86506
0.321 -5.85936
0.324 -5.85364
0.327 -5.8479
0.33 -5.84214
0.333 -5.83636
0.336 -5.83056
0.339 -5.82474
0.342 -5.81889
0.345 -5.81303
0.348 -5.80715
0.351 -5.80125
0.354 -5.79533
0.357 -5.78939
0.36 -5.78343
0.363 -5.77745
0.366 -5.77146
0.369 -5.76544
0.372 -5.75941
0.375 -5.75335
0.378 -5.74728
0.381 -5.74119
0.384 -5.73508
0.387 -5.72896
0.39 -5.72282
0.393 -5.71666
0.396 -5.71048
0.399 -5.70428
0.402 -5.69807
0.405 -5.69184
0.408 -5.68559
0.411 -5.67933
0.414 -5.67305
0.417 -5.66676
0.42 -5.66045
0.423 -5.65412
0.426 -5.64778
0.429 -5.64142
0.432 -5.63505
0.435 -5.62866
0.438 -5.62226
0.441 -5.61584
0.444 -5.60941
0.447 -5.60297
0.45 -5.59651
0.453 -5.59004
0.456 -5.58355
0.459 -5.57705
0.462 -5.57054
0.465 -5.56402
0.468 -5.55748
0.471 -5.55093
0.474 -5.54437
0.477 -5.5378
0.48 -5.53122
0.483 -5.52462
0.486 -5.51802
0.489 -5.5114
0.492 -5.50478
0.495 -5.49814
0.498 -5.4915
0.501 -5.48484
0.504 -5.47818
0.507 -5.4715
0.51 -5.46482
0.513 -5.45813
0.516 -5.45143
0.519 -5.44473
0.522 -5.43801
0.525 -5.43129
0.528 -5.42457
0.531 -5.41783
0.534 -5.41109
0.537 -5.40434
0.54 -5.39759
0.543 -5.39083
0.546 -5.38407
0.549 -5.3773
0.552 -5.37053
0.555 -5.36375
0.558 -5.35697
0.561 -5.35019
0.564 -5.3434
0.567 -5.33661
0.57 -5.32982
0.573 -5.32302
0.576 -5.31623
0.579 -5.30943
0.582 -5.30263
0.585 -5.29582
0.588 -5.28902
0.591 -5.28222
0.594 -5.27542
0.597 -5.26861
0.6 -5.26181
0.603 -5.25501
0.606 -5.24821
0.609 -5.24141
0.612 -5.23461
0.615 -5.22782
0.618 -5.22102
0.621 -5.21423
0.624 -5.20744
0.627 -5.20066
0.63 -5.19388
0.633 -5.1871
0.636 -5.18033
0.639 -5.17356
0.642 -5.1668
0.645 -5.16004
0.648 -5.15329
0.651 -5.14654
0.654 -5.1398
0.657 -5.13307
0.66 -5.12634
0.663 -5.11962
0.666 -5.11291
0.669 -5.1062
0.672 -5.09951
0.675 -5.09282
0.678 -5.08614
0.681 -5.07946
0.684 -5.0728
0.687 -5.06615
0.69 -5.0595
0.693 -5.05287
0.696 -5.04625
0.699 -5.03963
0.702 -5.03303
0.705 -5.02644
0.708 -5.01986
0.711 -5.01329
0.714 -5.00673
0.717 -5.00019
0.72 -4.99365
0.723 -4.98713
0.726 -4.98062
0.729 -4.97413
0.732 -4.96765
0.735 -4.96118
0.738 -4.95473
0.741 -4.94829
0.744 -4.94186
0.747 -4.93545
0.75 -4.92905
0.753 -4.92267
0.756 -4.9163
0.759 -4.90995
0.762 -4.90362
0.765 -4.8973
0.768 -4.89099
0.771 -4.88471
0.774 -4.87843
0.777 -4.87218
0.78 -4.86594
0.783 -4.85972
0.786 -4.85351
0.789 -4.84733
0.792 -4.84116
0.795 -4.83501
0.798 -4.82887
0.801 -4.82276
0.804 -4.81666
0.807 -4.81058
0.81 -4.80452
0.813 -4.79847
0.816 -4.79245
0.819 -4.78644
0.822 -4.78046
0.825 -4.77449
0.828 -4.76854
0.831 -4.76261
0.834 -4.7567
0.837 -4.75081
0.84 -4.74494
0.843 -4.73909
0.846 -4.73326
0.849 -4.72745
0.852 -4.72166
0.855 -4.71589
0.858 -4.71014
0.861 -4.70441
0.864 -4.6987
0.867 -4.69302
0.87 -4.68735
0.873 -4.6817
0.876 -4.67607
0.879 -4.67047
0.882 -4.66488
0.885 -4.65932
0.888 -4.65378
0.891 -4.64826
0.894 -4.64275
0.897 -4.63727
0.9 -4.63182
0.903 -4.62638
0.906 -4.62096
0.909 -4.61557
0.912 -4.61019
0.915 -4.60484
0.918 -4.59951
0.921 -4.5942
0.924 -4.58891
0.927 -4.58364
0.93 -4.5784
0.933 -4.57317
0.936 -4.56797
0.939 -4.56279
0.942 -4.55762
0.945 -4.55248
0.948 -4.54737
0.951 -4.54227
0.954 -4.53719
0.957 -4.53214
0.96 -4.52711
0.963 -4.52209
0.966 -4.5171
0.969 -4.51213
0.972 -4.50718
0.975 -4.50225
0.978 -4.49735
0.981 -4.49246
0.984 -4.4876
0.987 -4.48275
0.99 -4.47793
0.993 -4.47313
0.996 -4.46834
0.999 -4.46358
1.002 -4.45884
1.005 -4.45412
1.008 -4.44942
1.011 -4.44474
1.014 -4.44008
1.017 -4.43544
1.02 -4.43083
1.023 -4.42623
1.026 -4.42165
1.029 -4.41709
1.032 -4.41255
1.035 -4.40803
1.038 -4.40353
1.041 -4.39905
1.044 -4.39459
1.047 -4.39015
1.05 -4.38573
1.053 -4.38133
1.056 -4.37695
1.059 -4.37259
1.062 -4.36824
1.065 -4.36392
1.068 -4.35961
1.071 -4.35532
1.074 -4.35105
1.077 -4.3468
1.08 -4.34257
1.083 -4.33836
1.086 -4.33416
1.089 -4.32998
1.092 -4.32582
1.095 -4.32168
1.098 -4.31756
1.101 -4.31345
1.104 -4.30936
1.107 -4.30529
1.11 -4.30124
1.113 -4.2972
1.116 -4.29318
1.119 -4.28918
1.122 -4.2852
1.125 -4.28123
1.128 -4.27728
1.131 -4.27334
1.134 -4.26942
1.137 -4.26552
1.14 -4.26164
1.143 -4.25777
1.146 -4.25391
1.149 -4.25007
1.152 -4.24625
1.155 -4.24245
1.158 -4.23865
1.161 -4.23488
1.164 -4.23112
1.167 -4.22737
1.17 -4.22364
1.173 -4.21993
1.176 -4.21623
1.179 -4.21254
1.182 -4.20887
1.185 -4.20521
1.188 -4.20157
1.191 -4.19794
1.194 -4.19433
1.197 -4.19073
1.2 -4.18714
1.203 -4.18357
1.206 -4.18001
1.209 -4.17647
1.212 -4.17293
1.215 -4.16942
1.218 -4.16591
1.221 -4.16242
1.224 -4.15894
1.227 -4.15547
1.23 -4.15201
1.233 -4.14857
1.236 -4.14514
1.239 -4.14172
1.242 -4.13832
1.245 -4.13492
1.248 -4.13154
1.251 -4.12817
1.254 -4.12481
1.257 -4.12147
1.26 -4.11813
1.263 -4.11481
1.266 -4.11149
1.269 -4.10819
1.272 -4.1049
1.275 -4.10162
1.278 -4.09835
1.281 -4.09509
1.284 -4.09184
1.287 -4.0886
1.29 -4.08537
1.293 -4.08215
1.296 -4.07894
1.299 -4.07574
1.302 -4.07255
1.305 -4.06937
1.308 -4.0662
1.311 -4.06304
1.314 -4.05989
1.317 -4.05674
1.32 -4.05361
1.323 -4.05048
1.326 -4.04737
1.329 -4.04426
1.332 -4.04116
1.335 -4.03807
1.338 -4.03499
1.341 -4.03191
1.344 -4.02884
1.347 -4.02578
1.35 -4.02273
1.353 -4.01969
1.356 -4.01665
1.359 -4.01362
1.362 -4.0106
1.365 -4.00759
1.368 -4.00458
1.371 -4.00158
1.374 -3.99859
1.377 -3.9956
1.38 -3.99262
1.383 -3.98965
1.386 -3.98668
1.389 -3.98372
1.392 -3.98077
1.395 -3.97782
1.398 -3.97488
1.401 -3.97194
1.404 -3.96901
1.407 -3.96608
1.41 -3.96317
1.413 -3.96025
1.416 -3.95734
1.419 -3.95444
1.422 -3.95154
1.425 -3.94865
1.428 -3.94576
1.431 -3.94288
1.434 -3.94
1.437 -3.93712
1.44 -3.93425
1.443 -3.93139
1.446 -3.92853
1.449 -3.92567
1.452 -3.92282
1.455 -3.91997
1.458 -3.91713
1.461 -3.91429
1.464 -3.91145
1.467 -3.90862
1.47 -3.90579
1.473 -3.90296
1.476 -3.90014
1.479 -3.89732
1.482 -3.8945
1.485 -3.89169
1.488 -3.88888
1.491 -3.88607
1.494 -3.88327
1.497 -3.88047
1.5 -3.87767
1.503 -3.87487
1.506 -3.87208
1.509 -3.86929
1.512 -3.8665
1.515 -3.86371
1.518 -3.86093
1.521 -3.85814
1.524 -3.85536
1.527 -3.85258
1.53 -3.84981
1.533 -3.84703
1.536 -3.84426
1.539 -3.84149
1.542 -3.83871
1.545 -3.83595
1.548 -3.83318
1.551 -3.83041
1.554 -3.82764
1.557 -3.82488
1.56 -3.82212
1.563 -3.81935
1.566 -3.81659
1.569 -3.81383
1.572 -3.81107
1.575 -3.80831
1.578 -3.80555
1.581 -3.8028
1.584 -3.80004
1.587 -3.79728
1.59 -3.79452
1.593 -3.79177
1.596 -3.78901
1.599 -3.78625
1.602 -3.7835
1.605 -3.78074
1.608 -3.77799
1.611 -3.77523
1.614 -3.77247
1.617 -3.76972
1.62 -3.76696
1.623 -3.7642
1.626 -3.76145
1.629 -3.75869
1.632 -3.75593
1.635 -3.75317
1.638 -3.75041
1.641 -3.74765
1.644 -3.74489
1.647 -3.74213
1.65 -3.73937
1.653 -3.73661
1.656 -3.73385
1.659 -3.73108
1.662 -3.72832
1.665 -3.72555
1.668 -3.72279
1.671 -3.72002
1.674 -3.71725
1.677 -3.71448
1.68 -3.71171
1.683 -3.70894
1.686 -3.70617
1.689 -3.70339
1.692 -3.70062
1.695 -3.69784
1.698 -3.69506
1.701 -3.69229
1.704 -3.68951
1.707 -3.68672
1.71 -3.68394
1.713 -3.68116
1.716 -3.67837
1.719 -3.67559
1.722 -3.6728
1.725 -3.67001
1.728 -3.66722
1.731 -3.66443
1.734 -3.66164
1.737 -3.65885
1.74 -3.65605
1.743 -3.65326
1.746 -3.65046
1.749 -3.64766
1.752 -3.64486
1.755 -3.64206
1.758 -3.63926
1.761 -3.63645
1.764 -3.63365
1.767 -3.63084
1.77 -3.62804
1.773 -3.62523
1.776 -3.62242
1.779 -3.61961
1.782 -3.6168
1.785 -3.61398
1.788 -3.61117
1.791 -3.60836
1.794 -3.60554
1.797 -3.60273
1.8 -3.59991
1.803 -3.59709
1.806 -3.59427
1.809 -3.59145
1.812 -3.58863
1.815 -3.58581
1.818 -3.58299
1.821 -3.58017
1.824 -3.57735
1.827 -3.57453
1.83 -3.57171
1.833 -3.56888
1.836 -3.56606
1.839 -3.56324
1.842 -3.56041
1.845 -3.55759
1.848 -3.55477
1.851 -3.55195
1.854 -3.54912
1.857 -3.5463
1.86 -3.54348
1.863 -3.54066
1.866 -3.53784
1.869 -3.53502
1.872 -3.5322
1.875 -3.52938
1.878 -3.52657
1.881 -3.52375
1.884 -3.52094
1.887 -3.51812
1.89 -3.51531
1.893 -3.5125
1.896 -3.50969
1.899 -3.50689
1.902 -3.50408
1.905 -3.50128
1.908 -3.49848
1.911 -3.49568
1.914 -3.49288
1.917 -3.49009
1.92 -3.4873
1.923 -3.48451
1.926 -3.48173
1.929 -3.47894
1.932 -3.47617
1.935 -3.47339
1.938 -3.47062
1.941 -3.46785
1.944 -3.46509
1.947 -3.46232
1.95 -3.45957
1.953 -3.45682
1.956 -3.45407
1.959 -3.45132
1.962 -3.44858
1.965 -3.44585
1.968 -3.44312
1.971 -3.4404
1.974 -3.43768
1.977 -3.43497
1.98 -3.43226
1.983 -3.42956
1.986 -3.42686
1.989 -3.42417
1.992 -3.42149
1.995 -3.41882
1.998 -3.41615
2.001 -3.41349
2.004 -3.41083
2.007 -3.40818
2.01 -3.40554
2.013 -3.40291
2.016 -3.40029
2.019 -3.39767
2.022 -3.39506
2.025 -3.39246
2.028 -3.38987
2.031 -3.38729
2.034 -3.38472
2.037 -3.38215
2.04 -3.3796
2.043 -3.37706
2.046 -3.37452
2.049 -3.372
2.052 -3.36948
2.055 -3.36698
2.058 -3.36449
2.061 -3.362
2.064 -3.35953
2.067 -3.35707
2.07 -3.35463
2.073 -3.35219
2.076 -3.34977
2.079 -3.34735
2.082 -3.34495
2.085 -3.34257
2.088 -3.34019
2.091 -3.33783
2.094 -3.33548
2.097 -3.33314
2.1 -3.33082
2.103 -3.32851
2.106 -3.32622
2.109 -3.32394
2.112 -3.32167
2.115 -3.31942
2.118 -3.31718
2.121 -3.31496
2.124 -3.31275
2.127 -3.31056
2.13 -3.30839
2.133 -3.30623
2.136 -3.30408
2.139 -3.30195
2.142 -3.29984
2.145 -3.29774
2.148 -3.29566
2.151 -3.2936
2.154 -3.29155
2.157 -3.28952
2.16 -3.28751
2.163 -3.28551
2.166 -3.28353
2.169 -3.28157
2.172 -3.27963
2.175 -3.2777
2.178 -3.2758
2.181 -3.27391
2.184 -3.27204
2.187 -3.27019
2.19 -3.26835
2.193 -3.26654
2.196 -3.26474
2.199 -3.26296
2.202 -3.26121
2.205 -3.25947
2.208 -3.25775
2.211 -3.25605
2.214 -3.25437
2.217 -3.2527
2.22 -3.25106
2.223 -3.24944
2.226 -3.24784
2.229 -3.24626
2.232 -3.24469
2.235 -3.24315
2.238 -3.24163
2.241 -3.24013
2.244 -3.23865
2.247 -3.23718
2.25 -3.23574
2.253 -3.23432
2.256 -3.23292
2.259 -3.23154
2.262 -3.23018
2.265 -3.22884
2.268 -3.22752
2.271 -3.22623
2.274 -3.22495
2.277 -3.22369
2.28 -3.22245
2.283 -3.22124
2.286 -3.22004
2.289 -3.21887
2.292 -3.21771
2.295 -3.21658
2.298 -3.21547
2.301 -3.21438
2.304 -3.2133
2.307 -3.21225
2.31 -3.21122
2.313 -3.21021
2.316 -3.20922
2.319 -3.20825
2.322 -3.2073
2.325 -3.20637
2.328 -3.20546
2.331 -3.20457
2.334 -3.2037
2.337 -3.20285
2.34 -3.20202
2.343 -3.20121
2.346 -3.20042
2.349 -3.19965
2.352 -3.1989
2.355 -3.19817
2.358 -3.19745
2.361 -3.19676
2.364 -3.19608
2.367 -3.19543
2.37 -3.19479
2.373 -3.19417
2.376 -3.19358
2.379 -3.19299
2.382 -3.19243
2.385 -3.19189
2.388 -3.19136
2.391 -3.19086
2.394 -3.19037
2.397 -3.18989
2.4 -3.18944
2.403 -3.189
2.406 -3.18858
2.409 -3.18818
2.412 -3.1878
2.415 -3.18743
2.418 -3.18708
2.421 -3.18674
2.424 -3.18643
2.427 -3.18613
2.43 -3.18584
2.433 -3.18557
2.436 -3.18532
2.439 -3.18508
2.442 -3.18486
2.445 -3.18465
2.448 -3.18446
2.451 -3.18429
2.454 -3.18413
2.457 -3.18398
2.46 -3.18385
2.463 -3.18373
2.466 -3.18363
2.469 -3.18354
2.472 -3.18347
2.475 -3.18341
2.478 -3.18336
2.481 -3.18333
2.484 -3.18331
2.487 -3.1833
2.49 -3.1833
2.493 -3.18332
2.496 -3.18335
2.499 -3.1834
2.502 -3.18346
2.505 -3.18352
2.508 -3.1836
2.511 -3.1837
2.514 -3.1838
2.517 -3.18392
2.52 -3.18404
2.523 -3.18418
2.526 -3.18433
2.529 -3.18449
2.532 -3.18466
2.535 -3.18484
2.538 -3.18503
2.541 -3.18524
2.544 -3.18545
2.547 -3.18567
2.55 -3.1859
2.553 -3.18614
2.556 -3.18639
2.559 -3.18665
2.562 -3.18692
2.565 -3.1872
2.568 -3.18748
2.571 -3.18778
2.574 -3.18808
2.577 -3.18839
2.58 -3.18871
2.583 -3.18904
2.586 -3.18937
2.589 -3.18972
2.592 -3.19007
2.595 -3.19043
2.598 -3.19079
2.601 -3.19116
2.604 -3.19154
2.607 -3.19193
2.61 -3.19232
2.613 -3.19272
2.616 -3.19313
2.619 -3.19354
2.622 -3.19396
2.625 -3.19439
2.628 -3.19482
2.631 -3.19525
2.634 -3.1957
2.637 -3.19614
2.64 -3.1966
2.643 -3.19705
2.646 -3.19752
2.649 -3.19799
2.652 -3.19846
2.655 -3.19894
2.658 -3.19942
2.661 -3.19991
2.664 -3.2004
2.667 -3.2009
2.67 -3.2014
2.673 -3.2019
2.676 -3.20241
2.679 -3.20292
2.682 -3.20344
2.685 -3.20396
2.688 -3.20448
2.691 -3.20501
2.694 -3.20554
2.697 -3.20607
2.7 -3.20661
2.703 -3.20715
2.706 -3.20769
2.709 -3.20824
2.712 -3.20879
2.715 -3.20934
2.718 -3.20989
2.721 -3.21045
2.724 -3.21101
2.727 -3.21157
2.73 -3.21213
2.733 -3.2127
2.736 -3.21327
2.739 -3.21384
2.742 -3.21441
2.745 -3.21498
2.748 -3.21556
2.751 -3.21614
2.754 -3.21672
2.757 -3.2173
2.76 -3.21788
2.763 -3.21846
2.766 -3.21905
2.769 -3.21963
2.772 -3.22022
2.775 -3.22081
2.778 -3.2214
2.781 -3.22199
2.784 -3.22258
2.787 -3.22317
2.79 -3.22377
2.793 -3.22436
2.796 -3.22495
2.799 -3.22555
2.802 -3.22615
2.805 -3.22674
2.808 -3.22734
2.811 -3.22794
2.814 -3.22853
2.817 -3.22913
2.82 -3.22973
2.823 -3.23033
2.826 -3.23093
2.829 -3.23153
2.832 -3.23213
2.835 -3.23273
2.838 -3.23333
2.841 -3.23393
2.844 -3.23452
2.847 -3.23512
2.85 -3.23572
2.853 -3.23632
2.856 -3.23692
2.859 -3.23752
2.862 -3.23811
2.865 -3.23871
2.868 -3.23931
2.871 -3.23991
2.874 -3.2405
2.877 -3.2411
2.88 -3.24169
2.883 -3.24229
2.886 -3.24288
2.889 -3.24347
2.892 -3.24406
2.895 -3.24466
2.898 -3.24525
2.901 -3.24584
2.904 -3.24643
2.907 -3.24702
2.91 -3.2476
2.913 -3.24819
2.916 -3.24878
2.919 -3.24936
2.922 -3.24994
2.925 -3.25053
2.928 -3.25111
2.931 -3.25169
2.934 -3.25227
2.937 -3.25285
2.94 -3.25343
2.943 -3.254
2.946 -3.25458
2.949 -3.25515
2.952 -3.25573
2.955 -3.2563
2.958 -3.25687
2.961 -3.25744
2.964 -3.25801
2.967 -3.25858
2.97 -3.25914
2.973 -3.25971
2.976 -3.26027
2.979 -3.26083
2.982 -3.26139
2.985 -3.26195
2.988 -3.26251
2.991 -3.26307
2.994 -3.26362
2.997 -3.26418
3 -3.26473
3.001 -10
