0 5
0.003 3.77701
0.006 3.77658
0.009 3.77614
0.012 3.77569
0.015 3.77525
0.018 3.7748
0.021 3.77436
0.024 3.77391
0.027 3.77345
0.03 3.773
0.033 3.77254
0.036 3.77208
0.039 3.77161
0.042 3.77115
0.045 3.77068
0.048 3.77021
0.051 3.76974
0.054 3.76926
0.057 3.76878
0.06 3.7683
0.063 3.76782
0.066 3.76734
0.069 3.76685
0.072 3.76636
0.075 3.76587
0.078 3.76537
0.081 3.76487
0.084 3.76437
0.087 3.76387
0.09 3.76337
0.093 3.76286
0.096 3.76235
0.099 3.76184
0.102 3.76132
0.105 3.7608
0.108 3.76028
0.111 3.75976
0.114 3.75923
0.117 3.7587
0.12 3.75817
0.123 3.75764
0.126 3.7571
0.129 3.75656
0.132 3.75602
0.135 3.75548
0.138 3.75493
0.141 3.75438
0.144 3.75383
0.147 3.75328
0.15 3.75272
0.153 3.75216
0.156 3.7516
0.159 3.75103
0.162 3.75046
0.165 3.74989
0.168 3.74932
0.171 3.74874
0.174 3.74816
0.177 3.74758
0.18 3.747
0.183 3.74641
0.186 3.74582
0.189 3.74523
0.192 3.74463
0.195 3.74403
0.198 3.74343
0.201 3.74283
0.204 3.74222
0.207 3.74161
0.21 3.741
0.213 3.74039
0.216 3.73977
0.219 3.73915
0.222 3.73853
0.225 3.7379
0.228 3.73727
0.231 3.73664
0.234 3.73601
0.237 3.73537
0.24 3.73473
0.243 3.73409
0.246 3.73344
0.249 3.73279
0.252 3.73214
0.255 3.73149
0.258 3.73083
0.261 3.73017
0.264 3.72951
0.267 3.72884
0.27 3.72818
0.273 3.72751
0.276 3.72683
0.279 3.72615
0.282 3.72548
0.285 3.72479
0.288 3.72411
0.291 3.72342
0.294 3.72273
0.297 3.72203
0.3 3.72134
0.303 3.72064
0.306 3.71994
0.309 3.71923
0.312 3.71852
0.315 3.71781
0.318 3.7171
0.321 3.71638
0.324 3.71566
0.327 3.71494
0.33 3.71421
0.333 3.71348
0.336 3.71275
0.339 3.71202
0.342 3.71128
0.345 3.71054
0.348 3.7098
0.351 3.70905
0.354 3.7083
0.357 3.70755
0.36 3.70679
0.363 3.70604
0.366 3.70528
0.369 3.70451
0.372 3.70375
0.375 3.70298
0.378 3.7022
0.381 3.70143
0.384 3.70065
0.387 3.69987
0.39 3.69909
0.393 3.6983
0.396 3.69751
0.399 3.69672
0.402 3.69592
0.405 3.69512
0.408 3.69432
0.411 3.69352
0.414 3.69271
0.417 3.6919
0.42 3.69109
0.423 3.69027
0.426 3.68945
0.429 3.68863
0.432 3.68781
0.435 3.68698
0.438 3.68615
0.441 3.68531
0.444 3.68448
0.447 3.68364
0.45 3.6828
0.453 3.68195
0.456 3.6811
0.459 3.68025
0.462 3.6794
0.465 3.67854
0.468 3.67768
0.471 3.67682
0.474 3.67595
0.477 3.67508
0.48 3.67421
0.483 3.67334
0.486 3.67246
0.489 3.67158
0.492 3.6707
0.495 3.66981
0.498 3.66892
0.501 3.66803
0.504 3.66714
0.507 3.66624
0.51 3.66534
0.513 3.66444
0.516 3.66353
0.519 3.66262
0.522 3.66171
0.525 3.6608
0.528 3.65988
0.531 3.65896
0.534 3.65804
0.537 3.65711
0.54 3.65618
0.543 3.65525
0.546 3.65432
0.549 3.65338
0.552 3.65244
0.555 3.6515
0.558 3.65055
0.561 3.6496
0.564 3.64865
0.567 3.6477
0.57 3.64674
0.573 3.64578
0.576 3.64482
0.579 3.64386
0.582 3.64289
0.585 3.64192
0.588 3.64095
0.591 3.63997
0.594 3.63899
0.597 3.63801
0.6 3.63703
0.603 3.63604
0.606 3.63505
0.609 3.63406
0.612 3.63306
0.615 3.63207
0.618 3.63107
0.621 3.63006
0.624 3.62906
0.627 3.62805
0.63 3.62704
0.633 3.62603
0.636 3.62501
0.639 3.62399
0.642 3.62297
0.645 3.62195
0.648 3.62092
0.651 3.61989
0.654 3.61886
0.657 3.61783
0.66 3.61679
0.663 3.61575
0.666 3.61471
0.669 3.61367
0.672 3.61262
0.675 3.61158
0.678 3.61053
0.681 3.60947
0.684 3.60842
0.687 3.60736
0.69 3.6063
0.693 3.60524
0.696 3.60417
0.699 3.6031
0.702 3.60204
0.705 3.60096
0.708 3.59989
0.711 3.59881
0.714 3.59774
0.717 3.59665
0.72 3.59557
0.723 3.59449
0.726 3.5934
0.729 3.59231
0.732 3.59122
0.735 3.59013
0.738 3.58903
0.741 3.58793
0.744 3.58683
0.747 3.58573
0.75 3.58463
0.753 3.58352
0.756 3.58242
0.759 3.58131
0.762 3.58019
0.765 3.57908
0.768 3.57797
0.771 3.57685
0.774 3.57573
0.777 3.57461
0.78 3.57349
0.783 3.57236
0.786 3.57124
0.789 3.57011
0.792 3.56898
0.795 3.56785
0.798 3.56672
0.801 3.56558
0.804 3.56445
0.807 3.56331
0.81 3.56217
0.813 3.56103
0.816 3.55989
0.819 3.55875
0.822 3.5576
0.825 3.55646
0.828 3.55531
0.831 3.55416
0.834 3.55301
0.837 3.55186
0.84 3.55071
0.843 3.54955
0.846 3.5484
0.849 3.54724
0.852 3.54608
0.855 3.54493
0.858 3.54377
0.861 3.54261
0.864 3.54144
0.867 3.54028
0.87 3.53912
0.873 3.53795
0.876 3.53679
0.879 3.53562
0.882 3.53445
0.885 3.53328
0.888 3.53211
0.891 3.53094
0.894 3.52977
0.897 3.5286
0.9 3.52742
0.903 3.52625
0.906 3.52508
0.909 3.5239
0.912 3.52273
0.915 3.52155
0.918 3.52037
0.921 3.51919
0.924 3.51802
0.927 3.51684
0.93 3.51566
0.933 3.51448
0.936 3.5133
0.939 3.51212
0.942 3.51094
0.945 3.50976
0.948 3.50857
0.951 3.50739
0.954 3.50621
0.957 3.50503
0.96 3.50384
0.963 3.50266
0.966 3.50148
0.969 3.50029
0.972 3.49911
0.975 3.49792
0.978 3.49674
0.981 3.49555
0.984 3.49437
0.987 3.49318
0.99 3.492
0.993 3.49081
0.996 3.48963
0.999 3.48844
1.002 3.48726
1.005 3.48607
1.008 3.48489
1.011 3.4837
1.014 3.48252
1.017 3.48133
1.02 3.48015
1.023 3.47896
1.026 3.47778
1.029 3.47659
1.032 3.47541
1.035 3.47422
1.038 3.47304
1.041 3.47185
1.044 3.47067
1.047 3.46949
1.05 3.4683
1.053 3.46712
1.056 3.46594
1.059 3.46475
1.062 3.46357
1.065 3.46239
1.068 3.46121
1.071 3.46003
1.074 3.45884
1.077 3.45766
1.08 3.45648
1.083 3.4553
1.086 3.45412
1.089 3.45294
1.092 3.45176
1.095 3.45058
1.098 3.44941
1.101 3.44823
1.104 3.44705
1.107 3.44587
1.11 3.44469
1.113 3.44352
1.116 3.44234
1.119 3.44116
1.122 3.43999
1.125 3.43881
1.128 3.43764
1.131 3.43646
1.134 3.43529
1.137 3.43411
1.14 3.43294
1.143 3.43177
1.146 3.4306
1.149 3.42942
1.152 3.42825
1.155 3.42708
1.158 3.42591
1.161 3.42474
1.164 3.42357
1.167 3.4224
1.17 3.42123
1.173 3.42006
1.176 3.41889
1.179 3.41772
1.182 3.41655
1.185 3.41538
1.188 3.41421
1.191 3.41305
1.194 3.41188
1.197 3.41071
1.2 3.40954
1.203 3.40838
1.206 3.40721
1.209 3.40605
1.212 3.40488
1.215 3.40371
1.218 3.40255
1.221 3.40138
1.224 3.40022
1.227 3.39905
1.23 3.39789
1.233 3.39672
1.236 3.39556
1.239 3.39439
1.242 3.39323
1.245 3.39207
1.248 3.3909
1.251 3.38974
1.254 3.38857
1.257 3.38741
1.26 3.38624
1.263 3.38508
1.266 3.38392
1.269 3.38275
1.272 3.38159
1.275 3.38042
1.278 3.37926
1.281 3.37809
1.284 3.37693
1.287 3.37576
1.29 3.3746
1.293 3.37343
1.296 3.37226
1.299 3.3711
1.302 3.36993
1.305 3.36876
1.308 3.3676
1.311 3.36643
1.314 3.36526
1.317 3.36409
1.32 3.36292
1.323 3.36176
1.326 3.36059
1.329 3.35941
1.332 3.35824
1.335 3.35707
1.338 3.3559
1.341 3.35473
1.344 3.35355
1.347 3.35238
1.35 3.3512
1.353 3.35003
1.356 3.34885
1.359 3.34767
1.362 3.3465
1.365 3.34532
1.368 3.34414
1.371 3.34296
1.374 3.34177
1.377 3.34059
1.38 3.33941
1.383 3.33822
1.386 3.33704
1.389 3.33585
1.392 3.33466
1.395 3.33347
1.398 3.33228
1.401 3.33109
1.404 3.32989
1.407 3.3287
1.41 3.3275
1.413 3.3263
1.416 3.32511
1.419 3.3239
1.422 3.3227
1.425 3.3215
1.428 3.32029
1.431 3.31909
1.434 3.31788
1.437 3.31667
1.44 3.31546
1.443 3.31424
1.446 3.31303
1.449 3.31181
1.452 3.31059
1.455 3.30937
1.458 3.30814
1.461 3.30692
1.464 3.30569
1.467 3.30446
1.47 3.30323
1.473 3.30199
1.476 3.30076
1.479 3.29952
1.482 3.29828
1.485 3.29703
1.488 3.29579
1.491 3.29454
1.494 3.29329
1.497 3.29204
1.5 3.29078
1.503 3.28952
1.506 3.28826
1.509 3.287
1.512 3.28573
1.515 3.28446
1.518 3.28319
1.521 3.28192
1.524 3.28064
1.527 3.27936
1.53 3.27807
1.533 3.27679
1.536 3.2755
1.539 3.2742
1.542 3.27291
1.545 3.27161
1.548 3.2703
1.551 3.269
1.554 3.26769
1.557 3.26638
1.56 3.26506
1.563 3.26374
1.566 3.26242
1.569 3.26109
1.572 3.25976
1.575 3.25842
1.578 3.25709
1.581 3.25574
1.584 3.2544
1.587 3.25305
1.59 3.2517
1.593 3.25034
1.596 3.24898
1.599 3.24761
1.602 3.24624
1.605 3.24487
1.608 3.24349
1.611 3.24211
1.614 3.24072
1.617 3.23933
1.62 3.23794
1.623 3.23654
1.626 3.23513
1.629 3.23373
1.632 3.23231
1.635 3.2309
1.638 3.22947
1.641 3.22805
1.644 3.22662
1.647 3.22518
1.65 3.22374
1.653 3.22229
1.656 3.22084
1.659 3.21939
1.662 3.21793
1.665 3.21646
1.668 3.21499
1.671 3.21352
1.674 3.21204
1.677 3.21055
1.68 3.20906
1.683 3.20757
1.686 3.20607
1.689 3.20456
1.692 3.20305
1.695 3.20153
1.698 3.20001
1.701 3.19848
1.704 3.19695
1.707 3.19541
1.71 3.19387
1.713 3.19232
1.716 3.19076
1.719 3.1892
1.722 3.18763
1.725 3.18606
1.728 3.18448
1.731 3.1829
1.734 3.18131
1.737 3.17972
1.74 3.17812
1.743 3.17651
1.746 3.1749
1.749 3.17328
1.752 3.17166
1.755 3.17003
1.758 3.16839
1.761 3.16675
1.764 3.1651
1.767 3.16345
1.77 3.16179
1.773 3.16012
1.776 3.15845
1.779 3.15678
1.782 3.15509
1.785 3.1534
1.788 3.15171
1.791 3.15001
1.794 3.1483
1.797 3.14659
1.8 3.14487
1.803 3.14314
1.806 3.14141
1.809 3.13967
1.812 3.13793
1.815 3.13618
1.818 3.13442
1.821 3.13266
1.824 3.1309
1.827 3.12912
1.83 3.12734
1.833 3.12556
1.836 3.12377
1.839 3.12197
1.842 3.12017
1.845 3.11836
1.848 3.11655
1.851 3.11473
1.854 3.1129
1.857 3.11107
1.86 3.10923
1.863 3.10739
1.866 3.10554
1.869 3.10369
1.872 3.10183
1.875 3.09996
1.878 3.09809
1.881 3.09621
1.884 3.09433
1.887 3.09245
1.89 3.09055
1.893 3.08866
1.896 3.08676
1.899 3.08485
1.902 3.08294
1.905 3.08102
1.908 3.0791
1.911 3.07717
1.914 3.07524
1.917 3.0733
1.92 3.07136
1.923 3.06941
1.926 3.06746
1.929 3.06551
1.932 3.06355
1.935 3.06159
1.938 3.05962
1.941 3.05765
1.944 3.05568
1.947 3.0537
1.95 3.05172
1.953 3.04973
1.956 3.04774
1.959 3.04575
1.962 3.04375
1.965 3.04175
1.968 3.03975
1.971 3.03774
1.974 3.03573
1.977 3.03372
1.98 3.03171
1.983 3.02969
1.986 3.02767
1.989 3.02565
1.992 3.02363
1.995 3.02161
1.998 3.01958
2.001 3.01755
2.004 3.01552
2.007 3.01349
2.01 3.01146
2.013 3.00942
2.016 3.00739
2.019 3.00535
2.022 3.00332
2.025 3.00128
2.028 2.99924
2.031 2.9972
2.034 2.99517
2.037 2.99313
2.04 2.99109
2.043 2.98905
2.046 2.98702
2.049 2.98498
2.052 2.98295
2.055 2.98091
2.058 2.97888
2.061 2.97685
2.064 2.97482
2.067 2.97279
2.07 2.97077
2.073 2.96874
2.076 2.96672
2.079 2.9647
2.082 2.96268
2.085 2.96067
2.088 2.95866
2.091 2.95665
2.094 2.95465
2.097 2.95265
2.1 2.95065
2.103 2.94865
2.106 2.94666
2.109 2.94468
2.112 2.9427
2.115 2.94072
2.118 2.93875
2.121 2.93678
2.124 2.93482
2.127 2.93287
2.13 2.93091
2.133 2.92897
2.136 2.92703
2.139 2.9251
2.142 2.92317
2.145 2.92125
2.148 2.91933
2.151 2.91742
2.154 2.91552
2.157 2.91363
2.16 2.91174
2.163 2.90986
2.166 2.90799
2.169 2.90612
2.172 2.90427
2.175 2.90242
2.178 2.90058
2.181 2.89875
2.184 2.89692
2.187 2.89511
2.19 2.8933
2.193 2.8915
2.196 2.88971
2.199 2.88793
2.202 2.88616
2.205 2.8844
2.208 2.88265
2.211 2.88091
2.214 2.87918
2.217 2.87745
2.22 2.87574
2.223 2.87404
2.226 2.87235
2.229 2.87067
2.232 2.869
2.235 2.86734
2.238 2.86569
2.241 2.86405
2.244 2.86243
2.247 2.86081
2.25 2.85921
2.253 2.85761
2.256 2.85603
2.259 2.85446
2.262 2.8529
2.265 2.85135
2.268 2.84982
2.271 2.8483
2.274 2.84678
2.277 2.84528
2.28 2.8438
2.283 2.84232
2.286 2.84086
2.289 2.8394
2.292 2.83796
2.295 2.83654
2.298 2.83512
2.301 2.83372
2.304 2.83233
2.307 2.83095
2.31 2.82959
2.313 2.82823
2.316 2.82689
2.319 2.82557
2.322 2.82425
2.325 2.82295
2.328 2.82166
2.331 2.82038
2.334 2.81912
2.337 2.81787
2.34 2.81663
2.343 2.8154
2.346 2.81419
2.349 2.81298
2.352 2.8118
2.355 2.81062
2.358 2.80946
2.361 2.80831
2.364 2.80717
2.367 2.80604
2.37 2.80493
2.373 2.80383
2.376 2.80274
2.379 2.80166
2.382 2.8006
2.385 2.79955
2.388 2.79851
2.391 2.79748
2.394 2.79647
2.397 2.79547
2.4 2.79448
2.403 2.7935
2.406 2.79253
2.409 2.79158
2.412 2.79064
2.415 2.78971
2.418 2.78879
2.421 2.78788
2.424 2.78699
2.427 2.78611
2.43 2.78524
2.433 2.78438
2.436 2.78353
2.439 2.78269
2.442 2.78187
2.445 2.78105
2.448 2.78025
2.451 2.77946
2.454 2.77868
2.457 2.77791
2.46 2.77715
2.463 2.7764
2.466 2.77566
2.469 2.77494
2.472 2.77422
2.475 2.77351
2.478 2.77282
2.481 2.77213
2.484 2.77146
2.487 2.7708
2.49 2.77014
2.493 2.7695
2.496 2.76886
2.499 2.76824
2.502 2.76762
2.505 2.76702
2.508 2.76642
2.511 2.76584
2.514 2.76526
2.517 2.76469
2.52 2.76413
2.523 2.76359
2.526 2.76305
2.529 2.76251
2.532 2.76199
2.535 2.76148
2.538 2.76097
2.541 2.76048
2.544 2.75999
2.547 2.75951
2.55 2.75904
2.553 2.75858
2.556 2.75812
2.559 2.75768
2.562 2.75724
2.565 2.75681
2.568 2.75638
2.571 2.75597
2.574 2.75556
2.577 2.75516
2.58 2.75477
2.583 2.75438
2.586 2.75401
2.589 2.75363
2.592 2.75327
2.595 2.75291
2.598 2.75256
2.601 2.75222
2.604 2.75188
2.607 2.75156
2.61 2.75123
2.613 2.75092
2.616 2.75061
2.619 2.7503
2.622 2.75
2.625 2.74971
2.628 2.74943
2.631 2.74915
2.634 2.74888
2.637 2.74861
2.64 2.74835
2.643 2.74809
2.646 2.74784
2.649 2.7476
2.652 2.74736
2.655 2.74712
2.658 2.74689
2.661 2.74667
2.664 2.74645
2.667 2.74624
2.67 2.74603
2.673 2.74583
2.676 2.74563
2.679 2.74544
2.682 2.74525
2.685 2.74506
2.688 2.74488
2.691 2.74471
2.694 2.74454
2.697 2.74437
2.7 2.74421
2.703 2.74405
2.706 2.7439
2.709 2.74375
2.712 2.74361
2.715 2.74347
2.718 2.74333
2.721 2.7432
2.724 2.74307
2.727 2.74294
2.73 2.74282
2.733 2.7427
2.736 2.74259
2.739 2.74248
2.742 2.74237
2.745 2.74227
2.748 2.74217
2.751 2.74207
2.754 2.74198
2.757 2.74189
2.76 2.7418
2.763 2.74171
2.766 2.74163
2.769 2.74155
2.772 2.74148
2.775 2.74141
2.778 2.74134
2.781 2.74127
2.784 2.74121
2.787 2.74115
2.79 2.74109
2.793 2.74103
2.796 2.74098
2.799 2.74093
2.802 2.74088
2.805 2.74083
2.808 2.74079
2.811 2.74075
2.814 2.74071
2.817 2.74068
2.82 2.74064
2.823 2.74061
2.826 2.74058
2.829 2.74055
2.832 2.74053
2.835 2.74051
2.838 2.74048
2.841 2.74047
2.844 2.74045
2.847 2.74043
2.85 2.74042
2.853 2.74041
2.856 2.7404
2.859 2.74039
2.862 2.74038
2.865 2.74038
2.868 2.74038
2.871 2.74038
2.874 2.74038
2.877 2.74038
2.88 2.74038
2.883 2.74039
2.886 2.7404
2.889 2.7404
2.892 2.74041
2.895 2.74042
2.898 2.74044
2.901 2.74045
2.904 2.74047
2.907 2.74048
2.91 2.7405
2.913 2.74052
2.916 2.74054
2.919 2.74056
2.922 2.74058
2.925 2.74061
2.928 2.74063
2.931 2.74066
2.934 2.74069
2.937 2.74072
2.94 2.74074
2.943 2.74078
2.946 2.74081
2.949 2.74084
2.952 2.74087
2.955 2.74091
2.958 2.74094
2.961 2.74098
2.964 2.74102
2.967 2.74105
2.97 2.74109
2.973 2.74113
2.976 2.74117
2.979 2.74121
2.982 2.74126
2.985 2.7413
2.988 2.74134
2.991 2.74139
2.994 2.74143
2.997 2.74148
3 2.74152
3.001 5
