0 5
0.003 3.87957
0.006 3.87944
0.009 3.87931
0.012 3.87918
0.015 3.87905
0.018 3.87891
0.021 3.87877
0.024 3.87863
0.027 3.87848
0.03 3.87833
0.033 3.87818
0.036 3.87803
0.039 3.87787
0.042 3.87771
0.045 3.87755
0.048 3.87739
0.051 3.87722
0.054 3.87705
0.057 3.87688
0.06 3.87671
0.063 3.87653
0.066 3.87635
0.069 3.87616
0.072 3.87598
0.075 3.87579
0.078 3.87559
0.081 3.8754
0.084 3.8752
0.087 3.875
0.09 3.87479
0.093 3.87458
0.096 3.87437
0.099 3.87416
0.102 3.87394
0.105 3.87372
0.108 3.87349
0.111 3.87326
0.114 3.87303
0.117 3.87279
0.12 3.87256
0.123 3.87231
0.126 3.87207
0.129 3.87182
0.132 3.87156
0.135 3.87131
0.138 3.87104
0.141 3.87078
0.144 3.87051
0.147 3.87024
0.15 3.86996
0.153 3.86968
0.156 3.8694
0.159 3.86911
0.162 3.86882
0.165 3.86852
0.168 3.86822
0.171 3.86792
0.174 3.86761
0.177 3.86729
0.18 3.86698
0.183 3.86665
0.186 3.86633
0.189 3.866
0.192 3.86566
0.195 3.86532
0.198 3.86498
0.201 3.86463
0.204 3.86427
0.207 3.86391
0.21 3.86355
0.213 3.86318
0.216 3.86281
0.219 3.86243
0.222 3.86205
0.225 3.86166
0.228 3.86127
0.231 3.86087
0.234 3.86047
0.237 3.86006
0.24 3.85964
0.243 3.85922
0.246 3.8588
0.249 3.85837
0.252 3.85793
0.255 3.85749
0.258 3.85705
0.261 3.85659
0.264 3.85613
0.267 3.85567
0.27 3.8552
0.273 3.85473
0.276 3.85424
0.279 3.85376
0.282 3.85326
0.285 3.85276
0.288 3.85226
0.291 3.85175
0.294 3.85123
0.297 3.8507
0.3 3.85017
0.303 3.84963
0.306 3.84909
0.309 3.84854
0.312 3.84798
0.315 3.84742
0.318 3.84685
0.321 3.84627
0.324 3.84569
0.327 3.84509
0.33 3.8445
0.333 3.84389
0.336 3.84328
0.339 3.84266
0.342 3.84203
0.345 3.8414
0.348 3.84075
0.351 3.8401
0.354 3.83945
0.357 3.83878
0.36 3.83811
0.363 3.83743
0.366 3.83674
0.369 3.83605
0.372 3.83534
0.375 3.83463
0.378 3.83391
0.381 3.83319
0.384 3.83245
0.387 3.83171
0.39 3.83095
0.393 3.83019
0.396 3.82942
0.399 3.82864
0.402 3.82786
0.405 3.82706
0.408 3.82626
0.411 3.82544
0.414 3.82462
0.417 3.82379
0.42 3.82295
0.423 3.8221
0.426 3.82125
0.429 3.82038
0.432 3.8195
0.435 3.81862
0.438 3.81772
0.441 3.81682
0.444 3.8159
0.447 3.81498
0.45 3.81404
0.453 3.8131
0.456 3.81215
0.459 3.81118
0.462 3.81021
0.465 3.80923
0.468 3.80823
0.471 3.80723
0.474 3.80622
0.477 3.80519
0.48 3.80416
0.483 3.80312
0.486 3.80206
0.489 3.801
0.492 3.79992
0.495 3.79883
0.498 3.79774
0.501 3.79663
0.504 3.79551
0.507 3.79438
0.51 3.79324
0.513 3.79209
0.516 3.79093
0.519 3.78976
0.522 3.78857
0.525 3.78738
0.528 3.78617
0.531 3.78496
0.534 3.78373
0.537 3.78249
0.54 3.78124
0.543 3.77998
0.546 3.77871
0.549 3.77742
0.552 3.77613
0.555 3.77482
0.558 3.7735
0.561 3.77218
0.564 3.77084
0.567 3.76948
0.57 3.76812
0.573 3.76675
0.576 3.76536
0.579 3.76396
0.582 3.76256
0.585 3.76114
0.588 3.75971
0.591 3.75826
0.594 3.75681
0.597 3.75535
0.6 3.75387
0.603 3.75238
0.606 3.75089
0.609 3.74938
0.612 3.74786
0.615 3.74632
0.618 3.74478
0.621 3.74323
0.624 3.74166
0.627 3.74009
0.63 3.7385
0.633 3.7369
0.636 3.7353
0.639 3.73368
0.642 3.73205
0.645 3.73041
0.648 3.72876
0.651 3.7271
0.654 3.72543
0.657 3.72375
0.66 3.72206
0.663 3.72036
0.666 3.71865
0.669 3.71693
0.672 3.7152
0.675 3.71345
0.678 3.71171
0.681 3.70995
0.684 3.70818
0.687 3.7064
0.69 3.70461
0.693 3.70282
0.696 3.70101
0.699 3.6992
0.702 3.69738
0.705 3.69555
0.708 3.69371
0.711 3.69186
0.714 3.69001
0.717 3.68815
0.72 3.68628
0.723 3.6844
0.726 3.68251
0.729 3.68062
0.732 3.67872
0.735 3.67681
0.738 3.6749
0.741 3.67298
0.744 3.67105
0.747 3.66911
0.75 3.66717
0.753 3.66523
0.756 3.66328
0.759 3.66132
0.762 3.65935
0.765 3.65738
0.768 3.65541
0.771 3.65343
0.774 3.65144
0.777 3.64945
0.78 3.64746
0.783 3.64546
0.786 3.64345
0.789 3.64145
0.792 3.63943
0.795 3.63742
0.798 3.6354
0.801 3.63337
0.804 3.63135
0.807 3.62931
0.81 3.62728
0.813 3.62524
0.816 3.6232
0.819 3.62116
0.822 3.61911
0.825 3.61706
0.828 3.61501
0.831 3.61296
0.834 3.61091
0.837 3.60885
0.84 3.60679
0.843 3.60473
0.846 3.60267
0.849 3.6006
0.852 3.59854
0.855 3.59647
0.858 3.5944
0.861 3.59234
0.864 3.59027
0.867 3.5882
0.87 3.58612
0.873 3.58405
0.876 3.58198
0.879 3.57991
0.882 3.57784
0.885 3.57577
0.888 3.57369
0.891 3.57162
0.894 3.56955
0.897 3.56748
0.9 3.56541
0.903 3.56333
0.906 3.56126
0.909 3.55919
0.912 3.55713
0.915 3.55506
0.918 3.55299
0.921 3.55093
0.924 3.54886
0.927 3.5468
0.93 3.54473
0.933 3.54267
0.936 3.54061
0.939 3.53856
0.942 3.5365
0.945 3.53444
0.948 3.53239
0.951 3.53034
0.954 3.52829
0.957 3.52624
0.96 3.5242
0.963 3.52216
0.966 3.52011
0.969 3.51808
0.972 3.51604
0.975 3.51401
0.978 3.51197
0.981 3.50995
0.984 3.50792
0.987 3.50589
0.99 3.50387
0.993 3.50186
0.996 3.49984
0.999 3.49783
1.002 3.49582
1.005 3.49381
1.008 3.49181
1.011 3.48981
1.014 3.48781
1.017 3.48582
1.02 3.48383
1.023 3.48184
1.026 3.47986
1.029 3.47788
1.032 3.4759
1.035 3.47393
1.038 3.47196
1.041 3.46999
1.044 3.46803
1.047 3.46607
1.05 3.46412
1.053 3.46217
1.056 3.46022
1.059 3.45828
1.062 3.45634
1.065 3.4544
1.068 3.45247
1.071 3.45055
1.074 3.44863
1.077 3.44671
1.08 3.4448
1.083 3.44289
1.086 3.44098
1.089 3.43908
1.092 3.43719
1.095 3.4353
1.098 3.43341
1.101 3.43153
1.104 3.42965
1.107 3.42778
1.11 3.42591
1.113 3.42405
1.116 3.42219
1.119 3.42034
1.122 3.41849
1.125 3.41665
1.128 3.41481
1.131 3.41297
1.134 3.41114
1.137 3.40932
1.14 3.4075
1.143 3.40569
1.146 3.40388
1.149 3.40208
1.152 3.40028
1.155 3.39848
1.158 3.39669
1.161 3.39491
1.164 3.39313
1.167 3.39136
1.17 3.38959
1.173 3.38783
1.176 3.38607
1.179 3.38432
1.182 3.38257
1.185 3.38083
1.188 3.3791
1.191 3.37736
1.194 3.37564
1.197 3.37392
1.2 3.3722
1.203 3.37049
1.206 3.36879
1.209 3.36709
1.212 3.36539
1.215 3.3637
1.218 3.36202
1.221 3.36034
1.224 3.35867
1.227 3.357
1.23 3.35534
1.233 3.35368
1.236 3.35203
1.239 3.35038
1.242 3.34874
1.245 3.3471
1.248 3.34547
1.251 3.34384
1.254 3.34222
1.257 3.3406
1.26 3.33899
1.263 3.33738
1.266 3.33578
1.269 3.33419
1.272 3.33259
1.275 3.33101
1.278 3.32943
1.281 3.32785
1.284 3.32628
1.287 3.32471
1.29 3.32315
1.293 3.32159
1.296 3.32004
1.299 3.31849
1.302 3.31695
1.305 3.31541
1.308 3.31388
1.311 3.31235
1.314 3.31082
1.317 3.3093
1.32 3.30779
1.323 3.30628
1.326 3.30477
1.329 3.30327
1.332 3.30177
1.335 3.30028
1.338 3.29879
1.341 3.2973
1.344 3.29582
1.347 3.29435
1.35 3.29288
1.353 3.29141
1.356 3.28994
1.359 3.28848
1.362 3.28703
1.365 3.28558
1.368 3.28413
1.371 3.28269
1.374 3.28125
1.377 3.27981
1.38 3.27838
1.383 3.27695
1.386 3.27552
1.389 3.2741
1.392 3.27268
1.395 3.27127
1.398 3.26986
1.401 3.26845
1.404 3.26705
1.407 3.26565
1.41 3.26425
1.413 3.26286
1.416 3.26146
1.419 3.26008
1.422 3.25869
1.425 3.25731
1.428 3.25593
1.431 3.25456
1.434 3.25318
1.437 3.25182
1.44 3.25045
1.443 3.24908
1.446 3.24772
1.449 3.24636
1.452 3.24501
1.455 3.24366
1.458 3.24231
1.461 3.24096
1.464 3.23961
1.467 3.23827
1.47 3.23693
1.473 3.23559
1.476 3.23425
1.479 3.23292
1.482 3.23159
1.485 3.23026
1.488 3.22893
1.491 3.2276
1.494 3.22628
1.497 3.22496
1.5 3.22364
1.503 3.22232
1.506 3.221
1.509 3.21969
1.512 3.21838
1.515 3.21706
1.518 3.21575
1.521 3.21445
1.524 3.21314
1.527 3.21184
1.53 3.21053
1.533 3.20923
1.536 3.20793
1.539 3.20663
1.542 3.20533
1.545 3.20403
1.548 3.20274
1.551 3.20144
1.554 3.20015
1.557 3.19885
1.56 3.19756
1.563 3.19627
1.566 3.19498
1.569 3.19369
1.572 3.1924
1.575 3.19111
1.578 3.18982
1.581 3.18854
1.584 3.18725
1.587 3.18596
1.59 3.18468
1.593 3.18339
1.596 3.18211
1.599 3.18082
1.602 3.17954
1.605 3.17826
1.608 3.17697
1.611 3.17569
1.614 3.17441
1.617 3.17312
1.62 3.17184
1.623 3.17056
1.626 3.16927
1.629 3.16799
1.632 3.16671
1.635 3.16542
1.638 3.16414
1.641 3.16285
1.644 3.16157
1.647 3.16028
1.65 3.159
1.653 3.15771
1.656 3.15643
1.659 3.15514
1.662 3.15385
1.665 3.15256
1.668 3.15127
1.671 3.14999
1.674 3.1487
1.677 3.1474
1.68 3.14611
1.683 3.14482
1.686 3.14353
1.689 3.14223
1.692 3.14094
1.695 3.13964
1.698 3.13834
1.701 3.13705
1.704 3.13575
1.707 3.13445
1.71 3.13314
1.713 3.13184
1.716 3.13054
1.719 3.12923
1.722 3.12792
1.725 3.12662
1.728 3.12531
1.731 3.124
1.734 3.12268
1.737 3.12137
1.74 3.12005
1.743 3.11874
1.746 3.11742
1.749 3.1161
1.752 3.11478
1.755 3.11345
1.758 3.11213
1.761 3.1108
1.764 3.10947
1.767 3.10814
1.77 3.10681
1.773 3.10548
1.776 3.10414
1.779 3.1028
1.782 3.10146
1.785 3.10012
1.788 3.09878
1.791 3.09743
1.794 3.09609
1.797 3.09474
1.8 3.09338
1.803 3.09203
1.806 3.09067
1.809 3.08932
1.812 3.08796
1.815 3.08659
1.818 3.08523
1.821 3.08386
1.824 3.08249
1.827 3.08112
1.83 3.07975
1.833 3.07837
1.836 3.077
1.839 3.07562
1.842 3.07423
1.845 3.07285
1.848 3.07146
1.851 3.07007
1.854 3.06868
1.857 3.06729
1.86 3.06589
1.863 3.06449
1.866 3.06309
1.869 3.06168
1.872 3.06028
1.875 3.05887
1.878 3.05746
1.881 3.05604
1.884 3.05463
1.887 3.05321
1.89 3.05179
1.893 3.05036
1.896 3.04894
1.899 3.04751
1.902 3.04608
1.905 3.04464
1.908 3.04321
1.911 3.04177
1.914 3.04033
1.917 3.03888
1.92 3.03744
1.923 3.03599
1.926 3.03454
1.929 3.03308
1.932 3.03163
1.935 3.03017
1.938 3.02871
1.941 3.02725
1.944 3.02578
1.947 3.02431
1.95 3.02284
1.953 3.02137
1.956 3.01989
1.959 3.01841
1.962 3.01693
1.965 3.01545
1.968 3.01397
1.971 3.01248
1.974 3.01099
1.977 3.0095
1.98 3.00801
1.983 3.00651
1.986 3.00501
1.989 3.00351
1.992 3.00201
1.995 3.0005
1.998 2.999
2.001 2.99749
2.004 2.99598
2.007 2.99446
2.01 2.99295
2.013 2.99143
2.016 2.98991
2.019 2.98839
2.022 2.98687
2.025 2.98534
2.028 2.98382
2.031 2.98229
2.034 2.98076
2.037 2.97923
2.04 2.97769
2.043 2.97616
2.046 2.97462
2.049 2.97309
2.052 2.97155
2.055 2.97
2.058 2.96846
2.061 2.96692
2.064 2.96537
2.067 2.96383
2.07 2.96228
2.073 2.96073
2.076 2.95918
2.079 2.95763
2.082 2.95608
2.085 2.95452
2.088 2.95297
2.091 2.95141
2.094 2.94986
2.097 2.9483
2.1 2.94675
2.103 2.94519
2.106 2.94363
2.109 2.94207
2.112 2.94051
2.115 2.93895
2.118 2.93739
2.121 2.93583
2.124 2.93427
2.127 2.93271
2.13 2.93114
2.133 2.92958
2.136 2.92802
2.139 2.92646
2.142 2.9249
2.145 2.92334
2.148 2.92178
2.151 2.92022
2.154 2.91866
2.157 2.9171
2.16 2.91554
2.163 2.91398
2.166 2.91242
2.169 2.91086
2.172 2.90931
2.175 2.90775
2.178 2.9062
2.181 2.90464
2.184 2.90309
2.187 2.90154
2.19 2.89999
2.193 2.89844
2.196 2.89689
2.199 2.89535
2.202 2.8938
2.205 2.89226
2.208 2.89072
2.211 2.88918
2.214 2.88764
2.217 2.88611
2.22 2.88457
2.223 2.88304
2.226 2.88151
2.229 2.87998
2.232 2.87846
2.235 2.87694
2.238 2.87542
2.241 2.8739
2.244 2.87239
2.247 2.87087
2.25 2.86936
2.253 2.86786
2.256 2.86635
2.259 2.86485
2.262 2.86336
2.265 2.86186
2.268 2.86037
2.271 2.85888
2.274 2.8574
2.277 2.85592
2.28 2.85444
2.283 2.85297
2.286 2.8515
2.289 2.85003
2.292 2.84857
2.295 2.84711
2.298 2.84565
2.301 2.8442
2.304 2.84276
2.307 2.84132
2.31 2.83988
2.313 2.83845
2.316 2.83702
2.319 2.83559
2.322 2.83417
2.325 2.83276
2.328 2.83135
2.331 2.82994
2.334 2.82854
2.337 2.82714
2.34 2.82575
2.343 2.82437
2.346 2.82299
2.349 2.82161
2.352 2.82024
2.355 2.81888
2.358 2.81752
2.361 2.81616
2.364 2.81482
2.367 2.81347
2.37 2.81214
2.373 2.81081
2.376 2.80948
2.379 2.80816
2.382 2.80685
2.385 2.80554
2.388 2.80424
2.391 2.80294
2.394 2.80165
2.397 2.80037
2.4 2.79909
2.403 2.79782
2.406 2.79655
2.409 2.79529
2.412 2.79404
2.415 2.7928
2.418 2.79156
2.421 2.79032
2.424 2.7891
2.427 2.78788
2.43 2.78667
2.433 2.78546
2.436 2.78426
2.439 2.78307
2.442 2.78188
2.445 2.7807
2.448 2.77953
2.451 2.77837
2.454 2.77721
2.457 2.77606
2.46 2.77491
2.463 2.77378
2.466 2.77265
2.469 2.77152
2.472 2.77041
2.475 2.7693
2.478 2.7682
2.481 2.76711
2.484 2.76602
2.487 2.76494
2.49 2.76387
2.493 2.7628
2.496 2.76174
2.499 2.76069
2.502 2.75965
2.505 2.75861
2.508 2.75759
2.511 2.75657
2.514 2.75555
2.517 2.75455
2.52 2.75355
2.523 2.75256
2.526 2.75157
2.529 2.7506
2.532 2.74963
2.535 2.74867
2.538 2.74771
2.541 2.74676
2.544 2.74583
2.547 2.74489
2.55 2.74397
2.553 2.74305
2.556 2.74214
2.559 2.74124
2.562 2.74035
2.565 2.73946
2.568 2.73858
2.571 2.73771
2.574 2.73684
2.577 2.73598
2.58 2.73513
2.583 2.73429
2.586 2.73346
2.589 2.73263
2.592 2.73181
2.595 2.73099
2.598 2.73019
2.601 2.72939
2.604 2.7286
2.607 2.72781
2.61 2.72704
2.613 2.72627
2.616 2.7255
2.619 2.72475
2.622 2.724
2.625 2.72326
2.628 2.72252
2.631 2.7218
2.634 2.72108
2.637 2.72036
2.64 2.71966
2.643 2.71896
2.646 2.71827
2.649 2.71758
2.652 2.71691
2.655 2.71623
2.658 2.71557
2.661 2.71491
2.664 2.71426
2.667 2.71362
2.67 2.71298
2.673 2.71235
2.676 2.71172
2.679 2.71111
2.682 2.7105
2.685 2.70989
2.688 2.70929
2.691 2.7087
2.694 2.70812
2.697 2.70754
2.7 2.70697
2.703 2.7064
2.706 2.70584
2.709 2.70529
2.712 2.70474
2.715 2.7042
2.718 2.70367
2.721 2.70314
2.724 2.70262
2.727 2.7021
2.73 2.70159
2.733 2.70109
2.736 2.70059
2.739 2.7001
2.742 2.69961
2.745 2.69913
2.748 2.69866
2.751 2.69819
2.754 2.69772
2.757 2.69727
2.76 2.69681
2.763 2.69637
2.766 2.69593
2.769 2.69549
2.772 2.69506
2.775 2.69464
2.778 2.69422
2.781 2.69381
2.784 2.6934
2.787 2.69299
2.79 2.6926
2.793 2.6922
2.796 2.69182
2.799 2.69143
2.802 2.69106
2.805 2.69068
2.808 2.69032
2.811 2.68995
2.814 2.6896
2.817 2.68924
2.82 2.6889
2.823 2.68855
2.826 2.68821
2.829 2.68788
2.832 2.68755
2.835 2.68723
2.838 2.68691
2.841 2.68659
2.844 2.68628
2.847 2.68597
2.85 2.68567
2.853 2.68537
2.856 2.68508
2.859 2.68479
2.862 2.68451
2.865 2.68423
2.868 2.68395
2.871 2.68368
2.874 2.68341
2.877 2.68315
2.88 2.68289
2.883 2.68263
2.886 2.68238
2.889 2.68213
2.892 2.68189
2.895 2.68165
2.898 2.68141
2.901 2.68118
2.904 2.68095
2.907 2.68072
2.91 2.6805
2.913 2.68028
2.916 2.68007
2.919 2.67985
2.922 2.67965
2.925 2.67944
2.928 2.67924
2.931 2.67904
2.934 2.67885
2.937 2.67866
2.94 2.67847
2.943 2.67829
2.946 2.67811
2.949 2.67793
2.952 2.67775
2.955 2.67758
2.958 2.67741
2.961 2.67725
2.964 2.67709
2.967 2.67693
2.97 2.67677
2.973 2.67662
2.976 2.67647
2.979 2.67632
2.982 2.67617
2.985 2.67603
2.988 2.67589
2.991 2.67575
2.994 2.67562
2.997 2.67549
3 2.67536
3.001 5
