0 -10
0.003 -6.99096
0.006 -6.98994
0.009 -6.98891
0.012 -6.98787
0.015 -6.98681
0.018 -6.98573
0.021 -6.98464
0.024 -6.98354
0.027 -6.98242
0.03 -6.98128
0.033 -6.98013
0.036 -6.97896
0.039 -6.97778
0.042 -6.97658
0.045 -6.97537
0.048 -6.97413
0.051 -6.97289
0.054 -6.97162
0.057 -6.97034
0.06 -6.96904
0.063 -6.96772
0.066 -6.96639
0.069 -6.96504
0.072 -6.96367
0.075 -6.96228
0.078 -6.96088
0.081 -6.95945
0.084 -6.95801
0.087 -6.95655
0.09 -6.95507
0.093 -6.95357
0.096 -6.95205
0.099 -6.95051
0.102 -6.94895
0.105 -6.94738
0.108 -6.94578
0.111 -6.94416
0.114 -6.94252
0.117 -6.94086
0.12 -6.93918
0.123 -6.93747
0.126 -6.93575
0.129 -6.934
0.132 -6.93223
0.135 -6.93044
0.138 -6.92863
0.141 -6.92679
0.144 -6.92493
0.147 -6.92305
0.15 -6.92114
0.153 -6.91921
0.156 -6.91726
0.159 -6.91528
0.162 -6.91328
0.165 -6.91125
0.168 -6.9092
0.171 -6.90712
0.174 -6.90501
0.177 -6.90289
0.18 -6.90073
0.183 -6.89855
0.186 -6.89634
0.189 -6.8941
0.192 -6.89184
0.195 -6.88955
0.198 -6.88723
0.201 -6.88489
0.204 -6.88251
0.207 -6.88011
0.21 -6.87767
0.213 -6.87521
0.216 -6.87272
0.219 -6.8702
0.222 -6.86765
0.225 -6.86506
0.228 -6.86245
0.231 -6.85981
0.234 -6.85713
0.237 -6.85442
0.24 -6.85168
0.243 -6.84891
0.246 -6.8461
0.249 -6.84326
0.252 -6.84039
0.255 -6.83748
0.258 -6.83454
0.261 -6.83156
0.264 -6.82855
0.267 -6.82551
0.27 -6.82242
0.273 -6.8193
0.276 -6.81615
0.279 -6.81296
0.282 -6.80973
0.285 -6.80646
0.288 -6.80315
0.291 -6.79981
0.294 -6.79642
0.297 -6.793
0.3 -6.78954
0.303 -6.78604
0.306 -6.78249
0.309 -6.77891
0.312 -6.77528
0.315 -6.77162
0.318 -6.7679
0.321 -6.76415
0.324 -6.76036
0.327 -6.75652
0.33 -6.75263
0.333 -6.7487
0.336 -6.74473
0.339 -6.74071
0.342 -6.73665
0.345 -6.73253
0.348 -6.72838
0.351 -6.72417
0.354 -6.71992
0.357 -6.71561
0.36 -6.71126
0.363 -6.70686
0.366 -6.70241
0.369 -6.69791
0.372 -6.69336
0.375 -6.68876
0.378 -6.68411
0.381 -6.6794
0.384 -6.67464
0.387 -6.66983
0.39 -6.66496
0.393 -6.66004
0.396 -6.65506
0.399 -6.65003
0.402 -6.64494
0.405 -6.6398
0.408 -6.6346
0.411 -6.62934
0.414 -6.62402
0.417 -6.61865
0.42 -6.61321
0.423 -6.60772
0.426 -6.60216
0.429 -6.59655
0.432 -6.59087
0.435 -6.58513
0.438 -6.57933
0.441 -6.57346
0.444 -6.56754
0.447 -6.56154
0.45 -6.55549
0.453 -6.54936
0.456 -6.54317
0.459 -6.53692
0.462 -6.5306
0.465 -6.52421
0.468 -6.51775
0.471 -6.51122
0.474 -6.50463
0.477 -6.49796
0.48 -6.49123
0.483 -6.48442
0.486 -6.47754
0.489 -6.47059
0.492 -6.46357
0.495 -6.45648
0.498 -6.44931
0.501 -6.44207
0.504 -6.43475
0.507 -6.42736
0.51 -6.4199
0.513 -6.41235
0.516 -6.40473
0.519 -6.39704
0.522 -6.38927
0.525 -6.38142
0.528 -6.37349
0.531 -6.36548
0.534 -6.3574
0.537 -6.34923
0.54 -6.34099
0.543 -6.33266
0.546 -6.32426
0.549 -6.31577
0.552 -6.3072
0.555 -6.29856
0.558 -6.28983
0.561 -6.28101
0.564 -6.27212
0.567 -6.26314
0.57 -6.25408
0.573 -6.24494
0.576 -6.23571
0.579 -6.2264
0.582 -6.21701
0.585 -6.20753
0.588 -6.19797
0.591 -6.18833
0.594 -6.1786
0.597 -6.16879
0.6 -6.1589
0.603 -6.14892
0.606 -6.13885
0.609 -6.12871
0.612 -6.11848
0.615 -6.10816
0.618 -6.09777
0.621 -6.08729
0.624 -6.07672
0.627 -6.06608
0.63 -6.05535
0.633 -6.04454
0.636 -6.03365
0.639 -6.02268
0.642 -6.01163
0.645 -6.00049
0.648 -5.98928
0.651 -5.97799
0.654 -5.96662
0.657 -5.95517
0.66 -5.94364
0.663 -5.93204
0.666 -5.92036
0.669 -5.90861
0.672 -5.89678
0.675 -5.88488
0.678 -5.8729
0.681 -5.86086
0.684 -5.84874
0.687 -5.83656
0.69 -5.8243
0.693 -5.81198
0.696 -5.79959
0.699 -5.78714
0.702 -5.77462
0.705 -5.76204
0.708 -5.7494
0.711 -5.7367
0.714 -5.72394
0.717 -5.71113
0.72 -5.69825
0.723 -5.68533
0.726 -5.67235
0.729 -5.65932
0.732 -5.64624
0.735 -5.63311
0.738 -5.61994
0.741 -5.60672
0.744 -5.59346
0.747 -5.58015
0.75 -5.56681
0.753 -5.55343
0.756 -5.54002
0.759 -5.52657
0.762 -5.51309
0.765 -5.49958
0.768 -5.48605
0.771 -5.47248
0.774 -5.4589
0.777 -5.44529
0.78 -5.43166
0.783 -5.41801
0.786 -5.40435
0.789 -5.39068
0.792 -5.37699
0.795 -5.3633
0.798 -5.34959
0.801 -5.33588
0.804 -5.32217
0.807 -5.30846
0.81 -5.29475
0.813 -5.28105
0.816 -5.26734
0.819 -5.25365
0.822 -5.23997
0.825 -5.2263
0.828 -5.21264
0.831 -5.199
0.834 -5.18538
0.837 -5.17177
0.84 -5.1582
0.843 -5.14464
0.846 -5.13111
0.849 -5.11761
0.852 -5.10414
0.855 -5.09071
0.858 -5.0773
0.861 -5.06394
0.864 -5.05061
0.867 -5.03732
0.87 -5.02408
0.873 -5.01087
0.876 -4.99772
0.879 -4.98461
0.882 -4.97155
0.885 -4.95854
0.888 -4.94558
0.891 -4.93268
0.894 -4.91983
0.897 -4.90704
0.9 -4.8943
0.903 -4.88163
0.906 -4.86902
0.909 -4.85647
0.912 -4.84399
0.915 -4.83157
0.918 -4.81921
0.921 -4.80693
0.924 -4.79471
0.927 -4.78256
0.93 -4.77049
0.933 -4.75848
0.936 -4.74655
0.939 -4.7347
0.942 -4.72291
0.945 -4.71121
0.948 -4.69958
0.951 -4.68802
0.954 -4.67655
0.957 -4.66515
0.96 -4.65384
0.963 -4.6426
0.966 -4.63145
0.969 -4.62037
0.972 -4.60938
0.975 -4.59847
0.978 -4.58764
0.981 -4.57689
0.984 -4.56623
0.987 -4.55565
0.99 -4.54516
0.993 -4.53474
0.996 -4.52442
0.999 -4.51417
1.002 -4.50402
1.005 -4.49394
1.008 -4.48395
1.011 -4.47405
1.014 -4.46423
1.017 -4.45449
1.02 -4.44484
1.023 -4.43527
1.026 -4.42579
1.029 -4.41639
1.032 -4.40707
1.035 -4.39784
1.038 -4.38869
1.041 -4.37963
1.044 -4.37065
1.047 -4.36175
1.05 -4.35294
1.053 -4.3442
1.056 -4.33555
1.059 -4.32698
1.062 -4.31849
1.065 -4.31008
1.068 -4.30175
1.071 -4.2935
1.074 -4.28534
1.077 -4.27725
1.08 -4.26923
1.083 -4.2613
1.086 -4.25344
1.089 -4.24566
1.092 -4.23796
1.095 -4.23033
1.098 -4.22278
1.101 -4.21531
1.104 -4.2079
1.107 -4.20058
1.11 -4.19332
1.113 -4.18614
1.116 -4.17903
1.119 -4.17199
1.122 -4.16502
1.125 -4.15812
1.128 -4.15129
1.131 -4.14453
1.134 -4.13784
1.137 -4.13121
1.14 -4.12466
1.143 -4.11817
1.146 -4.11174
1.149 -4.10538
1.152 -4.09909
1.155 -4.09286
1.158 -4.08669
1.161 -4.08058
1.164 -4.07454
1.167 -4.06856
1.17 -4.06264
1.173 -4.05678
1.176 -4.05098
1.179 -4.04523
1.182 -4.03955
1.185 -4.03392
1.188 -4.02835
1.191 -4.02284
1.194 -4.01738
1.197 -4.01198
1.2 -4.00663
1.203 -4.00134
1.206 -3.9961
1.209 -3.99091
1.212 -3.98577
1.215 -3.98069
1.218 -3.97565
1.221 -3.97067
1.224 -3.96574
1.227 -3.96085
1.23 -3.95601
1.233 -3.95122
1.236 -3.94648
1.239 -3.94179
1.242 -3.93714
1.245 -3.93254
1.248 -3.92798
1.251 -3.92347
1.254 -3.919
1.257 -3.91457
1.26 -3.91019
1.263 -3.90585
1.266 -3.90155
1.269 -3.89729
1.272 -3.89307
1.275 -3.88889
1.278 -3.88476
1.281 -3.88066
1.284 -3.8766
1.287 -3.87258
1.29 -3.86859
1.293 -3.86465
1.296 -3.86074
1.299 -3.85686
1.302 -3.85302
1.305 -3.84922
1.308 -3.84545
1.311 -3.84172
1.314 -3.83802
1.317 -3.83435
1.32 -3.83072
1.323 -3.82712
1.326 -3.82355
1.329 -3.82001
1.332 -3.81651
1.335 -3.81303
1.338 -3.80959
1.341 -3.80617
1.344 -3.80279
1.347 -3.79943
1.35 -3.7961
1.353 -3.79281
1.356 -3.78953
1.359 -3.78629
1.362 -3.78308
1.365 -3.77989
1.368 -3.77672
1.371 -3.77359
1.374 -3.77048
1.377 -3.76739
1.38 -3.76433
1.383 -3.7613
1.386 -3.75828
1.389 -3.7553
1.392 -3.75233
1.395 -3.74939
1.398 -3.74648
1.401 -3.74358
1.404 -3.74071
1.407 -3.73786
1.41 -3.73503
1.413 -3.73223
1.416 -3.72944
1.419 -3.72668
1.422 -3.72393
1.425 -3.72121
1.428 -3.7185
1.431 -3.71582
1.434 -3.71315
1.437 -3.71051
1.44 -3.70788
1.443 -3.70527
1.446 -3.70268
1.449 -3.70011
1.452 -3.69756
1.455 -3.69502
1.458 -3.6925
1.461 -3.69
1.464 -3.68751
1.467 -3.68504
1.47 -3.68259
1.473 -3.68015
1.476 -3.67773
1.479 -3.67532
1.482 -3.67293
1.485 -3.67056
1.488 -3.6682
1.491 -3.66585
1.494 -3.66352
1.497 -3.6612
1.5 -3.6589
1.503 -3.65661
1.506 -3.65434
1.509 -3.65207
1.512 -3.64983
1.515 -3.64759
1.518 -3.64537
1.521 -3.64316
1.524 -3.64096
1.527 -3.63877
1.53 -3.6366
1.533 -3.63444
1.536 -3.63229
1.539 -3.63015
1.542 -3.62802
1.545 -3.62591
1.548 -3.6238
1.551 -3.62171
1.554 -3.61962
1.557 -3.61755
1.56 -3.61549
1.563 -3.61344
1.566 -3.61139
1.569 -3.60936
1.572 -3.60734
1.575 -3.60533
1.578 -3.60332
1.581 -3.60133
1.584 -3.59934
1.587 -3.59737
1.59 -3.5954
1.593 -3.59344
1.596 -3.59149
1.599 -3.58955
1.602 -3.58762
1.605 -3.58569
1.608 -3.58377
1.611 -3.58186
1.614 -3.57996
1.617 -3.57807
1.62 -3.57618
1.623 -3.57431
1.626 -3.57243
1.629 -3.57057
1.632 -3.56871
1.635 -3.56686
1.638 -3.56502
1.641 -3.56318
1.644 -3.56135
1.647 -3.55953
1.65 -3.55771
1.653 -3.5559
1.656 -3.5541
1.659 -3.5523
1.662 -3.55051
1.665 -3.54872
1.668 -3.54694
1.671 -3.54517
1.674 -3.5434
1.677 -3.54163
1.68 -3.53987
1.683 -3.53812
1.686 -3.53637
1.689 -3.53463
1.692 -3.53289
1.695 -3.53116
1.698 -3.52943
1.701 -3.52771
1.704 -3.52599
1.707 -3.52428
1.71 -3.52257
1.713 -3.52087
1.716 -3.51917
1.719 -3.51747
1.722 -3.51578
1.725 -3.5141
1.728 -3.51241
1.731 -3.51074
1.734 -3.50906
1.737 -3.50739
1.74 -3.50572
1.743 -3.50406
1.746 -3.5024
1.749 -3.50075
1.752 -3.49909
1.755 -3.49745
1.758 -3.4958
1.761 -3.49416
1.764 -3.49252
1.767 -3.49089
1.77 -3.48926
1.773 -3.48763
1.776 -3.486
1.779 -3.48438
1.782 -3.48276
1.785 -3.48115
1.788 -3.47953
1.791 -3.47792
1.794 -3.47632
1.797 -3.47471
1.8 -3.47311
1.803 -3.47151
1.806 -3.46992
1.809 -3.46832
1.812 -3.46673
1.815 -3.46514
1.818 -3.46356
1.821 -3.46198
1.824 -3.46039
1.827 -3.45882
1.83 -3.45724
1.833 -3.45567
1.836 -3.45409
1.839 -3.45253
1.842 -3.45096
1.845 -3.44939
1.848 -3.44783
1.851 -3.44627
1.854 -3.44471
1.857 -3.44316
1.86 -3.4416
1.863 -3.44005
1.866 -3.4385
1.869 -3.43695
1.872 -3.43541
1.875 -3.43386
1.878 -3.43232
1.881 -3.43078
1.884 -3.42924
1.887 -3.42771
1.89 -3.42617
1.893 -3.42464
1.896 -3.42311
1.899 -3.42158
1.902 -3.42005
1.905 -3.41852
1.908 -3.417
1.911 -3.41548
1.914 -3.41396
1.917 -3.41244
1.92 -3.41092
1.923 -3.40941
1.926 -3.40789
1.929 -3.40638
1.932 -3.40487
1.935 -3.40336
1.938 -3.40186
1.941 -3.40035
1.944 -3.39885
1.947 -3.39735
1.95 -3.39585
1.953 -3.39435
1.956 -3.39285
1.959 -3.39136
1.962 -3.38986
1.965 -3.38837
1.968 -3.38688
1.971 -3.38539
1.974 -3.38391
1.977 -3.38242
1.98 -3.38094
1.983 -3.37946
1.986 -3.37798
1.989 -3.3765
1.992 -3.37502
1.995 -3.37355
1.998 -3.37208
2.001 -3.37061
2.004 -3.36914
2.007 -3.36767
2.01 -3.36621
2.013 -3.36474
2.016 -3.36328
2.019 -3.36182
2.022 -3.36036
2.025 -3.35891
2.028 -3.35745
2.031 -3.356
2.034 -3.35455
2.037 -3.35311
2.04 -3.35166
2.043 -3.35022
2.046 -3.34877
2.049 -3.34734
2.052 -3.3459
2.055 -3.34446
2.058 -3.34303
2.061 -3.3416
2.064 -3.34017
2.067 -3.33874
2.07 -3.33732
2.073 -3.3359
2.076 -3.33448
2.079 -3.33306
2.082 -3.33165
2.085 -3.33024
2.088 -3.32883
2.091 -3.32742
2.094 -3.32602
2.097 -3.32462
2.1 -3.32322
2.103 -3.32182
2.106 -3.32043
2.109 -3.31904
2.112 -3.31765
2.115 -3.31627
2.118 -3.31489
2.121 -3.31351
2.124 -3.31213
2.127 -3.31076
2.13 -3.30939
2.133 -3.30803
2.136 -3.30666
2.139 -3.3053
2.142 -3.30395
2.145 -3.3026
2.148 -3.30125
2.151 -3.2999
2.154 -3.29856
2.157 -3.29722
2.16 -3.29588
2.163 -3.29455
2.166 -3.29322
2.169 -3.2919
2.172 -3.29058
2.175 -3.28926
2.178 -3.28795
2.181 -3.28664
2.184 -3.28534
2.187 -3.28404
2.19 -3.28274
2.193 -3.28145
2.196 -3.28017
2.199 -3.27888
2.202 -3.27761
2.205 -3.27633
2.208 -3.27506
2.211 -3.2738
2.214 -3.27254
2.217 -3.27128
2.22 -3.27003
2.223 -3.26879
2.226 -3.26755
2.229 -3.26631
2.232 -3.26508
2.235 -3.26386
2.238 -3.26264
2.241 -3.26142
2.244 -3.26021
2.247 -3.25901
2.25 -3.25781
2.253 -3.25662
2.256 -3.25543
2.259 -3.25425
2.262 -3.25307
2.265 -3.2519
2.268 -3.25074
2.271 -3.24958
2.274 -3.24843
2.277 -3.24728
2.28 -3.24614
2.283 -3.24501
2.286 -3.24388
2.289 -3.24276
2.292 -3.24164
2.295 -3.24053
2.298 -3.23943
2.301 -3.23833
2.304 -3.23725
2.307 -3.23616
2.31 -3.23509
2.313 -3.23402
2.316 -3.23296
2.319 -3.2319
2.322 -3.23086
2.325 -3.22982
2.328 -3.22878
2.331 -3.22776
2.334 -3.22674
2.337 -3.22573
2.34 -3.22472
2.343 -3.22373
2.346 -3.22274
2.349 -3.22176
2.352 -3.22078
2.355 -3.21982
2.358 -3.21886
2.361 -3.21791
2.364 -3.21697
2.367 -3.21603
2.37 -3.21511
2.373 -3.21419
2.376 -3.21328
2.379 -3.21238
2.382 -3.21148
2.385 -3.2106
2.388 -3.20972
2.391 -3.20885
2.394 -3.20799
2.397 -3.20714
2.4 -3.20629
2.403 -3.20546
2.406 -3.20463
2.409 -3.20381
2.412 -3.203
2.415 -3.2022
2.418 -3.20141
2.421 -3.20063
2.424 -3.19985
2.427 -3.19909
2.43 -3.19833
2.433 -3.19758
2.436 -3.19685
2.439 -3.19612
2.442 -3.19539
2.445 -3.19468
2.448 -3.19398
2.451 -3.19329
2.454 -3.1926
2.457 -3.19193
2.46 -3.19126
2.463 -3.19061
2.466 -3.18996
2.469 -3.18932
2.472 -3.18869
2.475 -3.18807
2.478 -3.18746
2.481 -3.18686
2.484 -3.18627
2.487 -3.18568
2.49 -3.18511
2.493 -3.18455
2.496 -3.18399
2.499 -3.18345
2.502 -3.18291
2.505 -3.18239
2.508 -3.18187
2.511 -3.18136
2.514 -3.18086
2.517 -3.18037
2.52 -3.1799
2.523 -3.17943
2.526 -3.17896
2.529 -3.17851
2.532 -3.17807
2.535 -3.17764
2.538 -3.17722
2.541 -3.1768
2.544 -3.1764
2.547 -3.176
2.55 -3.17562
2.553 -3.17524
2.556 -3.17487
2.559 -3.17451
2.562 -3.17417
2.565 -3.17383
2.568 -3.1735
2.571 -3.17317
2.574 -3.17286
2.577 -3.17256
2.58 -3.17226
2.583 -3.17198
2.586 -3.1717
2.589 -3.17144
2.592 -3.17118
2.595 -3.17093
2.598 -3.17069
2.601 -3.17046
2.604 -3.17024
2.607 -3.17002
2.61 -3.16982
2.613 -3.16962
2.616 -3.16944
2.619 -3.16926
2.622 -3.16909
2.625 -3.16892
2.628 -3.16877
2.631 -3.16863
2.634 -3.16849
2.637 -3.16836
2.64 -3.16824
2.643 -3.16813
2.646 -3.16803
2.649 -3.16794
2.652 -3.16785
2.655 -3.16777
2.658 -3.1677
2.661 -3.16764
2.664 -3.16759
2.667 -3.16754
2.67 -3.1675
2.673 -3.16747
2.676 -3.16745
2.679 -3.16743
2.682 -3.16743
2.685 -3.16743
2.688 -3.16744
2.691 -3.16745
2.694 -3.16747
2.697 -3.1675
2.7 -3.16754
2.703 -3.16759
2.706 -3.16764
2.709 -3.1677
2.712 -3.16776
2.715 -3.16784
2.718 -3.16792
2.721 -3.168
2.724 -3.1681
2.727 -3.1682
2.73 -3.16831
2.733 -3.16842
2.736 -3.16854
2.739 -3.16867
2.742 -3.1688
2.745 -3.16894
2.748 -3.16909
2.751 -3.16924
2.754 -3.1694
2.757 -3.16957
2.76 -3.16974
2.763 -3.16991
2.766 -3.1701
2.769 -3.17029
2.772 -3.17048
2.775 -3.17068
2.778 -3.17089
2.781 -3.1711
2.784 -3.17132
2.787 -3.17154
2.79 -3.17177
2.793 -3.17201
2.796 -3.17225
2.799 -3.17249
2.802 -3.17274
2.805 -3.173
2.808 -3.17326
2.811 -3.17352
2.814 -3.17379
2.817 -3.17407
2.82 -3.17435
2.823 -3.17464
2.826 -3.17493
2.829 -3.17522
2.832 -3.17552
2.835 -3.17582
2.838 -3.17613
2.841 -3.17644
2.844 -3.17676
2.847 -3.17708
2.85 -3.17741
2.853 -3.17774
2.856 -3.17807
2.859 -3.17841
2.862 -3.17875
2.865 -3.1791
2.868 -3.17945
2.871 -3.1798
2.874 -3.18016
2.877 -3.18052
2.88 -3.18088
2.883 -3.18125
2.886 -3.18162
2.889 -3.182
2.892 -3.18238
2.895 -3.18276
2.898 -3.18315
2.901 -3.18353
2.904 -3.18393
2.907 -3.18432
2.91 -3.18472
2.913 -3.18512
2.916 -3.18553
2.919 -3.18593
2.922 -3.18634
2.925 -3.18676
2.928 -3.18717
2.931 -3.18759
2.934 -3.18801
2.937 -3.18844
2.94 -3.18886
2.943 -3.18929
2.946 -3.18972
2.949 -3.19016
2.952 -3.19059
2.955 -3.19103
2.958 -3.19147
2.961 -3.19192
2.964 -3.19236
2.967 -3.19281
2.97 -3.19326
2.973 -3.19371
2.976 -3.19417
2.979 -3.19462
2.982 -3.19508
2.985 -3.19554
2.988 -3.196
2.991 -3.19646
2.994 -3.19693
2.997 -3.19739
3 -3.19786
3.001 -10
