0 0
0.003 0.364759
0.006 0.365167
0.009 0.365579
0.012 0.365996
0.015 0.366418
0.018 0.366846
0.021 0.367278
0.024 0.367716
0.027 0.368159
0.03 0.368607
0.033 0.369061
0.036 0.369521
0.039 0.369985
0.042 0.370456
0.045 0.370932
0.048 0.371414
0.051 0.371901
0.054 0.372395
0.057 0.372894
0.06 0.373399
0.063 0.373911
0.066 0.374428
0.069 0.374952
0.072 0.375482
0.075 0.376018
0.078 0.37656
0.081 0.377109
0.084 0.377665
0.087 0.378227
0.09 0.378796
0.093 0.379372
0.096 0.379954
0.099 0.380543
0.102 0.381139
0.105 0.381743
0.108 0.382353
0.111 0.382971
0.114 0.383596
0.117 0.384228
0.12 0.384868
0.123 0.385515
0.126 0.38617
0.129 0.386833
0.132 0.387503
0.135 0.388181
0.138 0.388868
0.141 0.389562
0.144 0.390264
0.147 0.390975
0.15 0.391694
0.153 0.392422
0.156 0.393158
0.159 0.393903
0.162 0.394656
0.165 0.395418
0.168 0.39619
0.171 0.39697
0.174 0.397759
0.177 0.398558
0.18 0.399366
0.183 0.400183
0.186 0.40101
0.189 0.401847
0.192 0.402693
0.195 0.40355
0.198 0.404416
0.201 0.405292
0.204 0.406179
0.207 0.407076
0.21 0.407984
0.213 0.408902
0.216 0.409831
0.219 0.41077
0.222 0.411721
0.225 0.412683
0.228 0.413656
0.231 0.41464
0.234 0.415636
0.237 0.416643
0.24 0.417663
0.243 0.418694
0.246 0.419737
0.249 0.420792
0.252 0.42186
0.255 0.42294
0.258 0.424033
0.261 0.425138
0.264 0.426257
0.267 0.427388
0.27 0.428533
0.273 0.429691
0.276 0.430862
0.279 0.432047
0.282 0.433246
0.285 0.43446
0.288 0.435687
0.291 0.436928
0.294 0.438184
0.297 0.439455
0.3 0.440741
0.303 0.442041
0.306 0.443357
0.309 0.444688
0.312 0.446035
0.315 0.447397
0.318 0.448775
0.321 0.45017
0.324 0.451581
0.327 0.453008
0.33 0.454452
0.333 0.455913
0.336 0.45739
0.339 0.458886
0.342 0.460398
0.345 0.461929
0.348 0.463477
0.351 0.465043
0.354 0.466628
0.357 0.468231
0.36 0.469853
0.363 0.471494
0.366 0.473154
0.369 0.474833
0.372 0.476532
0.375 0.478251
0.378 0.47999
0.381 0.481749
0.384 0.483529
0.387 0.48533
0.39 0.487152
0.393 0.488995
0.396 0.490859
0.399 0.492746
0.402 0.494654
0.405 0.496585
0.408 0.498538
0.411 0.500514
0.414 0.502513
0.417 0.504535
0.42 0.506581
0.423 0.50865
0.426 0.510744
0.429 0.512862
0.432 0.515005
0.435 0.517172
0.438 0.519365
0.441 0.521583
0.444 0.523827
0.447 0.526097
0.45 0.528393
0.453 0.530716
0.456 0.533066
0.459 0.535443
0.462 0.537847
0.465 0.540279
0.468 0.542739
0.471 0.545227
0.474 0.547744
0.477 0.55029
0.48 0.552865
0.483 0.555469
0.486 0.558103
0.489 0.560768
0.492 0.563462
0.495 0.566187
0.498 0.568944
0.501 0.571731
0.504 0.57455
0.507 0.577401
0.51 0.580285
0.513 0.5832
0.516 0.586149
0.519 0.58913
0.522 0.592145
0.525 0.595193
0.528 0.598276
0.531 0.601392
0.534 0.604543
0.537 0.607729
0.54 0.61095
0.543 0.614207
0.546 0.617499
0.549 0.620827
0.552 0.624191
0.555 0.627592
0.558 0.63103
0.561 0.634504
0.564 0.638016
0.567 0.641566
0.57 0.645153
0.573 0.648778
0.576 0.652442
0.579 0.656144
0.582 0.659885
0.585 0.663665
0.588 0.667484
0.591 0.671343
0.594 0.675241
0.597 0.679179
0.6 0.683157
0.603 0.687176
0.606 0.691235
0.609 0.695334
0.612 0.699475
0.615 0.703656
0.618 0.707878
0.621 0.712142
0.624 0.716447
0.627 0.720793
0.63 0.725181
0.633 0.729611
0.636 0.734083
0.639 0.738596
0.642 0.743151
0.645 0.747748
0.648 0.752388
0.651 0.757069
0.654 0.761792
0.657 0.766558
0.66 0.771365
0.663 0.776215
0.666 0.781106
0.669 0.78604
0.672 0.791015
0.675 0.796033
0.678 0.801092
0.681 0.806193
0.684 0.811335
0.687 0.816519
0.69 0.821743
0.693 0.82701
0.696 0.832317
0.699 0.837664
0.702 0.843052
0.705 0.848481
0.708 0.85395
0.711 0.859458
0.714 0.865006
0.717 0.870593
0.72 0.876219
0.723 0.881884
0.726 0.887587
0.729 0.893328
0.732 0.899107
0.735 0.904923
0.738 0.910776
0.741 0.916665
0.744 0.92259
0.747 0.928551
0.75 0.934547
0.753 0.940578
0.756 0.946643
0.759 0.952741
0.762 0.958873
0.765 0.965037
0.768 0.971234
0.771 0.977462
0.774 0.983721
0.777 0.990011
0.78 0.99633
0.783 1.00268
0.786 1.00906
0.789 1.01546
0.792 1.0219
0.795 1.02836
0.798 1.03484
0.801 1.04135
0.804 1.04789
0.807 1.05445
0.81 1.06104
0.813 1.06765
0.816 1.07428
0.819 1.08093
0.822 1.0876
0.825 1.09429
0.828 1.10101
0.831 1.10774
0.834 1.11449
0.837 1.12125
0.84 1.12804
0.843 1.13484
0.846 1.14165
0.849 1.14848
0.852 1.15533
0.855 1.16218
0.858 1.16905
0.861 1.17594
0.864 1.18283
0.867 1.18973
0.87 1.19664
0.873 1.20357
0.876 1.2105
0.879 1.21744
0.882 1.22438
0.885 1.23133
0.888 1.23829
0.891 1.24526
0.894 1.25222
0.897 1.25919
0.9 1.26617
0.903 1.27315
0.906 1.28013
0.909 1.28711
0.912 1.29409
0.915 1.30107
0.918 1.30805
0.921 1.31503
0.924 1.32201
0.927 1.32899
0.93 1.33597
0.933 1.34294
0.936 1.34991
0.939 1.35687
0.942 1.36383
0.945 1.37079
0.948 1.37773
0.951 1.38468
0.954 1.39161
0.957 1.39854
0.96 1.40547
0.963 1.41238
0.966 1.41929
0.969 1.42618
0.972 1.43307
0.975 1.43995
0.978 1.44682
0.981 1.45368
0.984 1.46053
0.987 1.46736
0.99 1.47419
0.993 1.481
0.996 1.48781
0.999 1.4946
1.002 1.50137
1.005 1.50814
1.008 1.51489
1.011 1.52163
1.014 1.52835
1.017 1.53506
1.02 1.54176
1.023 1.54844
1.026 1.5551
1.029 1.56176
1.032 1.56839
1.035 1.57501
1.038 1.58162
1.041 1.58821
1.044 1.59478
1.047 1.60134
1.05 1.60788
1.053 1.6144
1.056 1.62091
1.059 1.6274
1.062 1.63387
1.065 1.64033
1.068 1.64676
1.071 1.65318
1.074 1.65959
1.077 1.66597
1.08 1.67234
1.083 1.67869
1.086 1.68502
1.089 1.69133
1.092 1.69762
1.095 1.7039
1.098 1.71016
1.101 1.71639
1.104 1.72261
1.107 1.72881
1.11 1.735
1.113 1.74116
1.116 1.7473
1.119 1.75343
1.122 1.75953
1.125 1.76562
1.128 1.77169
1.131 1.77774
1.134 1.78377
1.137 1.78977
1.14 1.79577
1.143 1.80174
1.146 1.80769
1.149 1.81362
1.152 1.81953
1.155 1.82543
1.158 1.8313
1.161 1.83716
1.164 1.84299
1.167 1.84881
1.17 1.8546
1.173 1.86038
1.176 1.86614
1.179 1.87188
1.182 1.8776
1.185 1.8833
1.188 1.88898
1.191 1.89464
1.194 1.90029
1.197 1.90591
1.2 1.91152
1.203 1.9171
1.206 1.92267
1.209 1.92822
1.212 1.93375
1.215 1.93926
1.218 1.94475
1.221 1.95022
1.224 1.95568
1.227 1.96112
1.23 1.96654
1.233 1.97194
1.236 1.97732
1.239 1.98268
1.242 1.98803
1.245 1.99335
1.248 1.99866
1.251 2.00396
1.254 2.00923
1.257 2.01449
1.26 2.01973
1.263 2.02495
1.266 2.03015
1.269 2.03534
1.272 2.04051
1.275 2.04567
1.278 2.0508
1.281 2.05592
1.284 2.06103
1.287 2.06611
1.29 2.07118
1.293 2.07624
1.296 2.08127
1.299 2.0863
1.302 2.0913
1.305 2.09629
1.308 2.10127
1.311 2.10623
1.314 2.11117
1.317 2.1161
1.32 2.12101
1.323 2.12591
1.326 2.13079
1.329 2.13566
1.332 2.14051
1.335 2.14535
1.338 2.15018
1.341 2.15499
1.344 2.15979
1.347 2.16457
1.35 2.16934
1.353 2.17409
1.356 2.17884
1.359 2.18356
1.362 2.18828
1.365 2.19298
1.368 2.19767
1.371 2.20235
1.374 2.20701
1.377 2.21166
1.38 2.2163
1.383 2.22093
1.386 2.22554
1.389 2.23015
1.392 2.23474
1.395 2.23932
1.398 2.24389
1.401 2.24844
1.404 2.25299
1.407 2.25753
1.41 2.26205
1.413 2.26656
1.416 2.27107
1.419 2.27556
1.422 2.28004
1.425 2.28451
1.428 2.28898
1.431 2.29343
1.434 2.29787
1.437 2.30231
1.44 2.30673
1.443 2.31115
1.446 2.31555
1.449 2.31995
1.452 2.32434
1.455 2.32872
1.458 2.33309
1.461 2.33746
1.464 2.34181
1.467 2.34616
1.47 2.3505
1.473 2.35483
1.476 2.35916
1.479 2.36348
1.482 2.36779
1.485 2.37209
1.488 2.37639
1.491 2.38068
1.494 2.38496
1.497 2.38924
1.5 2.39351
1.503 2.39778
1.506 2.40204
1.509 2.40629
1.512 2.41054
1.515 2.41478
1.518 2.41902
1.521 2.42325
1.524 2.42748
1.527 2.4317
1.53 2.43592
1.533 2.44013
1.536 2.44434
1.539 2.44855
1.542 2.45275
1.545 2.45694
1.548 2.46113
1.551 2.46532
1.554 2.46951
1.557 2.47369
1.56 2.47787
1.563 2.48204
1.566 2.48622
1.569 2.49039
1.572 2.49455
1.575 2.49872
1.578 2.50288
1.581 2.50704
1.584 2.5112
1.587 2.51535
1.59 2.51951
1.593 2.52366
1.596 2.52781
1.599 2.53196
1.602 2.5361
1.605 2.54025
1.608 2.5444
1.611 2.54854
1.614 2.55268
1.617 2.55683
1.62 2.56097
1.623 2.56511
1.626 2.56925
1.629 2.57339
1.632 2.57753
1.635 2.58167
1.638 2.58582
1.641 2.58996
1.644 2.5941
1.647 2.59824
1.65 2.60239
1.653 2.60653
1.656 2.61068
1.659 2.61482
1.662 2.61897
1.665 2.62312
1.668 2.62727
1.671 2.63142
1.674 2.63557
1.677 2.63973
1.68 2.64388
1.683 2.64804
1.686 2.6522
1.689 2.65636
1.692 2.66053
1.695 2.6647
1.698 2.66887
1.701 2.67304
1.704 2.67721
1.707 2.68139
1.71 2.68557
1.713 2.68975
1.716 2.69394
1.719 2.69813
1.722 2.70232
1.725 2.70651
1.728 2.71071
1.731 2.71492
1.734 2.71912
1.737 2.72333
1.74 2.72754
1.743 2.73176
1.746 2.73598
1.749 2.74021
1.752 2.74443
1.755 2.74867
1.758 2.7529
1.761 2.75715
1.764 2.76139
1.767 2.76564
1.77 2.76989
1.773 2.77415
1.776 2.77842
1.779 2.78268
1.782 2.78696
1.785 2.79123
1.788 2.79551
1.791 2.7998
1.794 2.80409
1.797 2.80839
1.8 2.81269
1.803 2.817
1.806 2.82131
1.809 2.82562
1.812 2.82994
1.815 2.83427
1.818 2.8386
1.821 2.84294
1.824 2.84728
1.827 2.85163
1.83 2.85598
1.833 2.86034
1.836 2.8647
1.839 2.86907
1.842 2.87345
1.845 2.87783
1.848 2.88221
1.851 2.8866
1.854 2.891
1.857 2.8954
1.86 2.89981
1.863 2.90422
1.866 2.90864
1.869 2.91306
1.872 2.91749
1.875 2.92192
1.878 2.92636
1.881 2.93081
1.884 2.93526
1.887 2.93971
1.89 2.94417
1.893 2.94864
1.896 2.95311
1.899 2.95759
1.902 2.96207
1.905 2.96656
1.908 2.97105
1.911 2.97555
1.914 2.98005
1.917 2.98456
1.92 2.98907
1.923 2.99359
1.926 2.99811
1.929 3.00264
1.932 3.00717
1.935 3.01171
1.938 3.01625
1.941 3.0208
1.944 3.02535
1.947 3.0299
1.95 3.03446
1.953 3.03903
1.956 3.0436
1.959 3.04817
1.962 3.05274
1.965 3.05732
1.968 3.06191
1.971 3.0665
1.974 3.07109
1.977 3.07568
1.98 3.08028
1.983 3.08489
1.986 3.08949
1.989 3.0941
1.992 3.09871
1.995 3.10333
1.998 3.10795
2.001 3.11257
2.004 3.11719
2.007 3.12182
2.01 3.12644
2.013 3.13107
2.016 3.13571
2.019 3.14034
2.022 3.14498
2.025 3.14961
2.028 3.15425
2.031 3.1589
2.034 3.16354
2.037 3.16818
2.04 3.17282
2.043 3.17747
2.046 3.18212
2.049 3.18676
2.052 3.19141
2.055 3.19605
2.058 3.2007
2.061 3.20535
2.064 3.20999
2.067 3.21464
2.07 3.21928
2.073 3.22393
2.076 3.22857
2.079 3.23321
2.082 3.23785
2.085 3.24249
2.088 3.24713
2.091 3.25176
2.094 3.2564
2.097 3.26103
2.1 3.26565
2.103 3.27028
2.106 3.2749
2.109 3.27952
2.112 3.28414
2.115 3.28875
2.118 3.29336
2.121 3.29796
2.124 3.30256
2.127 3.30716
2.13 3.31175
2.133 3.31633
2.136 3.32091
2.139 3.32549
2.142 3.33006
2.145 3.33463
2.148 3.33919
2.151 3.34374
2.154 3.34828
2.157 3.35282
2.16 3.35736
2.163 3.36188
2.166 3.3664
2.169 3.37091
2.172 3.37542
2.175 3.37991
2.178 3.3844
2.181 3.38888
2.184 3.39335
2.187 3.39781
2.19 3.40227
2.193 3.40671
2.196 3.41115
2.199 3.41557
2.202 3.41998
2.205 3.42439
2.208 3.42878
2.211 3.43317
2.214 3.43754
2.217 3.4419
2.22 3.44625
2.223 3.45059
2.226 3.45492
2.229 3.45924
2.232 3.46354
2.235 3.46783
2.238 3.47211
2.241 3.47637
2.244 3.48063
2.247 3.48487
2.25 3.48909
2.253 3.49331
2.256 3.4975
2.259 3.50169
2.262 3.50586
2.265 3.51002
2.268 3.51416
2.271 3.51828
2.274 3.52239
2.277 3.52649
2.28 3.53057
2.283 3.53464
2.286 3.53869
2.289 3.54272
2.292 3.54674
2.295 3.55074
2.298 3.55472
2.301 3.55869
2.304 3.56264
2.307 3.56657
2.31 3.57049
2.313 3.57439
2.316 3.57827
2.319 3.58213
2.322 3.58598
2.325 3.58981
2.328 3.59361
2.331 3.59741
2.334 3.60118
2.337 3.60493
2.34 3.60867
2.343 3.61238
2.346 3.61608
2.349 3.61976
2.352 3.62341
2.355 3.62705
2.358 3.63067
2.361 3.63427
2.364 3.63785
2.367 3.64141
2.37 3.64495
2.373 3.64847
2.376 3.65197
2.379 3.65545
2.382 3.6589
2.385 3.66234
2.388 3.66576
2.391 3.66915
2.394 3.67253
2.397 3.67588
2.4 3.67922
2.403 3.68253
2.406 3.68582
2.409 3.68909
2.412 3.69234
2.415 3.69557
2.418 3.69877
2.421 3.70196
2.424 3.70512
2.427 3.70826
2.43 3.71138
2.433 3.71448
2.436 3.71755
2.439 3.72061
2.442 3.72364
2.445 3.72665
2.448 3.72964
2.451 3.73261
2.454 3.73556
2.457 3.73848
2.46 3.74138
2.463 3.74426
2.466 3.74712
2.469 3.74996
2.472 3.75277
2.475 3.75556
2.478 3.75834
2.481 3.76109
2.484 3.76381
2.487 3.76652
2.49 3.7692
2.493 3.77186
2.496 3.77451
2.499 3.77712
2.502 3.77972
2.505 3.7823
2.508 3.78485
2.511 3.78738
2.514 3.78989
2.517 3.79238
2.52 3.79485
2.523 3.7973
2.526 3.79972
2.529 3.80213
2.532 3.80451
2.535 3.80687
2.538 3.80922
2.541 3.81154
2.544 3.81383
2.547 3.81611
2.55 3.81837
2.553 3.82061
2.556 3.82282
2.559 3.82502
2.562 3.82719
2.565 3.82935
2.568 3.83148
2.571 3.8336
2.574 3.83569
2.577 3.83777
2.58 3.83982
2.583 3.84185
2.586 3.84387
2.589 3.84586
2.592 3.84784
2.595 3.84979
2.598 3.85173
2.601 3.85365
2.604 3.85555
2.607 3.85742
2.61 3.85928
2.613 3.86112
2.616 3.86295
2.619 3.86475
2.622 3.86654
2.625 3.8683
2.628 3.87005
2.631 3.87178
2.634 3.87349
2.637 3.87519
2.64 3.87686
2.643 3.87852
2.646 3.88016
2.649 3.88178
2.652 3.88339
2.655 3.88498
2.658 3.88655
2.661 3.8881
2.664 3.88964
2.667 3.89116
2.67 3.89266
2.673 3.89415
2.676 3.89562
2.679 3.89708
2.682 3.89851
2.685 3.89993
2.688 3.90134
2.691 3.90273
2.694 3.9041
2.697 3.90546
2.7 3.90681
2.703 3.90813
2.706 3.90945
2.709 3.91074
2.712 3.91203
2.715 3.91329
2.718 3.91455
2.721 3.91578
2.724 3.91701
2.727 3.91822
2.73 3.91941
2.733 3.92059
2.736 3.92176
2.739 3.92291
2.742 3.92405
2.745 3.92518
2.748 3.92629
2.751 3.92739
2.754 3.92847
2.757 3.92954
2.76 3.9306
2.763 3.93165
2.766 3.93268
2.769 3.9337
2.772 3.93471
2.775 3.9357
2.778 3.93669
2.781 3.93766
2.784 3.93861
2.787 3.93956
2.79 3.94049
2.793 3.94142
2.796 3.94233
2.799 3.94323
2.802 3.94411
2.805 3.94499
2.808 3.94586
2.811 3.94671
2.814 3.94755
2.817 3.94838
2.82 3.94921
2.823 3.95002
2.826 3.95082
2.829 3.95161
2.832 3.95238
2.835 3.95315
2.838 3.95391
2.841 3.95466
2.844 3.9554
2.847 3.95613
2.85 3.95685
2.853 3.95756
2.856 3.95826
2.859 3.95895
2.862 3.95963
2.865 3.9603
2.868 3.96096
2.871 3.96161
2.874 3.96226
2.877 3.96289
2.88 3.96352
2.883 3.96414
2.886 3.96475
2.889 3.96535
2.892 3.96594
2.895 3.96653
2.898 3.9671
2.901 3.96767
2.904 3.96823
2.907 3.96878
2.91 3.96933
2.913 3.96986
2.916 3.97039
2.919 3.97091
2.922 3.97142
2.925 3.97193
2.928 3.97243
2.931 3.97292
2.934 3.9734
2.937 3.97388
2.94 3.97435
2.943 3.97481
2.946 3.97527
2.949 3.97572
2.952 3.97616
2.955 3.9766
2.958 3.97703
2.961 3.97745
2.964 3.97787
2.967 3.97828
2.97 3.97868
2.973 3.97908
2.976 3.97947
2.979 3.97986
2.982 3.98024
2.985 3.98061
2.988 3.98098
2.991 3.98134
2.994 3.9817
2.997 3.98205
3 3.98239
3.001 0
