0 0
0.003 0.619232
0.006 0.621315
0.009 0.623412
0.012 0.625523
0.015 0.627647
0.018 0.629786
0.021 0.631938
0.024 0.634105
0.027 0.636285
0.03 0.63848
0.033 0.640689
0.036 0.642911
0.039 0.645149
0.042 0.6474
0.045 0.649665
0.048 0.651945
0.051 0.654239
0.054 0.656548
0.057 0.658871
0.06 0.661208
0.063 0.663559
0.066 0.665925
0.069 0.668306
0.072 0.670701
0.075 0.67311
0.078 0.675534
0.081 0.677973
0.084 0.680426
0.087 0.682894
0.09 0.685376
0.093 0.687873
0.096 0.690384
0.099 0.69291
0.102 0.695451
0.105 0.698006
0.108 0.700576
0.111 0.703161
0.114 0.705761
0.117 0.708375
0.12 0.711004
0.123 0.713647
0.126 0.716306
0.129 0.718979
0.132 0.721666
0.135 0.724369
0.138 0.727086
0.141 0.729818
0.144 0.732565
0.147 0.735326
0.15 0.738102
0.153 0.740893
0.156 0.743699
0.159 0.746519
0.162 0.749354
0.165 0.752204
0.168 0.755068
0.171 0.757947
0.174 0.760841
0.177 0.763749
0.18 0.766672
0.183 0.76961
0.186 0.772562
0.189 0.775529
0.192 0.77851
0.195 0.781506
0.198 0.784516
0.201 0.787541
0.204 0.790581
0.207 0.793634
0.21 0.796703
0.213 0.799785
0.216 0.802882
0.219 0.805994
0.222 0.809119
0.225 0.812259
0.228 0.815413
0.231 0.818582
0.234 0.821764
0.237 0.824961
0.24 0.828172
0.243 0.831397
0.246 0.834636
0.249 0.837888
0.252 0.841155
0.255 0.844436
0.258 0.84773
0.261 0.851038
0.264 0.85436
0.267 0.857696
0.27 0.861045
0.273 0.864408
0.276 0.867785
0.279 0.871175
0.282 0.874578
0.285 0.877995
0.288 0.881425
0.291 0.884868
0.294 0.888325
0.297 0.891794
0.3 0.895277
0.303 0.898773
0.306 0.902281
0.309 0.905803
0.312 0.909337
0.315 0.912884
0.318 0.916444
0.321 0.920016
0.324 0.923601
0.327 0.927199
0.33 0.930808
0.333 0.93443
0.336 0.938064
0.339 0.941711
0.342 0.945369
0.345 0.949039
0.348 0.952722
0.351 0.956416
0.354 0.960122
0.357 0.963839
0.36 0.967568
0.363 0.971309
0.366 0.975061
0.369 0.978824
0.372 0.982598
0.375 0.986384
0.378 0.990181
0.381 0.993988
0.384 0.997807
0.387 1.00164
0.39 1.00548
0.393 1.00933
0.396 1.01319
0.399 1.01706
0.402 1.02094
0.405 1.02483
0.408 1.02873
0.411 1.03264
0.414 1.03656
0.417 1.0405
0.42 1.04444
0.423 1.04839
0.426 1.05235
0.429 1.05632
0.432 1.06029
0.435 1.06428
0.438 1.06828
0.441 1.07228
0.444 1.0763
0.447 1.08032
0.45 1.08435
0.453 1.08839
0.456 1.09244
0.459 1.09649
0.462 1.10056
0.465 1.10463
0.468 1.10871
0.471 1.11279
0.474 1.11689
0.477 1.12099
0.48 1.1251
0.483 1.12922
0.486 1.13334
0.489 1.13747
0.492 1.14161
0.495 1.14575
0.498 1.1499
0.501 1.15406
0.504 1.15822
0.507 1.16239
0.51 1.16657
0.513 1.17075
0.516 1.17494
0.519 1.17913
0.522 1.18333
0.525 1.18753
0.528 1.19174
0.531 1.19595
0.534 1.20017
0.537 1.20439
0.54 1.20862
0.543 1.21286
0.546 1.21709
0.549 1.22133
0.552 1.22558
0.555 1.22983
0.558 1.23408
0.561 1.23834
0.564 1.2426
0.567 1.24686
0.57 1.25113
0.573 1.2554
0.576 1.25967
0.579 1.26395
0.582 1.26823
0.585 1.27251
0.588 1.27679
0.591 1.28108
0.594 1.28537
0.597 1.28966
0.6 1.29395
0.603 1.29824
0.606 1.30254
0.609 1.30683
0.612 1.31113
0.615 1.31543
0.618 1.31973
0.621 1.32403
0.624 1.32833
0.627 1.33263
0.63 1.33693
0.633 1.34124
0.636 1.34554
0.639 1.34984
0.642 1.35414
0.645 1.35844
0.648 1.36274
0.651 1.36704
0.654 1.37134
0.657 1.37564
0.66 1.37994
0.663 1.38423
0.666 1.38853
0.669 1.39282
0.672 1.39711
0.675 1.4014
0.678 1.40568
0.681 1.40997
0.684 1.41425
0.687 1.41853
0.69 1.42281
0.693 1.42708
0.696 1.43135
0.699 1.43562
0.702 1.43989
0.705 1.44415
0.708 1.44841
0.711 1.45266
0.714 1.45691
0.717 1.46116
0.72 1.4654
0.723 1.46964
0.726 1.47388
0.729 1.47811
0.732 1.48233
0.735 1.48656
0.738 1.49077
0.741 1.49498
0.744 1.49919
0.747 1.50339
0.75 1.50758
0.753 1.51177
0.756 1.51596
0.759 1.52014
0.762 1.52431
0.765 1.52847
0.768 1.53263
0.771 1.53679
0.774 1.54093
0.777 1.54508
0.78 1.54921
0.783 1.55334
0.786 1.55746
0.789 1.56157
0.792 1.56568
0.795 1.56978
0.798 1.57387
0.801 1.57795
0.804 1.58203
0.807 1.5861
0.81 1.59016
0.813 1.59421
0.816 1.59825
0.819 1.60229
0.822 1.60632
0.825 1.61034
0.828 1.61435
0.831 1.61835
0.834 1.62235
0.837 1.62633
0.84 1.63031
0.843 1.63428
0.846 1.63823
0.849 1.64218
0.852 1.64612
0.855 1.65005
0.858 1.65398
0.861 1.65789
0.864 1.66179
0.867 1.66568
0.87 1.66957
0.873 1.67344
0.876 1.6773
0.879 1.68115
0.882 1.685
0.885 1.68883
0.888 1.69265
0.891 1.69647
0.894 1.70027
0.897 1.70406
0.9 1.70784
0.903 1.71161
0.906 1.71537
0.909 1.71912
0.912 1.72286
0.915 1.72659
0.918 1.7303
0.921 1.73401
0.924 1.73771
0.927 1.74139
0.93 1.74506
0.933 1.74873
0.936 1.75238
0.939 1.75602
0.942 1.75965
0.945 1.76326
0.948 1.76687
0.951 1.77047
0.954 1.77405
0.957 1.77762
0.96 1.78118
0.963 1.78473
0.966 1.78827
0.969 1.7918
0.972 1.79531
0.975 1.79882
0.978 1.80231
0.981 1.80579
0.984 1.80926
0.987 1.81272
0.99 1.81616
0.993 1.8196
0.996 1.82302
0.999 1.82643
1.002 1.82983
1.005 1.83322
1.008 1.8366
1.011 1.83996
1.014 1.84332
1.017 1.84666
1.02 1.84999
1.023 1.85331
1.026 1.85661
1.029 1.85991
1.032 1.86319
1.035 1.86647
1.038 1.86973
1.041 1.87298
1.044 1.87622
1.047 1.87944
1.05 1.88266
1.053 1.88586
1.056 1.88905
1.059 1.89223
1.062 1.8954
1.065 1.89856
1.068 1.90171
1.071 1.90485
1.074 1.90797
1.077 1.91108
1.08 1.91419
1.083 1.91728
1.086 1.92036
1.089 1.92343
1.092 1.92648
1.095 1.92953
1.098 1.93257
1.101 1.93559
1.104 1.93861
1.107 1.94161
1.11 1.94461
1.113 1.94759
1.116 1.95056
1.119 1.95352
1.122 1.95647
1.125 1.95941
1.128 1.96234
1.131 1.96526
1.134 1.96817
1.137 1.97107
1.14 1.97396
1.143 1.97684
1.146 1.97971
1.149 1.98257
1.152 1.98542
1.155 1.98826
1.158 1.99109
1.161 1.99391
1.164 1.99672
1.167 1.99952
1.17 2.00231
1.173 2.00509
1.176 2.00787
1.179 2.01063
1.182 2.01339
1.185 2.01613
1.188 2.01887
1.191 2.0216
1.194 2.02431
1.197 2.02702
1.2 2.02973
1.203 2.03242
1.206 2.0351
1.209 2.03778
1.212 2.04045
1.215 2.04311
1.218 2.04576
1.221 2.0484
1.224 2.05104
1.227 2.05366
1.23 2.05628
1.233 2.05889
1.236 2.0615
1.239 2.0641
1.242 2.06668
1.245 2.06927
1.248 2.07184
1.251 2.07441
1.254 2.07697
1.257 2.07952
1.26 2.08207
1.263 2.08461
1.266 2.08714
1.269 2.08967
1.272 2.09219
1.275 2.09471
1.278 2.09721
1.281 2.09972
1.284 2.10221
1.287 2.1047
1.29 2.10719
1.293 2.10967
1.296 2.11214
1.299 2.11461
1.302 2.11707
1.305 2.11952
1.308 2.12198
1.311 2.12442
1.314 2.12687
1.317 2.1293
1.32 2.13173
1.323 2.13416
1.326 2.13659
1.329 2.139
1.332 2.14142
1.335 2.14383
1.338 2.14624
1.341 2.14864
1.344 2.15104
1.347 2.15343
1.35 2.15583
1.353 2.15821
1.356 2.1606
1.359 2.16298
1.362 2.16536
1.365 2.16774
1.368 2.17011
1.371 2.17248
1.374 2.17485
1.377 2.17721
1.38 2.17958
1.383 2.18194
1.386 2.1843
1.389 2.18665
1.392 2.18901
1.395 2.19136
1.398 2.19371
1.401 2.19606
1.404 2.19841
1.407 2.20076
1.41 2.20311
1.413 2.20546
1.416 2.2078
1.419 2.21015
1.422 2.21249
1.425 2.21483
1.428 2.21718
1.431 2.21952
1.434 2.22186
1.437 2.22421
1.44 2.22655
1.443 2.2289
1.446 2.23124
1.449 2.23359
1.452 2.23593
1.455 2.23828
1.458 2.24063
1.461 2.24298
1.464 2.24533
1.467 2.24768
1.47 2.25004
1.473 2.25239
1.476 2.25475
1.479 2.25711
1.482 2.25947
1.485 2.26184
1.488 2.2642
1.491 2.26657
1.494 2.26895
1.497 2.27132
1.5 2.2737
1.503 2.27608
1.506 2.27847
1.509 2.28085
1.512 2.28325
1.515 2.28564
1.518 2.28804
1.521 2.29044
1.524 2.29285
1.527 2.29526
1.53 2.29768
1.533 2.3001
1.536 2.30253
1.539 2.30496
1.542 2.30739
1.545 2.30983
1.548 2.31228
1.551 2.31473
1.554 2.31719
1.557 2.31965
1.56 2.32212
1.563 2.32459
1.566 2.32707
1.569 2.32956
1.572 2.33205
1.575 2.33455
1.578 2.33706
1.581 2.33957
1.584 2.34209
1.587 2.34462
1.59 2.34716
1.593 2.3497
1.596 2.35225
1.599 2.35481
1.602 2.35737
1.605 2.35995
1.608 2.36253
1.611 2.36512
1.614 2.36772
1.617 2.37032
1.62 2.37294
1.623 2.37556
1.626 2.3782
1.629 2.38084
1.632 2.38349
1.635 2.38615
1.638 2.38882
1.641 2.3915
1.644 2.39419
1.647 2.39689
1.65 2.3996
1.653 2.40233
1.656 2.40506
1.659 2.4078
1.662 2.41055
1.665 2.41331
1.668 2.41608
1.671 2.41887
1.674 2.42166
1.677 2.42447
1.68 2.42729
1.683 2.43011
1.686 2.43295
1.689 2.43581
1.692 2.43867
1.695 2.44155
1.698 2.44443
1.701 2.44733
1.704 2.45025
1.707 2.45317
1.71 2.45611
1.713 2.45906
1.716 2.46202
1.719 2.46499
1.722 2.46798
1.725 2.47098
1.728 2.474
1.731 2.47702
1.734 2.48006
1.737 2.48312
1.74 2.48619
1.743 2.48927
1.746 2.49236
1.749 2.49547
1.752 2.49859
1.755 2.50173
1.758 2.50488
1.761 2.50804
1.764 2.51122
1.767 2.51441
1.77 2.51762
1.773 2.52084
1.776 2.52408
1.779 2.52733
1.782 2.53059
1.785 2.53387
1.788 2.53717
1.791 2.54048
1.794 2.5438
1.797 2.54714
1.8 2.55049
1.803 2.55386
1.806 2.55724
1.809 2.56064
1.812 2.56406
1.815 2.56749
1.818 2.57093
1.821 2.57439
1.824 2.57786
1.827 2.58135
1.83 2.58486
1.833 2.58838
1.836 2.59191
1.839 2.59547
1.842 2.59903
1.845 2.60261
1.848 2.60621
1.851 2.60982
1.854 2.61345
1.857 2.61709
1.86 2.62075
1.863 2.62443
1.866 2.62811
1.869 2.63182
1.872 2.63554
1.875 2.63927
1.878 2.64302
1.881 2.64679
1.884 2.65057
1.887 2.65436
1.89 2.65817
1.893 2.662
1.896 2.66584
1.899 2.66969
1.902 2.67356
1.905 2.67745
1.908 2.68135
1.911 2.68526
1.914 2.68919
1.917 2.69313
1.92 2.69709
1.923 2.70106
1.926 2.70505
1.929 2.70905
1.932 2.71306
1.935 2.71709
1.938 2.72113
1.941 2.72519
1.944 2.72926
1.947 2.73334
1.95 2.73744
1.953 2.74155
1.956 2.74567
1.959 2.74981
1.962 2.75395
1.965 2.75812
1.968 2.76229
1.971 2.76648
1.974 2.77068
1.977 2.77489
1.98 2.77911
1.983 2.78334
1.986 2.78759
1.989 2.79185
1.992 2.79612
1.995 2.8004
1.998 2.80469
2.001 2.80899
2.004 2.81331
2.007 2.81763
2.01 2.82196
2.013 2.82631
2.016 2.83066
2.019 2.83503
2.022 2.8394
2.025 2.84378
2.028 2.84817
2.031 2.85257
2.034 2.85698
2.037 2.8614
2.04 2.86583
2.043 2.87026
2.046 2.8747
2.049 2.87915
2.052 2.88361
2.055 2.88808
2.058 2.89255
2.061 2.89703
2.064 2.90151
2.067 2.906
2.07 2.9105
2.073 2.915
2.076 2.91951
2.079 2.92402
2.082 2.92854
2.085 2.93306
2.088 2.93759
2.091 2.94212
2.094 2.94666
2.097 2.9512
2.1 2.95574
2.103 2.96029
2.106 2.96484
2.109 2.96939
2.112 2.97394
2.115 2.9785
2.118 2.98306
2.121 2.98762
2.124 2.99218
2.127 2.99675
2.13 3.00131
2.133 3.00587
2.136 3.01044
2.139 3.015
2.142 3.01957
2.145 3.02413
2.148 3.0287
2.151 3.03326
2.154 3.03782
2.157 3.04238
2.16 3.04694
2.163 3.05149
2.166 3.05605
2.169 3.0606
2.172 3.06515
2.175 3.06969
2.178 3.07423
2.181 3.07877
2.184 3.0833
2.187 3.08783
2.19 3.09236
2.193 3.09688
2.196 3.10139
2.199 3.1059
2.202 3.1104
2.205 3.1149
2.208 3.11939
2.211 3.12388
2.214 3.12836
2.217 3.13283
2.22 3.1373
2.223 3.14175
2.226 3.1462
2.229 3.15065
2.232 3.15508
2.235 3.15951
2.238 3.16392
2.241 3.16833
2.244 3.17273
2.247 3.17712
2.25 3.1815
2.253 3.18587
2.256 3.19023
2.259 3.19458
2.262 3.19892
2.265 3.20325
2.268 3.20756
2.271 3.21187
2.274 3.21616
2.277 3.22045
2.28 3.22472
2.283 3.22898
2.286 3.23322
2.289 3.23746
2.292 3.24168
2.295 3.24589
2.298 3.25008
2.301 3.25426
2.304 3.25843
2.307 3.26259
2.31 3.26673
2.313 3.27086
2.316 3.27497
2.319 3.27907
2.322 3.28315
2.325 3.28722
2.328 3.29127
2.331 3.29531
2.334 3.29933
2.337 3.30334
2.34 3.30733
2.343 3.31131
2.346 3.31527
2.349 3.31921
2.352 3.32314
2.355 3.32705
2.358 3.33094
2.361 3.33482
2.364 3.33868
2.367 3.34252
2.37 3.34635
2.373 3.35016
2.376 3.35395
2.379 3.35773
2.382 3.36148
2.385 3.36522
2.388 3.36894
2.391 3.37265
2.394 3.37633
2.397 3.38
2.4 3.38365
2.403 3.38728
2.406 3.39089
2.409 3.39448
2.412 3.39806
2.415 3.40161
2.418 3.40515
2.421 3.40867
2.424 3.41217
2.427 3.41565
2.43 3.41911
2.433 3.42255
2.436 3.42597
2.439 3.42938
2.442 3.43276
2.445 3.43613
2.448 3.43947
2.451 3.4428
2.454 3.44611
2.457 3.44939
2.46 3.45266
2.463 3.45591
2.466 3.45914
2.469 3.46235
2.472 3.46553
2.475 3.4687
2.478 3.47185
2.481 3.47498
2.484 3.47809
2.487 3.48118
2.49 3.48425
2.493 3.4873
2.496 3.49034
2.499 3.49335
2.502 3.49634
2.505 3.49931
2.508 3.50226
2.511 3.50519
2.514 3.50811
2.517 3.511
2.52 3.51387
2.523 3.51673
2.526 3.51956
2.529 3.52237
2.532 3.52517
2.535 3.52794
2.538 3.5307
2.541 3.53343
2.544 3.53615
2.547 3.53885
2.55 3.54152
2.553 3.54418
2.556 3.54682
2.559 3.54944
2.562 3.55204
2.565 3.55462
2.568 3.55719
2.571 3.55973
2.574 3.56225
2.577 3.56476
2.58 3.56724
2.583 3.56971
2.586 3.57216
2.589 3.57459
2.592 3.577
2.595 3.5794
2.598 3.58177
2.601 3.58413
2.604 3.58646
2.607 3.58878
2.61 3.59108
2.613 3.59337
2.616 3.59563
2.619 3.59788
2.622 3.60011
2.625 3.60232
2.628 3.60451
2.631 3.60669
2.634 3.60885
2.637 3.61099
2.64 3.61311
2.643 3.61522
2.646 3.61731
2.649 3.61938
2.652 3.62144
2.655 3.62348
2.658 3.6255
2.661 3.6275
2.664 3.62949
2.667 3.63146
2.67 3.63342
2.673 3.63536
2.676 3.63728
2.679 3.63918
2.682 3.64107
2.685 3.64295
2.688 3.64481
2.691 3.64665
2.694 3.64848
2.697 3.65029
2.7 3.65208
2.703 3.65386
2.706 3.65563
2.709 3.65738
2.712 3.65911
2.715 3.66083
2.718 3.66254
2.721 3.66423
2.724 3.6659
2.727 3.66756
2.73 3.66921
2.733 3.67084
2.736 3.67246
2.739 3.67406
2.742 3.67565
2.745 3.67723
2.748 3.67879
2.751 3.68034
2.754 3.68187
2.757 3.68339
2.76 3.6849
2.763 3.68639
2.766 3.68787
2.769 3.68934
2.772 3.69079
2.775 3.69223
2.778 3.69366
2.781 3.69508
2.784 3.69648
2.787 3.69787
2.79 3.69925
2.793 3.70061
2.796 3.70197
2.799 3.70331
2.802 3.70463
2.805 3.70595
2.808 3.70726
2.811 3.70855
2.814 3.70983
2.817 3.7111
2.82 3.71236
2.823 3.7136
2.826 3.71484
2.829 3.71606
2.832 3.71728
2.835 3.71848
2.838 3.71967
2.841 3.72085
2.844 3.72202
2.847 3.72318
2.85 3.72433
2.853 3.72546
2.856 3.72659
2.859 3.72771
2.862 3.72881
2.865 3.72991
2.868 3.731
2.871 3.73207
2.874 3.73314
2.877 3.7342
2.88 3.73524
2.883 3.73628
2.886 3.73731
2.889 3.73833
2.892 3.73934
2.895 3.74034
2.898 3.74133
2.901 3.74231
2.904 3.74328
2.907 3.74425
2.91 3.7452
2.913 3.74615
2.916 3.74709
2.919 3.74801
2.922 3.74893
2.925 3.74985
2.928 3.75075
2.931 3.75164
2.934 3.75253
2.937 3.75341
2.94 3.75428
2.943 3.75514
2.946 3.756
2.949 3.75685
2.952 3.75768
2.955 3.75852
2.958 3.75934
2.961 3.76016
2.964 3.76096
2.967 3.76177
2.97 3.76256
2.973 3.76335
2.976 3.76412
2.979 3.7649
2.982 3.76566
2.985 3.76642
2.988 3.76717
2.991 3.76792
2.994 3.76865
2.997 3.76938
3 3.77011
3.001 0
