0 -10
0.003 -5.46479
0.006 -5.46071
0.009 -5.45661
0.012 -5.45249
0.015 -5.44835
0.018 -5.44418
0.021 -5.44
0.024 -5.43579
0.027 -5.43157
0.03 -5.42732
0.033 -5.42305
0.036 -5.41876
0.039 -5.41446
0.042 -5.41013
0.045 -5.40578
0.048 -5.40141
0.051 -5.39702
0.054 -5.39261
0.057 -5.38818
0.06 -5.38373
0.063 -5.37926
0.066 -5.37478
0.069 -5.37027
0.072 -5.36574
0.075 -5.36119
0.078 -5.35663
0.081 -5.35204
0.084 -5.34744
0.087 -5.34281
0.09 -5.33817
0.093 -5.33351
0.096 -5.32883
0.099 -5.32413
0.102 -5.31941
0.105 -5.31468
0.108 -5.30992
0.111 -5.30515
0.114 -5.30036
0.117 -5.29555
0.12 -5.29073
0.123 -5.28588
0.126 -5.28102
0.129 -5.27614
0.132 -5.27125
0.135 -5.26634
0.138 -5.26141
0.141 -5.25646
0.144 -5.2515
0.147 -5.24652
0.15 -5.24153
0.153 -5.23652
0.156 -5.23149
0.159 -5.22644
0.162 -5.22139
0.165 -5.21631
0.168 -5.21122
0.171 -5.20612
0.174 -5.201
0.177 -5.19586
0.18 -5.19072
0.183 -5.18555
0.186 -5.18037
0.189 -5.17518
0.192 -5.16998
0.195 -5.16476
0.198 -5.15953
0.201 -5.15428
0.204 -5.14902
0.207 -5.14375
0.21 -5.13847
0.213 -5.13317
0.216 -5.12786
0.219 -5.12254
0.222 -5.1172
0.225 -5.11186
0.228 -5.1065
0.231 -5.10114
0.234 -5.09576
0.237 -5.09037
0.24 -5.08497
0.243 -5.07956
0.246 -5.07414
0.249 -5.06871
0.252 -5.06327
0.255 -5.05782
0.258 -5.05236
0.261 -5.04689
0.264 -5.04141
0.267 -5.03593
0.27 -5.03043
0.273 -5.02493
0.276 -5.01942
0.279 -5.0139
0.282 -5.00838
0.285 -5.00285
0.288 -4.99731
0.291 -4.99176
0.294 -4.98621
0.297 -4.98065
0.3 -4.97509
0.303 -4.96952
0.306 -4.96394
0.309 -4.95836
0.312 -4.95278
0.315 -4.94719
0.318 -4.94159
0.321 -4.936
0.324 -4.93039
0.327 -4.92479
0.33 -4.91918
0.333 -4.91356
0.336 -4.90795
0.339 -4.90233
0.342 -4.89671
0.345 -4.89108
0.348 -4.88546
0.351 -4.87983
0.354 -4.8742
0.357 -4.86857
0.36 -4.86294
0.363 -4.85731
0.366 -4.85168
0.369 -4.84605
0.372 -4.84042
0.375 -4.83479
0.378 -4.82916
0.381 -4.82353
0.384 -4.8179
0.387 -4.81227
0.39 -4.80664
0.393 -4.80102
0.396 -4.7954
0.399 -4.78978
0.402 -4.78416
0.405 -4.77855
0.408 -4.77294
0.411 -4.76733
0.414 -4.76173
0.417 -4.75613
0.42 -4.75053
0.423 -4.74494
0.426 -4.73935
0.429 -4.73377
0.432 -4.72819
0.435 -4.72262
0.438 -4.71705
0.441 -4.71149
0.444 -4.70594
0.447 -4.70039
0.45 -4.69485
0.453 -4.68931
0.456 -4.68378
0.459 -4.67826
0.462 -4.67275
0.465 -4.66724
0.468 -4.66175
0.471 -4.65626
0.474 -4.65078
0.477 -4.6453
0.48 -4.63984
0.483 -4.63438
0.486 -4.62894
0.489 -4.6235
0.492 -4.61808
0.495 -4.61266
0.498 -4.60725
0.501 -4.60186
0.504 -4.59647
0.507 -4.5911
0.51 -4.58573
0.513 -4.58038
0.516 -4.57504
0.519 -4.56971
0.522 -4.56439
0.525 -4.55908
0.528 -4.55379
0.531 -4.54851
0.534 -4.54324
0.537 -4.53798
0.54 -4.53274
0.543 -4.52751
0.546 -4.52229
0.549 -4.51708
0.552 -4.51189
0.555 -4.50672
0.558 -4.50156
0.561 -4.49641
0.564 -4.49127
0.567 -4.48615
0.57 -4.48105
0.573 -4.47596
0.576 -4.47089
0.579 -4.46583
0.582 -4.46078
0.585 -4.45575
0.588 -4.45074
0.591 -4.44574
0.594 -4.44076
0.597 -4.43579
0.6 -4.43084
0.603 -4.42591
0.606 -4.421
0.609 -4.4161
0.612 -4.41121
0.615 -4.40635
0.618 -4.4015
0.621 -4.39667
0.624 -4.39185
0.627 -4.38705
0.63 -4.38227
0.633 -4.37751
0.636 -4.37277
0.639 -4.36804
0.642 -4.36333
0.645 -4.35864
0.648 -4.35397
0.651 -4.34932
0.654 -4.34468
0.657 -4.34006
0.66 -4.33547
0.663 -4.33089
0.666 -4.32633
0.669 -4.32178
0.672 -4.31726
0.675 -4.31276
0.678 -4.30827
0.681 -4.30381
0.684 -4.29936
0.687 -4.29493
0.69 -4.29053
0.693 -4.28614
0.696 -4.28177
0.699 -4.27742
0.702 -4.27309
0.705 -4.26878
0.708 -4.26449
0.711 -4.26023
0.714 -4.25598
0.717 -4.25175
0.72 -4.24754
0.723 -4.24335
0.726 -4.23918
0.729 -4.23503
0.732 -4.2309
0.735 -4.22679
0.738 -4.2227
0.741 -4.21864
0.744 -4.21459
0.747 -4.21056
0.75 -4.20655
0.753 -4.20257
0.756 -4.1986
0.759 -4.19466
0.762 -4.19073
0.765 -4.18683
0.768 -4.18294
0.771 -4.17908
0.774 -4.17524
0.777 -4.17141
0.78 -4.16761
0.783 -4.16383
0.786 -4.16007
0.789 -4.15633
0.792 -4.15261
0.795 -4.14891
0.798 -4.14523
0.801 -4.14157
0.804 -4.13794
0.807 -4.13432
0.81 -4.13072
0.813 -4.12715
0.816 -4.12359
0.819 -4.12006
0.822 -4.11654
0.825 -4.11305
0.828 -4.10957
0.831 -4.10612
0.834 -4.10269
0.837 -4.09927
0.84 -4.09588
0.843 -4.09251
0.846 -4.08915
0.849 -4.08582
0.852 -4.08251
0.855 -4.07922
0.858 -4.07594
0.861 -4.07269
0.864 -4.06946
0.867 -4.06625
0.87 -4.06305
0.873 -4.05988
0.876 -4.05673
0.879 -4.05359
0.882 -4.05048
0.885 -4.04739
0.888 -4.04431
0.891 -4.04126
0.894 -4.03822
0.897 -4.0352
0.9 -4.0322
0.903 -4.02923
0.906 -4.02627
0.909 -4.02333
0.912 -4.0204
0.915 -4.0175
0.918 -4.01462
0.921 -4.01175
0.924 -4.00891
0.927 -4.00608
0.93 -4.00327
0.933 -4.00048
0.936 -3.99771
0.939 -3.99495
0.942 -3.99222
0.945 -3.9895
0.948 -3.9868
0.951 -3.98412
0.954 -3.98146
0.957 -3.97881
0.96 -3.97618
0.963 -3.97357
0.966 -3.97098
0.969 -3.9684
0.972 -3.96584
0.975 -3.9633
0.978 -3.96078
0.981 -3.95827
0.984 -3.95578
0.987 -3.95331
0.99 -3.95086
0.993 -3.94842
0.996 -3.946
0.999 -3.94359
1.002 -3.9412
1.005 -3.93883
1.008 -3.93647
1.011 -3.93413
1.014 -3.93181
1.017 -3.9295
1.02 -3.92721
1.023 -3.92493
1.026 -3.92267
1.029 -3.92042
1.032 -3.91819
1.035 -3.91598
1.038 -3.91378
1.041 -3.9116
1.044 -3.90943
1.047 -3.90728
1.05 -3.90514
1.053 -3.90301
1.056 -3.9009
1.059 -3.89881
1.062 -3.89673
1.065 -3.89466
1.068 -3.89261
1.071 -3.89058
1.074 -3.88855
1.077 -3.88654
1.08 -3.88455
1.083 -3.88257
1.086 -3.8806
1.089 -3.87864
1.092 -3.8767
1.095 -3.87478
1.098 -3.87286
1.101 -3.87096
1.104 -3.86907
1.107 -3.8672
1.11 -3.86534
1.113 -3.86349
1.116 -3.86165
1.119 -3.85983
1.122 -3.85802
1.125 -3.85622
1.128 -3.85443
1.131 -3.85265
1.134 -3.85089
1.137 -3.84914
1.14 -3.8474
1.143 -3.84567
1.146 -3.84396
1.149 -3.84225
1.152 -3.84056
1.155 -3.83888
1.158 -3.83721
1.161 -3.83555
1.164 -3.8339
1.167 -3.83226
1.17 -3.83064
1.173 -3.82902
1.176 -3.82742
1.179 -3.82582
1.182 -3.82424
1.185 -3.82266
1.188 -3.8211
1.191 -3.81954
1.194 -3.818
1.197 -3.81647
1.2 -3.81494
1.203 -3.81343
1.206 -3.81192
1.209 -3.81043
1.212 -3.80894
1.215 -3.80747
1.218 -3.806
1.221 -3.80454
1.224 -3.80309
1.227 -3.80165
1.23 -3.80022
1.233 -3.79879
1.236 -3.79738
1.239 -3.79597
1.242 -3.79458
1.245 -3.79319
1.248 -3.79181
1.251 -3.79043
1.254 -3.78907
1.257 -3.78771
1.26 -3.78636
1.263 -3.78502
1.266 -3.78369
1.269 -3.78236
1.272 -3.78104
1.275 -3.77973
1.278 -3.77843
1.281 -3.77713
1.284 -3.77584
1.287 -3.77455
1.29 -3.77328
1.293 -3.77201
1.296 -3.77075
1.299 -3.76949
1.302 -3.76824
1.305 -3.767
1.308 -3.76576
1.311 -3.76453
1.314 -3.76331
1.317 -3.76209
1.32 -3.76088
1.323 -3.75967
1.326 -3.75847
1.329 -3.75727
1.332 -3.75608
1.335 -3.7549
1.338 -3.75372
1.341 -3.75255
1.344 -3.75138
1.347 -3.75022
1.35 -3.74906
1.353 -3.74791
1.356 -3.74676
1.359 -3.74562
1.362 -3.74448
1.365 -3.74334
1.368 -3.74222
1.371 -3.74109
1.374 -3.73997
1.377 -3.73885
1.38 -3.73774
1.383 -3.73664
1.386 -3.73553
1.389 -3.73443
1.392 -3.73334
1.395 -3.73224
1.398 -3.73116
1.401 -3.73007
1.404 -3.72899
1.407 -3.72791
1.41 -3.72684
1.413 -3.72577
1.416 -3.7247
1.419 -3.72363
1.422 -3.72257
1.425 -3.72151
1.428 -3.72046
1.431 -3.7194
1.434 -3.71835
1.437 -3.71731
1.44 -3.71626
1.443 -3.71522
1.446 -3.71418
1.449 -3.71314
1.452 -3.7121
1.455 -3.71107
1.458 -3.71004
1.461 -3.70901
1.464 -3.70798
1.467 -3.70696
1.47 -3.70593
1.473 -3.70491
1.476 -3.70389
1.479 -3.70287
1.482 -3.70185
1.485 -3.70083
1.488 -3.69982
1.491 -3.69881
1.494 -3.69779
1.497 -3.69678
1.5 -3.69577
1.503 -3.69476
1.506 -3.69375
1.509 -3.69274
1.512 -3.69174
1.515 -3.69073
1.518 -3.68972
1.521 -3.68872
1.524 -3.68771
1.527 -3.68671
1.53 -3.6857
1.533 -3.6847
1.536 -3.68369
1.539 -3.68269
1.542 -3.68169
1.545 -3.68068
1.548 -3.67968
1.551 -3.67867
1.554 -3.67767
1.557 -3.67666
1.56 -3.67566
1.563 -3.67465
1.566 -3.67364
1.569 -3.67264
1.572 -3.67163
1.575 -3.67062
1.578 -3.66961
1.581 -3.6686
1.584 -3.66759
1.587 -3.66658
1.59 -3.66556
1.593 -3.66455
1.596 -3.66353
1.599 -3.66252
1.602 -3.6615
1.605 -3.66048
1.608 -3.65946
1.611 -3.65843
1.614 -3.65741
1.617 -3.65639
1.62 -3.65536
1.623 -3.65433
1.626 -3.6533
1.629 -3.65227
1.632 -3.65123
1.635 -3.6502
1.638 -3.64916
1.641 -3.64812
1.644 -3.64708
1.647 -3.64603
1.65 -3.64499
1.653 -3.64394
1.656 -3.64289
1.659 -3.64183
1.662 -3.64078
1.665 -3.63972
1.668 -3.63866
1.671 -3.6376
1.674 -3.63653
1.677 -3.63547
1.68 -3.6344
1.683 -3.63332
1.686 -3.63225
1.689 -3.63117
1.692 -3.63009
1.695 -3.629
1.698 -3.62792
1.701 -3.62683
1.704 -3.62574
1.707 -3.62464
1.71 -3.62354
1.713 -3.62244
1.716 -3.62134
1.719 -3.62023
1.722 -3.61912
1.725 -3.61801
1.728 -3.61689
1.731 -3.61577
1.734 -3.61465
1.737 -3.61352
1.74 -3.61239
1.743 -3.61126
1.746 -3.61013
1.749 -3.60899
1.752 -3.60784
1.755 -3.6067
1.758 -3.60555
1.761 -3.6044
1.764 -3.60324
1.767 -3.60208
1.77 -3.60092
1.773 -3.59976
1.776 -3.59859
1.779 -3.59741
1.782 -3.59624
1.785 -3.59506
1.788 -3.59388
1.791 -3.59269
1.794 -3.5915
1.797 -3.59031
1.8 -3.58911
1.803 -3.58791
1.806 -3.58671
1.809 -3.58551
1.812 -3.5843
1.815 -3.58308
1.818 -3.58187
1.821 -3.58065
1.824 -3.57942
1.827 -3.5782
1.83 -3.57697
1.833 -3.57574
1.836 -3.5745
1.839 -3.57326
1.842 -3.57202
1.845 -3.57077
1.848 -3.56952
1.851 -3.56827
1.854 -3.56702
1.857 -3.56576
1.86 -3.5645
1.863 -3.56323
1.866 -3.56196
1.869 -3.56069
1.872 -3.55942
1.875 -3.55814
1.878 -3.55687
1.881 -3.55558
1.884 -3.5543
1.887 -3.55301
1.89 -3.55172
1.893 -3.55043
1.896 -3.54913
1.899 -3.54783
1.902 -3.54653
1.905 -3.54523
1.908 -3.54392
1.911 -3.54261
1.914 -3.5413
1.917 -3.53999
1.92 -3.53867
1.923 -3.53735
1.926 -3.53603
1.929 -3.53471
1.932 -3.53339
1.935 -3.53206
1.938 -3.53073
1.941 -3.5294
1.944 -3.52807
1.947 -3.52674
1.95 -3.5254
1.953 -3.52406
1.956 -3.52273
1.959 -3.52138
1.962 -3.52004
1.965 -3.5187
1.968 -3.51735
1.971 -3.51601
1.974 -3.51466
1.977 -3.51331
1.98 -3.51196
1.983 -3.51061
1.986 -3.50926
1.989 -3.50791
1.992 -3.50655
1.995 -3.5052
1.998 -3.50384
2.001 -3.50249
2.004 -3.50113
2.007 -3.49978
2.01 -3.49842
2.013 -3.49706
2.016 -3.4957
2.019 -3.49434
2.022 -3.49299
2.025 -3.49163
2.028 -3.49027
2.031 -3.48891
2.034 -3.48755
2.037 -3.4862
2.04 -3.48484
2.043 -3.48348
2.046 -3.48212
2.049 -3.48077
2.052 -3.47941
2.055 -3.47806
2.058 -3.4767
2.061 -3.47535
2.064 -3.474
2.067 -3.47265
2.07 -3.4713
2.073 -3.46995
2.076 -3.4686
2.079 -3.46725
2.082 -3.46591
2.085 -3.46456
2.088 -3.46322
2.091 -3.46188
2.094 -3.46054
2.097 -3.4592
2.1 -3.45786
2.103 -3.45653
2.106 -3.4552
2.109 -3.45387
2.112 -3.45254
2.115 -3.45121
2.118 -3.44989
2.121 -3.44857
2.124 -3.44725
2.127 -3.44593
2.13 -3.44462
2.133 -3.4433
2.136 -3.44199
2.139 -3.44069
2.142 -3.43938
2.145 -3.43808
2.148 -3.43678
2.151 -3.43549
2.154 -3.43419
2.157 -3.43291
2.16 -3.43162
2.163 -3.43034
2.166 -3.42906
2.169 -3.42778
2.172 -3.42651
2.175 -3.42524
2.178 -3.42397
2.181 -3.42271
2.184 -3.42145
2.187 -3.42019
2.19 -3.41894
2.193 -3.41769
2.196 -3.41645
2.199 -3.41521
2.202 -3.41397
2.205 -3.41274
2.208 -3.41151
2.211 -3.41028
2.214 -3.40906
2.217 -3.40785
2.22 -3.40664
2.223 -3.40543
2.226 -3.40423
2.229 -3.40303
2.232 -3.40183
2.235 -3.40064
2.238 -3.39946
2.241 -3.39828
2.244 -3.3971
2.247 -3.39593
2.25 -3.39476
2.253 -3.3936
2.256 -3.39244
2.259 -3.39129
2.262 -3.39014
2.265 -3.389
2.268 -3.38786
2.271 -3.38673
2.274 -3.38561
2.277 -3.38448
2.28 -3.38337
2.283 -3.38225
2.286 -3.38115
2.289 -3.38005
2.292 -3.37895
2.295 -3.37786
2.298 -3.37678
2.301 -3.3757
2.304 -3.37462
2.307 -3.37355
2.31 -3.37249
2.313 -3.37143
2.316 -3.37038
2.319 -3.36933
2.322 -3.36829
2.325 -3.36726
2.328 -3.36623
2.331 -3.3652
2.334 -3.36419
2.337 -3.36317
2.34 -3.36217
2.343 -3.36117
2.346 -3.36017
2.349 -3.35918
2.352 -3.3582
2.355 -3.35723
2.358 -3.35626
2.361 -3.35529
2.364 -3.35433
2.367 -3.35338
2.37 -3.35243
2.373 -3.35149
2.376 -3.35056
2.379 -3.34963
2.382 -3.34871
2.385 -3.3478
2.388 -3.34689
2.391 -3.34598
2.394 -3.34509
2.397 -3.3442
2.4 -3.34331
2.403 -3.34244
2.406 -3.34157
2.409 -3.3407
2.412 -3.33984
2.415 -3.33899
2.418 -3.33815
2.421 -3.33731
2.424 -3.33647
2.427 -3.33565
2.43 -3.33483
2.433 -3.33402
2.436 -3.33321
2.439 -3.33241
2.442 -3.33162
2.445 -3.33083
2.448 -3.33005
2.451 -3.32927
2.454 -3.32851
2.457 -3.32775
2.46 -3.32699
2.463 -3.32624
2.466 -3.3255
2.469 -3.32477
2.472 -3.32404
2.475 -3.32332
2.478 -3.32261
2.481 -3.3219
2.484 -3.3212
2.487 -3.3205
2.49 -3.31982
2.493 -3.31913
2.496 -3.31846
2.499 -3.31779
2.502 -3.31713
2.505 -3.31647
2.508 -3.31583
2.511 -3.31519
2.514 -3.31455
2.517 -3.31392
2.52 -3.3133
2.523 -3.31268
2.526 -3.31208
2.529 -3.31147
2.532 -3.31088
2.535 -3.31029
2.538 -3.30971
2.541 -3.30913
2.544 -3.30856
2.547 -3.308
2.55 -3.30744
2.553 -3.30689
2.556 -3.30635
2.559 -3.30581
2.562 -3.30528
2.565 -3.30476
2.568 -3.30424
2.571 -3.30373
2.574 -3.30323
2.577 -3.30273
2.58 -3.30224
2.583 -3.30175
2.586 -3.30127
2.589 -3.3008
2.592 -3.30033
2.595 -3.29987
2.598 -3.29942
2.601 -3.29897
2.604 -3.29853
2.607 -3.29809
2.61 -3.29766
2.613 -3.29724
2.616 -3.29682
2.619 -3.29641
2.622 -3.296
2.625 -3.2956
2.628 -3.29521
2.631 -3.29482
2.634 -3.29444
2.637 -3.29407
2.64 -3.2937
2.643 -3.29333
2.646 -3.29298
2.649 -3.29262
2.652 -3.29228
2.655 -3.29194
2.658 -3.2916
2.661 -3.29127
2.664 -3.29095
2.667 -3.29063
2.67 -3.29032
2.673 -3.29001
2.676 -3.28971
2.679 -3.28942
2.682 -3.28912
2.685 -3.28884
2.688 -3.28856
2.691 -3.28829
2.694 -3.28802
2.697 -3.28775
2.7 -3.28749
2.703 -3.28724
2.706 -3.28699
2.709 -3.28675
2.712 -3.28651
2.715 -3.28628
2.718 -3.28605
2.721 -3.28583
2.724 -3.28561
2.727 -3.2854
2.73 -3.28519
2.733 -3.28499
2.736 -3.28479
2.739 -3.28459
2.742 -3.28441
2.745 -3.28422
2.748 -3.28404
2.751 -3.28387
2.754 -3.2837
2.757 -3.28353
2.76 -3.28337
2.763 -3.28321
2.766 -3.28306
2.769 -3.28291
2.772 -3.28277
2.775 -3.28263
2.778 -3.28249
2.781 -3.28236
2.784 -3.28224
2.787 -3.28211
2.79 -3.282
2.793 -3.28188
2.796 -3.28177
2.799 -3.28166
2.802 -3.28156
2.805 -3.28146
2.808 -3.28137
2.811 -3.28128
2.814 -3.28119
2.817 -3.28111
2.82 -3.28103
2.823 -3.28095
2.826 -3.28088
2.829 -3.28081
2.832 -3.28075
2.835 -3.28069
2.838 -3.28063
2.841 -3.28058
2.844 -3.28052
2.847 -3.28048
2.85 -3.28043
2.853 -3.28039
2.856 -3.28036
2.859 -3.28032
2.862 -3.28029
2.865 -3.28026
2.868 -3.28024
2.871 -3.28022
2.874 -3.2802
2.877 -3.28018
2.88 -3.28017
2.883 -3.28016
2.886 -3.28016
2.889 -3.28015
2.892 -3.28015
2.895 -3.28015
2.898 -3.28016
2.901 -3.28017
2.904 -3.28018
2.907 -3.28019
2.91 -3.28021
2.913 -3.28022
2.916 -3.28025
2.919 -3.28027
2.922 -3.2803
2.925 -3.28032
2.928 -3.28036
2.931 -3.28039
2.934 -3.28042
2.937 -3.28046
2.94 -3.2805
2.943 -3.28055
2.946 -3.28059
2.949 -3.28064
2.952 -3.28069
2.955 -3.28074
2.958 -3.2808
2.961 -3.28085
2.964 -3.28091
2.967 -3.28097
2.97 -3.28103
2.973 -3.2811
2.976 -3.28116
2.979 -3.28123
2.982 -3.2813
2.985 -3.28138
2.988 -3.28145
2.991 -3.28153
2.994 -3.2816
2.997 -3.28168
3 -3.28176
3.001 -10
