0 5
0.003 3.5458
0.006 3.54519
0.009 3.54458
0.012 3.54397
0.015 3.54336
0.018 3.54274
0.021 3.54213
0.024 3.5415
0.027 3.54088
0.03 3.54025
0.033 3.53962
0.036 3.53899
0.039 3.53835
0.042 3.53771
0.045 3.53707
0.048 3.53642
0.051 3.53578
0.054 3.53513
0.057 3.53447
0.06 3.53382
0.063 3.53316
0.066 3.5325
0.069 3.53183
0.072 3.53117
0.075 3.5305
0.078 3.52982
0.081 3.52915
0.084 3.52847
0.087 3.52779
0.09 3.52711
0.093 3.52642
0.096 3.52573
0.099 3.52504
0.102 3.52435
0.105 3.52365
0.108 3.52295
0.111 3.52225
0.114 3.52154
0.117 3.52084
0.12 3.52013
0.123 3.51941
0.126 3.5187
0.129 3.51798
0.132 3.51726
0.135 3.51654
0.138 3.51581
0.141 3.51509
0.144 3.51436
0.147 3.51363
0.15 3.51289
0.153 3.51215
0.156 3.51141
0.159 3.51067
0.162 3.50993
0.165 3.50918
0.168 3.50843
0.171 3.50768
0.174 3.50692
0.177 3.50617
0.18 3.50541
0.183 3.50465
0.186 3.50388
0.189 3.50312
0.192 3.50235
0.195 3.50158
0.198 3.50081
0.201 3.50003
0.204 3.49925
0.207 3.49847
0.21 3.49769
0.213 3.49691
0.216 3.49612
0.219 3.49533
0.222 3.49454
0.225 3.49375
0.228 3.49296
0.231 3.49216
0.234 3.49136
0.237 3.49056
0.24 3.48976
0.243 3.48895
0.246 3.48814
0.249 3.48733
0.252 3.48652
0.255 3.48571
0.258 3.48489
0.261 3.48408
0.264 3.48326
0.267 3.48244
0.27 3.48161
0.273 3.48079
0.276 3.47996
0.279 3.47913
0.282 3.4783
0.285 3.47747
0.288 3.47663
0.291 3.47579
0.294 3.47495
0.297 3.47411
0.3 3.47327
0.303 3.47243
0.306 3.47158
0.309 3.47073
0.312 3.46988
0.315 3.46903
0.318 3.46818
0.321 3.46732
0.324 3.46646
0.327 3.4656
0.33 3.46474
0.333 3.46388
0.336 3.46302
0.339 3.46215
0.342 3.46128
0.345 3.46041
0.348 3.45954
0.351 3.45867
0.354 3.45779
0.357 3.45692
0.36 3.45604
0.363 3.45516
0.366 3.45428
0.369 3.4534
0.372 3.45251
0.375 3.45162
0.378 3.45074
0.381 3.44985
0.384 3.44896
0.387 3.44806
0.39 3.44717
0.393 3.44627
0.396 3.44538
0.399 3.44448
0.402 3.44358
0.405 3.44268
0.408 3.44177
0.411 3.44087
0.414 3.43996
0.417 3.43905
0.42 3.43814
0.423 3.43723
0.426 3.43632
0.429 3.43541
0.432 3.43449
0.435 3.43357
0.438 3.43265
0.441 3.43173
0.444 3.43081
0.447 3.42989
0.45 3.42897
0.453 3.42804
0.456 3.42712
0.459 3.42619
0.462 3.42526
0.465 3.42433
0.468 3.42339
0.471 3.42246
0.474 3.42153
0.477 3.42059
0.48 3.41965
0.483 3.41871
0.486 3.41777
0.489 3.41683
0.492 3.41589
0.495 3.41495
0.498 3.414
0.501 3.41306
0.504 3.41211
0.507 3.41116
0.51 3.41021
0.513 3.40926
0.516 3.40831
0.519 3.40735
0.522 3.4064
0.525 3.40544
0.528 3.40449
0.531 3.40353
0.534 3.40257
0.537 3.40161
0.54 3.40065
0.543 3.39969
0.546 3.39872
0.549 3.39776
0.552 3.39679
0.555 3.39583
0.558 3.39486
0.561 3.39389
0.564 3.39292
0.567 3.39195
0.57 3.39098
0.573 3.39001
0.576 3.38904
0.579 3.38807
0.582 3.38709
0.585 3.38612
0.588 3.38514
0.591 3.38416
0.594 3.38319
0.597 3.38221
0.6 3.38123
0.603 3.38025
0.606 3.37927
0.609 3.37829
0.612 3.37731
0.615 3.37632
0.618 3.37534
0.621 3.37436
0.624 3.37337
0.627 3.37239
0.63 3.3714
0.633 3.37042
0.636 3.36943
0.639 3.36845
0.642 3.36746
0.645 3.36647
0.648 3.36548
0.651 3.36449
0.654 3.36351
0.657 3.36252
0.66 3.36153
0.663 3.36054
0.666 3.35955
0.669 3.35856
0.672 3.35757
0.675 3.35658
0.678 3.35559
0.681 3.3546
0.684 3.35361
0.687 3.35261
0.69 3.35162
0.693 3.35063
0.696 3.34964
0.699 3.34865
0.702 3.34766
0.705 3.34667
0.708 3.34568
0.711 3.34469
0.714 3.3437
0.717 3.34271
0.72 3.34172
0.723 3.34073
0.726 3.33974
0.729 3.33875
0.732 3.33776
0.735 3.33677
0.738 3.33578
0.741 3.33479
0.744 3.33381
0.747 3.33282
0.75 3.33183
0.753 3.33085
0.756 3.32986
0.759 3.32888
0.762 3.32789
0.765 3.32691
0.768 3.32593
0.771 3.32494
0.774 3.32396
0.777 3.32298
0.78 3.322
0.783 3.32102
0.786 3.32004
0.789 3.31907
0.792 3.31809
0.795 3.31711
0.798 3.31614
0.801 3.31516
0.804 3.31419
0.807 3.31322
0.81 3.31225
0.813 3.31128
0.816 3.31031
0.819 3.30934
0.822 3.30838
0.825 3.30741
0.828 3.30645
0.831 3.30549
0.834 3.30452
0.837 3.30356
0.84 3.30261
0.843 3.30165
0.846 3.30069
0.849 3.29974
0.852 3.29878
0.855 3.29783
0.858 3.29688
0.861 3.29593
0.864 3.29499
0.867 3.29404
0.87 3.2931
0.873 3.29215
0.876 3.29121
0.879 3.29027
0.882 3.28933
0.885 3.2884
0.888 3.28746
0.891 3.28653
0.894 3.2856
0.897 3.28467
0.9 3.28374
0.903 3.28282
0.906 3.2819
0.909 3.28097
0.912 3.28005
0.915 3.27914
0.918 3.27822
0.921 3.2773
0.924 3.27639
0.927 3.27548
0.93 3.27457
0.933 3.27367
0.936 3.27276
0.939 3.27186
0.942 3.27096
0.945 3.27006
0.948 3.26917
0.951 3.26827
0.954 3.26738
0.957 3.26649
0.96 3.2656
0.963 3.26472
0.966 3.26383
0.969 3.26295
0.972 3.26207
0.975 3.2612
0.978 3.26032
0.981 3.25945
0.984 3.25858
0.987 3.25771
0.99 3.25685
0.993 3.25598
0.996 3.25512
0.999 3.25426
1.002 3.25341
1.005 3.25255
1.008 3.2517
1.011 3.25085
1.014 3.25
1.017 3.24916
1.02 3.24832
1.023 3.24748
1.026 3.24664
1.029 3.2458
1.032 3.24497
1.035 3.24414
1.038 3.24331
1.041 3.24248
1.044 3.24166
1.047 3.24084
1.05 3.24002
1.053 3.2392
1.056 3.23839
1.059 3.23757
1.062 3.23676
1.065 3.23596
1.068 3.23515
1.071 3.23435
1.074 3.23355
1.077 3.23275
1.08 3.23195
1.083 3.23116
1.086 3.23037
1.089 3.22958
1.092 3.22879
1.095 3.22801
1.098 3.22723
1.101 3.22645
1.104 3.22567
1.107 3.2249
1.11 3.22412
1.113 3.22335
1.116 3.22258
1.119 3.22182
1.122 3.22106
1.125 3.22029
1.128 3.21953
1.131 3.21878
1.134 3.21802
1.137 3.21727
1.14 3.21652
1.143 3.21577
1.146 3.21503
1.149 3.21428
1.152 3.21354
1.155 3.2128
1.158 3.21207
1.161 3.21133
1.164 3.2106
1.167 3.20987
1.17 3.20914
1.173 3.20841
1.176 3.20769
1.179 3.20696
1.182 3.20624
1.185 3.20553
1.188 3.20481
1.191 3.20409
1.194 3.20338
1.197 3.20267
1.2 3.20196
1.203 3.20126
1.206 3.20055
1.209 3.19985
1.212 3.19915
1.215 3.19845
1.218 3.19775
1.221 3.19706
1.224 3.19636
1.227 3.19567
1.23 3.19498
1.233 3.19429
1.236 3.1936
1.239 3.19292
1.242 3.19224
1.245 3.19155
1.248 3.19087
1.251 3.19019
1.254 3.18952
1.257 3.18884
1.26 3.18817
1.263 3.1875
1.266 3.18683
1.269 3.18616
1.272 3.18549
1.275 3.18482
1.278 3.18416
1.281 3.18349
1.284 3.18283
1.287 3.18217
1.29 3.18151
1.293 3.18085
1.296 3.1802
1.299 3.17954
1.302 3.17889
1.305 3.17823
1.308 3.17758
1.311 3.17693
1.314 3.17628
1.317 3.17563
1.32 3.17498
1.323 3.17434
1.326 3.17369
1.329 3.17305
1.332 3.1724
1.335 3.17176
1.338 3.17112
1.341 3.17048
1.344 3.16984
1.347 3.1692
1.35 3.16856
1.353 3.16792
1.356 3.16729
1.359 3.16665
1.362 3.16601
1.365 3.16538
1.368 3.16474
1.371 3.16411
1.374 3.16348
1.377 3.16285
1.38 3.16221
1.383 3.16158
1.386 3.16095
1.389 3.16032
1.392 3.15969
1.395 3.15906
1.398 3.15843
1.401 3.1578
1.404 3.15717
1.407 3.15654
1.41 3.15591
1.413 3.15529
1.416 3.15466
1.419 3.15403
1.422 3.1534
1.425 3.15277
1.428 3.15214
1.431 3.15152
1.434 3.15089
1.437 3.15026
1.44 3.14963
1.443 3.149
1.446 3.14837
1.449 3.14774
1.452 3.14711
1.455 3.14649
1.458 3.14586
1.461 3.14522
1.464 3.14459
1.467 3.14396
1.47 3.14333
1.473 3.1427
1.476 3.14207
1.479 3.14143
1.482 3.1408
1.485 3.14017
1.488 3.13953
1.491 3.13889
1.494 3.13826
1.497 3.13762
1.5 3.13698
1.503 3.13634
1.506 3.1357
1.509 3.13506
1.512 3.13442
1.515 3.13378
1.518 3.13313
1.521 3.13249
1.524 3.13184
1.527 3.1312
1.53 3.13055
1.533 3.1299
1.536 3.12925
1.539 3.12859
1.542 3.12794
1.545 3.12729
1.548 3.12663
1.551 3.12597
1.554 3.12531
1.557 3.12465
1.56 3.12399
1.563 3.12333
1.566 3.12266
1.569 3.12199
1.572 3.12133
1.575 3.12065
1.578 3.11998
1.581 3.11931
1.584 3.11863
1.587 3.11795
1.59 3.11727
1.593 3.11659
1.596 3.11591
1.599 3.11522
1.602 3.11453
1.605 3.11384
1.608 3.11315
1.611 3.11246
1.614 3.11176
1.617 3.11106
1.62 3.11036
1.623 3.10966
1.626 3.10895
1.629 3.10824
1.632 3.10753
1.635 3.10682
1.638 3.1061
1.641 3.10538
1.644 3.10466
1.647 3.10394
1.65 3.10321
1.653 3.10248
1.656 3.10175
1.659 3.10102
1.662 3.10028
1.665 3.09954
1.668 3.0988
1.671 3.09805
1.674 3.0973
1.677 3.09655
1.68 3.09579
1.683 3.09503
1.686 3.09427
1.689 3.09351
1.692 3.09274
1.695 3.09197
1.698 3.0912
1.701 3.09042
1.704 3.08964
1.707 3.08885
1.71 3.08806
1.713 3.08727
1.716 3.08648
1.719 3.08568
1.722 3.08488
1.725 3.08407
1.728 3.08327
1.731 3.08245
1.734 3.08164
1.737 3.08082
1.74 3.07999
1.743 3.07917
1.746 3.07834
1.749 3.0775
1.752 3.07666
1.755 3.07582
1.758 3.07497
1.761 3.07412
1.764 3.07327
1.767 3.07241
1.77 3.07155
1.773 3.07068
1.776 3.06981
1.779 3.06894
1.782 3.06806
1.785 3.06718
1.788 3.06629
1.791 3.0654
1.794 3.06451
1.797 3.06361
1.8 3.0627
1.803 3.0618
1.806 3.06088
1.809 3.05997
1.812 3.05905
1.815 3.05812
1.818 3.05719
1.821 3.05626
1.824 3.05532
1.827 3.05438
1.83 3.05343
1.833 3.05248
1.836 3.05153
1.839 3.05057
1.842 3.0496
1.845 3.04863
1.848 3.04766
1.851 3.04668
1.854 3.0457
1.857 3.04471
1.86 3.04372
1.863 3.04273
1.866 3.04173
1.869 3.04072
1.872 3.03971
1.875 3.0387
1.878 3.03768
1.881 3.03666
1.884 3.03563
1.887 3.0346
1.89 3.03356
1.893 3.03252
1.896 3.03147
1.899 3.03042
1.902 3.02937
1.905 3.02831
1.908 3.02724
1.911 3.02617
1.914 3.0251
1.917 3.02402
1.92 3.02294
1.923 3.02186
1.926 3.02076
1.929 3.01967
1.932 3.01857
1.935 3.01746
1.938 3.01636
1.941 3.01524
1.944 3.01412
1.947 3.013
1.95 3.01188
1.953 3.01074
1.956 3.00961
1.959 3.00847
1.962 3.00733
1.965 3.00618
1.968 3.00503
1.971 3.00387
1.974 3.00271
1.977 3.00154
1.98 3.00038
1.983 2.9992
1.986 2.99803
1.989 2.99684
1.992 2.99566
1.995 2.99447
1.998 2.99328
2.001 2.99208
2.004 2.99088
2.007 2.98967
2.01 2.98847
2.013 2.98725
2.016 2.98604
2.019 2.98482
2.022 2.98359
2.025 2.98237
2.028 2.98114
2.031 2.9799
2.034 2.97866
2.037 2.97742
2.04 2.97618
2.043 2.97493
2.046 2.97368
2.049 2.97243
2.052 2.97117
2.055 2.96991
2.058 2.96864
2.061 2.96738
2.064 2.96611
2.067 2.96483
2.07 2.96356
2.073 2.96228
2.076 2.961
2.079 2.95972
2.082 2.95843
2.085 2.95714
2.088 2.95585
2.091 2.95455
2.094 2.95326
2.097 2.95196
2.1 2.95066
2.103 2.94935
2.106 2.94805
2.109 2.94674
2.112 2.94543
2.115 2.94411
2.118 2.9428
2.121 2.94148
2.124 2.94017
2.127 2.93885
2.13 2.93753
2.133 2.9362
2.136 2.93488
2.139 2.93355
2.142 2.93222
2.145 2.9309
2.148 2.92957
2.151 2.92823
2.154 2.9269
2.157 2.92557
2.16 2.92423
2.163 2.9229
2.166 2.92156
2.169 2.92022
2.172 2.91889
2.175 2.91755
2.178 2.91621
2.181 2.91487
2.184 2.91353
2.187 2.91219
2.19 2.91085
2.193 2.9095
2.196 2.90816
2.199 2.90682
2.202 2.90548
2.205 2.90414
2.208 2.9028
2.211 2.90146
2.214 2.90011
2.217 2.89877
2.22 2.89743
2.223 2.89609
2.226 2.89476
2.229 2.89342
2.232 2.89208
2.235 2.89074
2.238 2.88941
2.241 2.88807
2.244 2.88674
2.247 2.8854
2.25 2.88407
2.253 2.88274
2.256 2.88141
2.259 2.88008
2.262 2.87875
2.265 2.87743
2.268 2.87611
2.271 2.87478
2.274 2.87346
2.277 2.87214
2.28 2.87083
2.283 2.86951
2.286 2.8682
2.289 2.86689
2.292 2.86558
2.295 2.86427
2.298 2.86297
2.301 2.86166
2.304 2.86036
2.307 2.85907
2.31 2.85777
2.313 2.85648
2.316 2.85519
2.319 2.8539
2.322 2.85262
2.325 2.85134
2.328 2.85006
2.331 2.84878
2.334 2.84751
2.337 2.84624
2.34 2.84497
2.343 2.84371
2.346 2.84245
2.349 2.84119
2.352 2.83994
2.355 2.83869
2.358 2.83744
2.361 2.8362
2.364 2.83496
2.367 2.83373
2.37 2.83249
2.373 2.83127
2.376 2.83004
2.379 2.82882
2.382 2.8276
2.385 2.82639
2.388 2.82518
2.391 2.82398
2.394 2.82278
2.397 2.82158
2.4 2.82039
2.403 2.8192
2.406 2.81802
2.409 2.81684
2.412 2.81566
2.415 2.81449
2.418 2.81333
2.421 2.81217
2.424 2.81101
2.427 2.80986
2.43 2.80871
2.433 2.80757
2.436 2.80643
2.439 2.80529
2.442 2.80416
2.445 2.80304
2.448 2.80192
2.451 2.80081
2.454 2.7997
2.457 2.79859
2.46 2.79749
2.463 2.7964
2.466 2.79531
2.469 2.79422
2.472 2.79315
2.475 2.79207
2.478 2.791
2.481 2.78994
2.484 2.78888
2.487 2.78783
2.49 2.78678
2.493 2.78573
2.496 2.7847
2.499 2.78366
2.502 2.78264
2.505 2.78162
2.508 2.7806
2.511 2.77959
2.514 2.77858
2.517 2.77758
2.52 2.77659
2.523 2.7756
2.526 2.77461
2.529 2.77363
2.532 2.77266
2.535 2.77169
2.538 2.77073
2.541 2.76978
2.544 2.76882
2.547 2.76788
2.55 2.76694
2.553 2.766
2.556 2.76507
2.559 2.76415
2.562 2.76323
2.565 2.76232
2.568 2.76141
2.571 2.76051
2.574 2.75962
2.577 2.75872
2.58 2.75784
2.583 2.75696
2.586 2.75609
2.589 2.75522
2.592 2.75435
2.595 2.7535
2.598 2.75265
2.601 2.7518
2.604 2.75096
2.607 2.75012
2.61 2.74929
2.613 2.74847
2.616 2.74765
2.619 2.74684
2.622 2.74603
2.625 2.74523
2.628 2.74443
2.631 2.74364
2.634 2.74285
2.637 2.74207
2.64 2.74129
2.643 2.74052
2.646 2.73976
2.649 2.739
2.652 2.73825
2.655 2.7375
2.658 2.73675
2.661 2.73601
2.664 2.73528
2.667 2.73455
2.67 2.73383
2.673 2.73311
2.676 2.7324
2.679 2.73169
2.682 2.73099
2.685 2.7303
2.688 2.7296
2.691 2.72892
2.694 2.72824
2.697 2.72756
2.7 2.72689
2.703 2.72622
2.706 2.72556
2.709 2.7249
2.712 2.72425
2.715 2.72361
2.718 2.72296
2.721 2.72233
2.724 2.72169
2.727 2.72107
2.73 2.72045
2.733 2.71983
2.736 2.71921
2.739 2.71861
2.742 2.718
2.745 2.7174
2.748 2.71681
2.751 2.71622
2.754 2.71564
2.757 2.71506
2.76 2.71448
2.763 2.71391
2.766 2.71334
2.769 2.71278
2.772 2.71222
2.775 2.71167
2.778 2.71112
2.781 2.71058
2.784 2.71004
2.787 2.7095
2.79 2.70897
2.793 2.70844
2.796 2.70792
2.799 2.7074
2.802 2.70689
2.805 2.70638
2.808 2.70587
2.811 2.70537
2.814 2.70487
2.817 2.70438
2.82 2.70389
2.823 2.7034
2.826 2.70292
2.829 2.70244
2.832 2.70197
2.835 2.7015
2.838 2.70103
2.841 2.70057
2.844 2.70011
2.847 2.69965
2.85 2.6992
2.853 2.69876
2.856 2.69831
2.859 2.69787
2.862 2.69744
2.865 2.697
2.868 2.69657
2.871 2.69615
2.874 2.69573
2.877 2.69531
2.88 2.69489
2.883 2.69448
2.886 2.69407
2.889 2.69367
2.892 2.69327
2.895 2.69287
2.898 2.69248
2.901 2.69209
2.904 2.6917
2.907 2.69131
2.91 2.69093
2.913 2.69055
2.916 2.69018
2.919 2.68981
2.922 2.68944
2.925 2.68907
2.928 2.68871
2.931 2.68835
2.934 2.688
2.937 2.68764
2.94 2.68729
2.943 2.68695
2.946 2.6866
2.949 2.68626
2.952 2.68592
2.955 2.68559
2.958 2.68525
2.961 2.68492
2.964 2.6846
2.967 2.68427
2.97 2.68395
2.973 2.68363
2.976 2.68332
2.979 2.683
2.982 2.68269
2.985 2.68238
2.988 2.68208
2.991 2.68178
2.994 2.68148
2.997 2.68118
3 2.68088
3.001 5
