0 5
0.003 3.69767
0.006 3.69683
0.009 3.696
0.012 3.69515
0.015 3.69431
0.018 3.69346
0.021 3.6926
0.024 3.69174
0.027 3.69087
0.03 3.69
0.033 3.68912
0.036 3.68824
0.039 3.68735
0.042 3.68646
0.045 3.68556
0.048 3.68466
0.051 3.68375
0.054 3.68284
0.057 3.68192
0.06 3.681
0.063 3.68007
0.066 3.67914
0.069 3.6782
0.072 3.67726
0.075 3.67631
0.078 3.67535
0.081 3.6744
0.084 3.67343
0.087 3.67246
0.09 3.67149
0.093 3.6705
0.096 3.66952
0.099 3.66853
0.102 3.66753
0.105 3.66653
0.108 3.66552
0.111 3.66451
0.114 3.66349
0.117 3.66247
0.12 3.66144
0.123 3.66041
0.126 3.65937
0.129 3.65832
0.132 3.65727
0.135 3.65622
0.138 3.65515
0.141 3.65409
0.144 3.65302
0.147 3.65194
0.15 3.65086
0.153 3.64977
0.156 3.64868
0.159 3.64758
0.162 3.64647
0.165 3.64536
0.168 3.64425
0.171 3.64313
0.174 3.642
0.177 3.64087
0.18 3.63973
0.183 3.63859
0.186 3.63744
0.189 3.63629
0.192 3.63513
0.195 3.63397
0.198 3.6328
0.201 3.63162
0.204 3.63045
0.207 3.62926
0.21 3.62807
0.213 3.62687
0.216 3.62567
0.219 3.62447
0.222 3.62325
0.225 3.62204
0.228 3.62082
0.231 3.61959
0.234 3.61836
0.237 3.61712
0.24 3.61588
0.243 3.61463
0.246 3.61337
0.249 3.61212
0.252 3.61085
0.255 3.60958
0.258 3.60831
0.261 3.60703
0.264 3.60575
0.267 3.60446
0.27 3.60317
0.273 3.60187
0.276 3.60056
0.279 3.59926
0.282 3.59794
0.285 3.59663
0.288 3.5953
0.291 3.59398
0.294 3.59264
0.297 3.59131
0.3 3.58997
0.303 3.58862
0.306 3.58727
0.309 3.58592
0.312 3.58456
0.315 3.58319
0.318 3.58183
0.321 3.58045
0.324 3.57908
0.327 3.5777
0.33 3.57631
0.333 3.57492
0.336 3.57353
0.339 3.57213
0.342 3.57073
0.345 3.56933
0.348 3.56792
0.351 3.5665
0.354 3.56509
0.357 3.56367
0.36 3.56224
0.363 3.56081
0.366 3.55938
0.369 3.55795
0.372 3.55651
0.375 3.55507
0.378 3.55362
0.381 3.55217
0.384 3.55072
0.387 3.54926
0.39 3.54781
0.393 3.54634
0.396 3.54488
0.399 3.54341
0.402 3.54194
0.405 3.54047
0.408 3.53899
0.411 3.53751
0.414 3.53603
0.417 3.53454
0.42 3.53305
0.423 3.53156
0.426 3.53007
0.429 3.52858
0.432 3.52708
0.435 3.52558
0.438 3.52408
0.441 3.52257
0.444 3.52106
0.447 3.51955
0.45 3.51804
0.453 3.51653
0.456 3.51501
0.459 3.5135
0.462 3.51198
0.465 3.51046
0.468 3.50894
0.471 3.50741
0.474 3.50588
0.477 3.50436
0.48 3.50283
0.483 3.5013
0.486 3.49976
0.489 3.49823
0.492 3.4967
0.495 3.49516
0.498 3.49362
0.501 3.49208
0.504 3.49054
0.507 3.489
0.51 3.48746
0.513 3.48592
0.516 3.48437
0.519 3.48283
0.522 3.48128
0.525 3.47973
0.528 3.47819
0.531 3.47664
0.534 3.47509
0.537 3.47354
0.54 3.47199
0.543 3.47044
0.546 3.46889
0.549 3.46733
0.552 3.46578
0.555 3.46423
0.558 3.46267
0.561 3.46112
0.564 3.45957
0.567 3.45801
0.57 3.45646
0.573 3.4549
0.576 3.45335
0.579 3.45179
0.582 3.45024
0.585 3.44868
0.588 3.44712
0.591 3.44557
0.594 3.44401
0.597 3.44246
0.6 3.4409
0.603 3.43935
0.606 3.43779
0.609 3.43624
0.612 3.43468
0.615 3.43313
0.618 3.43157
0.621 3.43002
0.624 3.42846
0.627 3.42691
0.63 3.42535
0.633 3.4238
0.636 3.42225
0.639 3.42069
0.642 3.41914
0.645 3.41759
0.648 3.41604
0.651 3.41449
0.654 3.41294
0.657 3.41139
0.66 3.40984
0.663 3.40829
0.666 3.40674
0.669 3.40519
0.672 3.40364
0.675 3.4021
0.678 3.40055
0.681 3.399
0.684 3.39746
0.687 3.39591
0.69 3.39437
0.693 3.39282
0.696 3.39128
0.699 3.38974
0.702 3.3882
0.705 3.38666
0.708 3.38511
0.711 3.38357
0.714 3.38204
0.717 3.3805
0.72 3.37896
0.723 3.37742
0.726 3.37589
0.729 3.37435
0.732 3.37281
0.735 3.37128
0.738 3.36975
0.741 3.36821
0.744 3.36668
0.747 3.36515
0.75 3.36362
0.753 3.36209
0.756 3.36056
0.759 3.35903
0.762 3.3575
0.765 3.35597
0.768 3.35445
0.771 3.35292
0.774 3.3514
0.777 3.34987
0.78 3.34835
0.783 3.34682
0.786 3.3453
0.789 3.34378
0.792 3.34226
0.795 3.34074
0.798 3.33922
0.801 3.3377
0.804 3.33618
0.807 3.33466
0.81 3.33314
0.813 3.33163
0.816 3.33011
0.819 3.32859
0.822 3.32708
0.825 3.32557
0.828 3.32405
0.831 3.32254
0.834 3.32103
0.837 3.31951
0.84 3.318
0.843 3.31649
0.846 3.31498
0.849 3.31347
0.852 3.31196
0.855 3.31045
0.858 3.30895
0.861 3.30744
0.864 3.30593
0.867 3.30443
0.87 3.30292
0.873 3.30141
0.876 3.29991
0.879 3.2984
0.882 3.2969
0.885 3.2954
0.888 3.29389
0.891 3.29239
0.894 3.29089
0.897 3.28938
0.9 3.28788
0.903 3.28638
0.906 3.28488
0.909 3.28338
0.912 3.28188
0.915 3.28038
0.918 3.27888
0.921 3.27738
0.924 3.27588
0.927 3.27438
0.93 3.27288
0.933 3.27138
0.936 3.26988
0.939 3.26838
0.942 3.26689
0.945 3.26539
0.948 3.26389
0.951 3.26239
0.954 3.2609
0.957 3.2594
0.96 3.2579
0.963 3.2564
0.966 3.25491
0.969 3.25341
0.972 3.25191
0.975 3.25041
0.978 3.24892
0.981 3.24742
0.984 3.24592
0.987 3.24442
0.99 3.24293
0.993 3.24143
0.996 3.23993
0.999 3.23843
1.002 3.23694
1.005 3.23544
1.008 3.23394
1.011 3.23244
1.014 3.23094
1.017 3.22944
1.02 3.22794
1.023 3.22644
1.026 3.22494
1.029 3.22344
1.032 3.22194
1.035 3.22044
1.038 3.21894
1.041 3.21744
1.044 3.21594
1.047 3.21444
1.05 3.21293
1.053 3.21143
1.056 3.20993
1.059 3.20842
1.062 3.20692
1.065 3.20541
1.068 3.20391
1.071 3.2024
1.074 3.20089
1.077 3.19939
1.08 3.19788
1.083 3.19637
1.086 3.19486
1.089 3.19335
1.092 3.19184
1.095 3.19033
1.098 3.18882
1.101 3.1873
1.104 3.18579
1.107 3.18428
1.11 3.18276
1.113 3.18125
1.116 3.17973
1.119 3.17821
1.122 3.17669
1.125 3.17517
1.128 3.17365
1.131 3.17213
1.134 3.17061
1.137 3.16909
1.14 3.16756
1.143 3.16604
1.146 3.16451
1.149 3.16298
1.152 3.16146
1.155 3.15993
1.158 3.1584
1.161 3.15686
1.164 3.15533
1.167 3.1538
1.17 3.15226
1.173 3.15073
1.176 3.14919
1.179 3.14765
1.182 3.14611
1.185 3.14457
1.188 3.14303
1.191 3.14149
1.194 3.13994
1.197 3.1384
1.2 3.13685
1.203 3.1353
1.206 3.13375
1.209 3.1322
1.212 3.13065
1.215 3.12909
1.218 3.12754
1.221 3.12598
1.224 3.12442
1.227 3.12286
1.23 3.1213
1.233 3.11974
1.236 3.11817
1.239 3.11661
1.242 3.11504
1.245 3.11347
1.248 3.1119
1.251 3.11033
1.254 3.10876
1.257 3.10719
1.26 3.10561
1.263 3.10403
1.266 3.10245
1.269 3.10087
1.272 3.09929
1.275 3.09771
1.278 3.09612
1.281 3.09453
1.284 3.09295
1.287 3.09136
1.29 3.08976
1.293 3.08817
1.296 3.08658
1.299 3.08498
1.302 3.08338
1.305 3.08178
1.308 3.08018
1.311 3.07858
1.314 3.07697
1.317 3.07537
1.32 3.07376
1.323 3.07215
1.326 3.07054
1.329 3.06893
1.332 3.06731
1.335 3.0657
1.338 3.06408
1.341 3.06246
1.344 3.06084
1.347 3.05922
1.35 3.0576
1.353 3.05597
1.356 3.05434
1.359 3.05272
1.362 3.05109
1.365 3.04946
1.368 3.04782
1.371 3.04619
1.374 3.04455
1.377 3.04292
1.38 3.04128
1.383 3.03964
1.386 3.038
1.389 3.03636
1.392 3.03471
1.395 3.03307
1.398 3.03142
1.401 3.02977
1.404 3.02813
1.407 3.02648
1.41 3.02482
1.413 3.02317
1.416 3.02152
1.419 3.01986
1.422 3.01821
1.425 3.01655
1.428 3.01489
1.431 3.01324
1.434 3.01158
1.437 3.00991
1.44 3.00825
1.443 3.00659
1.446 3.00493
1.449 3.00326
1.452 3.0016
1.455 2.99993
1.458 2.99827
1.461 2.9966
1.464 2.99493
1.467 2.99326
1.47 2.99159
1.473 2.98993
1.476 2.98826
1.479 2.98659
1.482 2.98492
1.485 2.98324
1.488 2.98157
1.491 2.9799
1.494 2.97823
1.497 2.97656
1.5 2.97489
1.503 2.97322
1.506 2.97155
1.509 2.96987
1.512 2.9682
1.515 2.96653
1.518 2.96486
1.521 2.96319
1.524 2.96152
1.527 2.95985
1.53 2.95818
1.533 2.95651
1.536 2.95485
1.539 2.95318
1.542 2.95151
1.545 2.94985
1.548 2.94818
1.551 2.94652
1.554 2.94486
1.557 2.9432
1.56 2.94154
1.563 2.93988
1.566 2.93822
1.569 2.93656
1.572 2.93491
1.575 2.93325
1.578 2.9316
1.581 2.92995
1.584 2.9283
1.587 2.92666
1.59 2.92501
1.593 2.92337
1.596 2.92173
1.599 2.92009
1.602 2.91845
1.605 2.91682
1.608 2.91519
1.611 2.91356
1.614 2.91193
1.617 2.91031
1.62 2.90869
1.623 2.90707
1.626 2.90545
1.629 2.90384
1.632 2.90223
1.635 2.90062
1.638 2.89901
1.641 2.89741
1.644 2.89582
1.647 2.89422
1.65 2.89263
1.653 2.89104
1.656 2.88946
1.659 2.88788
1.662 2.8863
1.665 2.88473
1.668 2.88316
1.671 2.8816
1.674 2.88004
1.677 2.87848
1.68 2.87693
1.683 2.87538
1.686 2.87384
1.689 2.8723
1.692 2.87076
1.695 2.86923
1.698 2.86771
1.701 2.86619
1.704 2.86467
1.707 2.86316
1.71 2.86166
1.713 2.86016
1.716 2.85866
1.719 2.85717
1.722 2.85569
1.725 2.85421
1.728 2.85274
1.731 2.85127
1.734 2.84981
1.737 2.84835
1.74 2.8469
1.743 2.84546
1.746 2.84402
1.749 2.84259
1.752 2.84116
1.755 2.83974
1.758 2.83832
1.761 2.83691
1.764 2.83551
1.767 2.83412
1.77 2.83273
1.773 2.83135
1.776 2.82997
1.779 2.8286
1.782 2.82724
1.785 2.82588
1.788 2.82453
1.791 2.82319
1.794 2.82186
1.797 2.82053
1.8 2.81921
1.803 2.81789
1.806 2.81659
1.809 2.81529
1.812 2.81399
1.815 2.81271
1.818 2.81143
1.821 2.81016
1.824 2.8089
1.827 2.80764
1.83 2.80639
1.833 2.80515
1.836 2.80392
1.839 2.80269
1.842 2.80147
1.845 2.80026
1.848 2.79906
1.851 2.79787
1.854 2.79668
1.857 2.7955
1.86 2.79433
1.863 2.79317
1.866 2.79201
1.869 2.79086
1.872 2.78972
1.875 2.78859
1.878 2.78747
1.881 2.78635
1.884 2.78524
1.887 2.78415
1.89 2.78305
1.893 2.78197
1.896 2.78089
1.899 2.77983
1.902 2.77877
1.905 2.77772
1.908 2.77667
1.911 2.77564
1.914 2.77461
1.917 2.77359
1.92 2.77258
1.923 2.77158
1.926 2.77059
1.929 2.7696
1.932 2.76862
1.935 2.76765
1.938 2.76669
1.941 2.76574
1.944 2.76479
1.947 2.76386
1.95 2.76293
1.953 2.76201
1.956 2.76109
1.959 2.76019
1.962 2.75929
1.965 2.7584
1.968 2.75752
1.971 2.75665
1.974 2.75579
1.977 2.75493
1.98 2.75408
1.983 2.75324
1.986 2.75241
1.989 2.75158
1.992 2.75077
1.995 2.74996
1.998 2.74916
2.001 2.74836
2.004 2.74758
2.007 2.7468
2.01 2.74603
2.013 2.74527
2.016 2.74451
2.019 2.74377
2.022 2.74303
2.025 2.74229
2.028 2.74157
2.031 2.74085
2.034 2.74014
2.037 2.73944
2.04 2.73875
2.043 2.73806
2.046 2.73738
2.049 2.73671
2.052 2.73604
2.055 2.73539
2.058 2.73474
2.061 2.73409
2.064 2.73346
2.067 2.73283
2.07 2.7322
2.073 2.73159
2.076 2.73098
2.079 2.73038
2.082 2.72978
2.085 2.7292
2.088 2.72861
2.091 2.72804
2.094 2.72747
2.097 2.72691
2.1 2.72636
2.103 2.72581
2.106 2.72527
2.109 2.72473
2.112 2.7242
2.115 2.72368
2.118 2.72317
2.121 2.72266
2.124 2.72215
2.127 2.72166
2.13 2.72117
2.133 2.72068
2.136 2.7202
2.139 2.71973
2.142 2.71926
2.145 2.7188
2.148 2.71835
2.151 2.7179
2.154 2.71745
2.157 2.71701
2.16 2.71658
2.163 2.71616
2.166 2.71573
2.169 2.71532
2.172 2.71491
2.175 2.7145
2.178 2.71411
2.181 2.71371
2.184 2.71332
2.187 2.71294
2.19 2.71256
2.193 2.71219
2.196 2.71182
2.199 2.71146
2.202 2.7111
2.205 2.71075
2.208 2.7104
2.211 2.71005
2.214 2.70972
2.217 2.70938
2.22 2.70905
2.223 2.70873
2.226 2.70841
2.229 2.70809
2.232 2.70778
2.235 2.70748
2.238 2.70718
2.241 2.70688
2.244 2.70658
2.247 2.7063
2.25 2.70601
2.253 2.70573
2.256 2.70546
2.259 2.70518
2.262 2.70492
2.265 2.70465
2.268 2.70439
2.271 2.70414
2.274 2.70388
2.277 2.70364
2.28 2.70339
2.283 2.70315
2.286 2.70291
2.289 2.70268
2.292 2.70245
2.295 2.70223
2.298 2.702
2.301 2.70178
2.304 2.70157
2.307 2.70136
2.31 2.70115
2.313 2.70094
2.316 2.70074
2.319 2.70054
2.322 2.70035
2.325 2.70016
2.328 2.69997
2.331 2.69978
2.334 2.6996
2.337 2.69942
2.34 2.69924
2.343 2.69907
2.346 2.6989
2.349 2.69873
2.352 2.69857
2.355 2.6984
2.358 2.69824
2.361 2.69809
2.364 2.69793
2.367 2.69778
2.37 2.69764
2.373 2.69749
2.376 2.69735
2.379 2.69721
2.382 2.69707
2.385 2.69693
2.388 2.6968
2.391 2.69667
2.394 2.69654
2.397 2.69642
2.4 2.69629
2.403 2.69617
2.406 2.69605
2.409 2.69594
2.412 2.69582
2.415 2.69571
2.418 2.6956
2.421 2.69549
2.424 2.69539
2.427 2.69529
2.43 2.69518
2.433 2.69508
2.436 2.69499
2.439 2.69489
2.442 2.6948
2.445 2.69471
2.448 2.69462
2.451 2.69453
2.454 2.69444
2.457 2.69436
2.46 2.69428
2.463 2.6942
2.466 2.69412
2.469 2.69404
2.472 2.69397
2.475 2.69389
2.478 2.69382
2.481 2.69375
2.484 2.69368
2.487 2.69362
2.49 2.69355
2.493 2.69349
2.496 2.69342
2.499 2.69336
2.502 2.6933
2.505 2.69324
2.508 2.69319
2.511 2.69313
2.514 2.69308
2.517 2.69303
2.52 2.69298
2.523 2.69293
2.526 2.69288
2.529 2.69283
2.532 2.69279
2.535 2.69274
2.538 2.6927
2.541 2.69266
2.544 2.69261
2.547 2.69257
2.55 2.69254
2.553 2.6925
2.556 2.69246
2.559 2.69243
2.562 2.69239
2.565 2.69236
2.568 2.69233
2.571 2.6923
2.574 2.69227
2.577 2.69224
2.58 2.69221
2.583 2.69219
2.586 2.69216
2.589 2.69213
2.592 2.69211
2.595 2.69209
2.598 2.69207
2.601 2.69204
2.604 2.69202
2.607 2.69201
2.61 2.69199
2.613 2.69197
2.616 2.69195
2.619 2.69194
2.622 2.69192
2.625 2.69191
2.628 2.69189
2.631 2.69188
2.634 2.69187
2.637 2.69186
2.64 2.69185
2.643 2.69184
2.646 2.69183
2.649 2.69182
2.652 2.69181
2.655 2.6918
2.658 2.6918
2.661 2.69179
2.664 2.69179
2.667 2.69178
2.67 2.69178
2.673 2.69178
2.676 2.69177
2.679 2.69177
2.682 2.69177
2.685 2.69177
2.688 2.69177
2.691 2.69177
2.694 2.69177
2.697 2.69177
2.7 2.69177
2.703 2.69177
2.706 2.69178
2.709 2.69178
2.712 2.69178
2.715 2.69179
2.718 2.69179
2.721 2.6918
2.724 2.6918
2.727 2.69181
2.73 2.69182
2.733 2.69182
2.736 2.69183
2.739 2.69184
2.742 2.69185
2.745 2.69186
2.748 2.69187
2.751 2.69187
2.754 2.69188
2.757 2.69189
2.76 2.69191
2.763 2.69192
2.766 2.69193
2.769 2.69194
2.772 2.69195
2.775 2.69196
2.778 2.69198
2.781 2.69199
2.784 2.692
2.787 2.69202
2.79 2.69203
2.793 2.69204
2.796 2.69206
2.799 2.69207
2.802 2.69209
2.805 2.6921
2.808 2.69212
2.811 2.69214
2.814 2.69215
2.817 2.69217
2.82 2.69218
2.823 2.6922
2.826 2.69222
2.829 2.69224
2.832 2.69225
2.835 2.69227
2.838 2.69229
2.841 2.69231
2.844 2.69233
2.847 2.69234
2.85 2.69236
2.853 2.69238
2.856 2.6924
2.859 2.69242
2.862 2.69244
2.865 2.69246
2.868 2.69248
2.871 2.6925
2.874 2.69252
2.877 2.69254
2.88 2.69256
2.883 2.69258
2.886 2.6926
2.889 2.69262
2.892 2.69265
2.895 2.69267
2.898 2.69269
2.901 2.69271
2.904 2.69273
2.907 2.69275
2.91 2.69278
2.913 2.6928
2.916 2.69282
2.919 2.69284
2.922 2.69287
2.925 2.69289
2.928 2.69291
2.931 2.69293
2.934 2.69296
2.937 2.69298
2.94 2.693
2.943 2.69303
2.946 2.69305
2.949 2.69307
2.952 2.6931
2.955 2.69312
2.958 2.69314
2.961 2.69317
2.964 2.69319
2.967 2.69321
2.97 2.69324
2.973 2.69326
2.976 2.69329
2.979 2.69331
2.982 2.69333
2.985 2.69336
2.988 2.69338
2.991 2.69341
2.994 2.69343
2.997 2.69346
3 2.69348
3.001 5
