0 0
0.003 0.90432
0.006 0.908462
0.009 0.91263
0.012 0.916822
0.015 0.921038
0.018 0.925279
0.021 0.929545
0.024 0.933835
0.027 0.938149
0.03 0.942488
0.033 0.946851
0.036 0.951238
0.039 0.95565
0.042 0.960085
0.045 0.964545
0.048 0.969028
0.051 0.973536
0.054 0.978067
0.057 0.982621
0.06 0.9872
0.063 0.991802
0.066 0.996427
0.069 1.00108
0.072 1.00575
0.075 1.01044
0.078 1.01516
0.081 1.0199
0.084 1.02466
0.087 1.02945
0.09 1.03426
0.093 1.03909
0.096 1.04394
0.099 1.04881
0.102 1.05371
0.105 1.05863
0.108 1.06357
0.111 1.06853
0.114 1.07351
0.117 1.07851
0.12 1.08353
0.123 1.08858
0.126 1.09364
0.129 1.09873
0.132 1.10383
0.135 1.10895
0.138 1.1141
0.141 1.11926
0.144 1.12444
0.147 1.12964
0.15 1.13486
0.153 1.1401
0.156 1.14536
0.159 1.15063
0.162 1.15593
0.165 1.16124
0.168 1.16657
0.171 1.17191
0.174 1.17727
0.177 1.18265
0.18 1.18805
0.183 1.19346
0.186 1.19888
0.189 1.20433
0.192 1.20979
0.195 1.21526
0.198 1.22075
0.201 1.22625
0.204 1.23177
0.207 1.2373
0.21 1.24284
0.213 1.2484
0.216 1.25397
0.219 1.25956
0.222 1.26516
0.225 1.27077
0.228 1.27639
0.231 1.28202
0.234 1.28767
0.237 1.29333
0.24 1.29899
0.243 1.30467
0.246 1.31036
0.249 1.31606
0.252 1.32177
0.255 1.32749
0.258 1.33322
0.261 1.33896
0.264 1.34471
0.267 1.35046
0.27 1.35622
0.273 1.362
0.276 1.36778
0.279 1.37356
0.282 1.37936
0.285 1.38516
0.288 1.39096
0.291 1.39678
0.294 1.4026
0.297 1.40842
0.3 1.41425
0.303 1.42009
0.306 1.42593
0.309 1.43178
0.312 1.43763
0.315 1.44348
0.318 1.44934
0.321 1.4552
0.324 1.46106
0.327 1.46693
0.33 1.4728
0.333 1.47868
0.336 1.48455
0.339 1.49043
0.342 1.49631
0.345 1.50219
0.348 1.50807
0.351 1.51396
0.354 1.51984
0.357 1.52573
0.36 1.53161
0.363 1.5375
0.366 1.54338
0.369 1.54927
0.372 1.55515
0.375 1.56103
0.378 1.56692
0.381 1.5728
0.384 1.57868
0.387 1.58455
0.39 1.59043
0.393 1.5963
0.396 1.60218
0.399 1.60805
0.402 1.61391
0.405 1.61978
0.408 1.62564
0.411 1.63149
0.414 1.63735
0.417 1.6432
0.42 1.64904
0.423 1.65488
0.426 1.66072
0.429 1.66656
0.432 1.67239
0.435 1.67821
0.438 1.68403
0.441 1.68984
0.444 1.69565
0.447 1.70146
0.45 1.70726
0.453 1.71305
0.456 1.71884
0.459 1.72462
0.462 1.73039
0.465 1.73616
0.468 1.74192
0.471 1.74768
0.474 1.75343
0.477 1.75917
0.48 1.76491
0.483 1.77064
0.486 1.77636
0.489 1.78208
0.492 1.78778
0.495 1.79348
0.498 1.79918
0.501 1.80486
0.504 1.81054
0.507 1.81621
0.51 1.82187
0.513 1.82753
0.516 1.83317
0.519 1.83881
0.522 1.84444
0.525 1.85007
0.528 1.85568
0.531 1.86129
0.534 1.86688
0.537 1.87247
0.54 1.87805
0.543 1.88362
0.546 1.88919
0.549 1.89474
0.552 1.90029
0.555 1.90582
0.558 1.91135
0.561 1.91687
0.564 1.92238
0.567 1.92788
0.57 1.93338
0.573 1.93886
0.576 1.94433
0.579 1.9498
0.582 1.95526
0.585 1.9607
0.588 1.96614
0.591 1.97157
0.594 1.97699
0.597 1.9824
0.6 1.9878
0.603 1.9932
0.606 1.99858
0.609 2.00395
0.612 2.00932
0.615 2.01467
0.618 2.02002
0.621 2.02536
0.624 2.03069
0.627 2.036
0.63 2.04131
0.633 2.04661
0.636 2.05191
0.639 2.05719
0.642 2.06246
0.645 2.06773
0.648 2.07298
0.651 2.07823
0.654 2.08346
0.657 2.08869
0.66 2.09391
0.663 2.09912
0.666 2.10432
0.669 2.10951
0.672 2.1147
0.675 2.11987
0.678 2.12504
0.681 2.13019
0.684 2.13534
0.687 2.14048
0.69 2.14561
0.693 2.15073
0.696 2.15585
0.699 2.16095
0.702 2.16605
0.705 2.17113
0.708 2.17621
0.711 2.18128
0.714 2.18635
0.717 2.1914
0.72 2.19645
0.723 2.20148
0.726 2.20651
0.729 2.21153
0.732 2.21655
0.735 2.22155
0.738 2.22655
0.741 2.23154
0.744 2.23652
0.747 2.24149
0.75 2.24646
0.753 2.25141
0.756 2.25636
0.759 2.26131
0.762 2.26624
0.765 2.27117
0.768 2.27609
0.771 2.281
0.774 2.2859
0.777 2.2908
0.78 2.29569
0.783 2.30057
0.786 2.30545
0.789 2.31032
0.792 2.31518
0.795 2.32003
0.798 2.32488
0.801 2.32972
0.804 2.33455
0.807 2.33938
0.81 2.3442
0.813 2.34901
0.816 2.35382
0.819 2.35862
0.822 2.36342
0.825 2.3682
0.828 2.37298
0.831 2.37776
0.834 2.38253
0.837 2.38729
0.84 2.39205
0.843 2.3968
0.846 2.40154
0.849 2.40628
0.852 2.41101
0.855 2.41574
0.858 2.42046
0.861 2.42518
0.864 2.42989
0.867 2.43459
0.87 2.43929
0.873 2.44398
0.876 2.44867
0.879 2.45335
0.882 2.45803
0.885 2.4627
0.888 2.46737
0.891 2.47203
0.894 2.47669
0.897 2.48134
0.9 2.48599
0.903 2.49063
0.906 2.49527
0.909 2.4999
0.912 2.50453
0.915 2.50916
0.918 2.51378
0.921 2.51839
0.924 2.523
0.927 2.52761
0.93 2.53221
0.933 2.53681
0.936 2.5414
0.939 2.54599
0.942 2.55058
0.945 2.55516
0.948 2.55974
0.951 2.56432
0.954 2.56889
0.957 2.57346
0.96 2.57802
0.963 2.58258
0.966 2.58714
0.969 2.59169
0.972 2.59624
0.975 2.60079
0.978 2.60533
0.981 2.60987
0.984 2.61441
0.987 2.61895
0.99 2.62348
0.993 2.62801
0.996 2.63254
0.999 2.63706
1.002 2.64158
1.005 2.6461
1.008 2.65062
1.011 2.65513
1.014 2.65964
1.017 2.66415
1.02 2.66866
1.023 2.67316
1.026 2.67767
1.029 2.68217
1.032 2.68667
1.035 2.69116
1.038 2.69566
1.041 2.70015
1.044 2.70464
1.047 2.70913
1.05 2.71362
1.053 2.71811
1.056 2.7226
1.059 2.72708
1.062 2.73156
1.065 2.73604
1.068 2.74053
1.071 2.745
1.074 2.74948
1.077 2.75396
1.08 2.75844
1.083 2.76291
1.086 2.76739
1.089 2.77186
1.092 2.77634
1.095 2.78081
1.098 2.78528
1.101 2.78976
1.104 2.79423
1.107 2.7987
1.11 2.80317
1.113 2.80764
1.116 2.81211
1.119 2.81659
1.122 2.82106
1.125 2.82553
1.128 2.83
1.131 2.83447
1.134 2.83894
1.137 2.84341
1.14 2.84789
1.143 2.85236
1.146 2.85683
1.149 2.86131
1.152 2.86578
1.155 2.87026
1.158 2.87473
1.161 2.87921
1.164 2.88369
1.167 2.88817
1.17 2.89265
1.173 2.89713
1.176 2.90161
1.179 2.90609
1.182 2.91058
1.185 2.91506
1.188 2.91955
1.191 2.92404
1.194 2.92853
1.197 2.93302
1.2 2.93751
1.203 2.942
1.206 2.9465
1.209 2.951
1.212 2.95549
1.215 2.95999
1.218 2.9645
1.221 2.969
1.224 2.97351
1.227 2.97801
1.23 2.98252
1.233 2.98704
1.236 2.99155
1.239 2.99607
1.242 3.00058
1.245 3.0051
1.248 3.00963
1.251 3.01415
1.254 3.01868
1.257 3.0232
1.26 3.02774
1.263 3.03227
1.266 3.03681
1.269 3.04134
1.272 3.04588
1.275 3.05043
1.278 3.05497
1.281 3.05952
1.284 3.06407
1.287 3.06862
1.29 3.07318
1.293 3.07774
1.296 3.0823
1.299 3.08686
1.302 3.09142
1.305 3.09599
1.308 3.10056
1.311 3.10514
1.314 3.10971
1.317 3.11429
1.32 3.11887
1.323 3.12345
1.326 3.12804
1.329 3.13263
1.332 3.13722
1.335 3.14181
1.338 3.14641
1.341 3.15101
1.344 3.15561
1.347 3.16021
1.35 3.16482
1.353 3.16943
1.356 3.17404
1.359 3.17865
1.362 3.18327
1.365 3.18789
1.368 3.19251
1.371 3.19713
1.374 3.20176
1.377 3.20638
1.38 3.21101
1.383 3.21565
1.386 3.22028
1.389 3.22492
1.392 3.22955
1.395 3.23419
1.398 3.23883
1.401 3.24348
1.404 3.24812
1.407 3.25277
1.41 3.25742
1.413 3.26207
1.416 3.26672
1.419 3.27137
1.422 3.27603
1.425 3.28068
1.428 3.28534
1.431 3.29
1.434 3.29466
1.437 3.29932
1.44 3.30398
1.443 3.30864
1.446 3.31331
1.449 3.31797
1.452 3.32263
1.455 3.3273
1.458 3.33196
1.461 3.33663
1.464 3.34129
1.467 3.34596
1.47 3.35062
1.473 3.35528
1.476 3.35995
1.479 3.36461
1.482 3.36928
1.485 3.37394
1.488 3.3786
1.491 3.38326
1.494 3.38792
1.497 3.39258
1.5 3.39724
1.503 3.40189
1.506 3.40654
1.509 3.4112
1.512 3.41585
1.515 3.4205
1.518 3.42514
1.521 3.42978
1.524 3.43443
1.527 3.43906
1.53 3.4437
1.533 3.44833
1.536 3.45296
1.539 3.45759
1.542 3.46221
1.545 3.46683
1.548 3.47144
1.551 3.47606
1.554 3.48066
1.557 3.48527
1.56 3.48986
1.563 3.49446
1.566 3.49905
1.569 3.50363
1.572 3.50821
1.575 3.51278
1.578 3.51735
1.581 3.52191
1.584 3.52646
1.587 3.53101
1.59 3.53556
1.593 3.54009
1.596 3.54462
1.599 3.54915
1.602 3.55366
1.605 3.55817
1.608 3.56267
1.611 3.56716
1.614 3.57165
1.617 3.57613
1.62 3.58059
1.623 3.58505
1.626 3.58951
1.629 3.59395
1.632 3.59838
1.635 3.6028
1.638 3.60722
1.641 3.61162
1.644 3.61602
1.647 3.6204
1.65 3.62478
1.653 3.62914
1.656 3.63349
1.659 3.63784
1.662 3.64217
1.665 3.64649
1.668 3.65079
1.671 3.65509
1.674 3.65938
1.677 3.66365
1.68 3.66791
1.683 3.67215
1.686 3.67639
1.689 3.68061
1.692 3.68482
1.695 3.68901
1.698 3.69319
1.701 3.69736
1.704 3.70152
1.707 3.70566
1.71 3.70978
1.713 3.71389
1.716 3.71799
1.719 3.72207
1.722 3.72614
1.725 3.73019
1.728 3.73422
1.731 3.73824
1.734 3.74225
1.737 3.74624
1.74 3.75021
1.743 3.75417
1.746 3.75811
1.749 3.76203
1.752 3.76594
1.755 3.76982
1.758 3.7737
1.761 3.77755
1.764 3.78139
1.767 3.78521
1.77 3.78901
1.773 3.7928
1.776 3.79657
1.779 3.80032
1.782 3.80405
1.785 3.80776
1.788 3.81145
1.791 3.81513
1.794 3.81879
1.797 3.82243
1.8 3.82604
1.803 3.82964
1.806 3.83323
1.809 3.83679
1.812 3.84033
1.815 3.84385
1.818 3.84736
1.821 3.85084
1.824 3.8543
1.827 3.85775
1.83 3.86117
1.833 3.86458
1.836 3.86796
1.839 3.87132
1.842 3.87467
1.845 3.87799
1.848 3.88129
1.851 3.88457
1.854 3.88784
1.857 3.89108
1.86 3.8943
1.863 3.8975
1.866 3.90068
1.869 3.90384
1.872 3.90697
1.875 3.91009
1.878 3.91319
1.881 3.91626
1.884 3.91932
1.887 3.92235
1.89 3.92536
1.893 3.92835
1.896 3.93132
1.899 3.93427
1.902 3.9372
1.905 3.94011
1.908 3.94299
1.911 3.94586
1.914 3.9487
1.917 3.95153
1.92 3.95433
1.923 3.95711
1.926 3.95987
1.929 3.96261
1.932 3.96533
1.935 3.96802
1.938 3.9707
1.941 3.97336
1.944 3.97599
1.947 3.9786
1.95 3.9812
1.953 3.98377
1.956 3.98632
1.959 3.98885
1.962 3.99136
1.965 3.99385
1.968 3.99632
1.971 3.99877
1.974 4.0012
1.977 4.00361
1.98 4.006
1.983 4.00836
1.986 4.01071
1.989 4.01304
1.992 4.01535
1.995 4.01764
1.998 4.0199
2.001 4.02215
2.004 4.02438
2.007 4.02659
2.01 4.02878
2.013 4.03095
2.016 4.0331
2.019 4.03523
2.022 4.03734
2.025 4.03943
2.028 4.04151
2.031 4.04356
2.034 4.0456
2.037 4.04762
2.04 4.04962
2.043 4.0516
2.046 4.05356
2.049 4.0555
2.052 4.05743
2.055 4.05933
2.058 4.06122
2.061 4.06309
2.064 4.06495
2.067 4.06678
2.07 4.0686
2.073 4.0704
2.076 4.07218
2.079 4.07395
2.082 4.0757
2.085 4.07743
2.088 4.07914
2.091 4.08084
2.094 4.08252
2.097 4.08419
2.1 4.08583
2.103 4.08746
2.106 4.08908
2.109 4.09068
2.112 4.09226
2.115 4.09383
2.118 4.09538
2.121 4.09691
2.124 4.09843
2.127 4.09994
2.13 4.10143
2.133 4.1029
2.136 4.10436
2.139 4.1058
2.142 4.10723
2.145 4.10864
2.148 4.11004
2.151 4.11142
2.154 4.11279
2.157 4.11415
2.16 4.11549
2.163 4.11682
2.166 4.11813
2.169 4.11943
2.172 4.12071
2.175 4.12199
2.178 4.12324
2.181 4.12449
2.184 4.12572
2.187 4.12694
2.19 4.12814
2.193 4.12934
2.196 4.13052
2.199 4.13168
2.202 4.13284
2.205 4.13398
2.208 4.13511
2.211 4.13622
2.214 4.13733
2.217 4.13842
2.22 4.1395
2.223 4.14057
2.226 4.14163
2.229 4.14267
2.232 4.14371
2.235 4.14473
2.238 4.14574
2.241 4.14674
2.244 4.14773
2.247 4.14871
2.25 4.14968
2.253 4.15063
2.256 4.15158
2.259 4.15251
2.262 4.15344
2.265 4.15435
2.268 4.15526
2.271 4.15615
2.274 4.15703
2.277 4.15791
2.28 4.15877
2.283 4.15963
2.286 4.16047
2.289 4.1613
2.292 4.16213
2.295 4.16295
2.298 4.16375
2.301 4.16455
2.304 4.16534
2.307 4.16612
2.31 4.16689
2.313 4.16765
2.316 4.1684
2.319 4.16915
2.322 4.16988
2.325 4.17061
2.328 4.17133
2.331 4.17204
2.334 4.17274
2.337 4.17344
2.34 4.17412
2.343 4.1748
2.346 4.17547
2.349 4.17614
2.352 4.17679
2.355 4.17744
2.358 4.17808
2.361 4.17871
2.364 4.17934
2.367 4.17995
2.37 4.18056
2.373 4.18117
2.376 4.18176
2.379 4.18235
2.382 4.18293
2.385 4.18351
2.388 4.18408
2.391 4.18464
2.394 4.1852
2.397 4.18575
2.4 4.18629
2.403 4.18682
2.406 4.18735
2.409 4.18788
2.412 4.18839
2.415 4.18891
2.418 4.18941
2.421 4.18991
2.424 4.1904
2.427 4.19089
2.43 4.19137
2.433 4.19185
2.436 4.19232
2.439 4.19278
2.442 4.19324
2.445 4.19369
2.448 4.19414
2.451 4.19458
2.454 4.19502
2.457 4.19545
2.46 4.19588
2.463 4.1963
2.466 4.19672
2.469 4.19713
2.472 4.19754
2.475 4.19794
2.478 4.19833
2.481 4.19873
2.484 4.19911
2.487 4.1995
2.49 4.19987
2.493 4.20025
2.496 4.20062
2.499 4.20098
2.502 4.20134
2.505 4.2017
2.508 4.20205
2.511 4.20239
2.514 4.20274
2.517 4.20308
2.52 4.20341
2.523 4.20374
2.526 4.20407
2.529 4.20439
2.532 4.20471
2.535 4.20502
2.538 4.20533
2.541 4.20564
2.544 4.20594
2.547 4.20624
2.55 4.20654
2.553 4.20683
2.556 4.20712
2.559 4.2074
2.562 4.20768
2.565 4.20796
2.568 4.20823
2.571 4.20851
2.574 4.20877
2.577 4.20904
2.58 4.2093
2.583 4.20956
2.586 4.20981
2.589 4.21006
2.592 4.21031
2.595 4.21055
2.598 4.2108
2.601 4.21103
2.604 4.21127
2.607 4.2115
2.61 4.21173
2.613 4.21196
2.616 4.21219
2.619 4.21241
2.622 4.21263
2.625 4.21284
2.628 4.21305
2.631 4.21326
2.634 4.21347
2.637 4.21368
2.64 4.21388
2.643 4.21408
2.646 4.21428
2.649 4.21447
2.652 4.21467
2.655 4.21486
2.658 4.21504
2.661 4.21523
2.664 4.21541
2.667 4.21559
2.67 4.21577
2.673 4.21594
2.676 4.21612
2.679 4.21629
2.682 4.21646
2.685 4.21663
2.688 4.21679
2.691 4.21695
2.694 4.21711
2.697 4.21727
2.7 4.21743
2.703 4.21758
2.706 4.21773
2.709 4.21789
2.712 4.21803
2.715 4.21818
2.718 4.21832
2.721 4.21847
2.724 4.21861
2.727 4.21875
2.73 4.21888
2.733 4.21902
2.736 4.21915
2.739 4.21928
2.742 4.21941
2.745 4.21954
2.748 4.21967
2.751 4.21979
2.754 4.21992
2.757 4.22004
2.76 4.22016
2.763 4.22027
2.766 4.22039
2.769 4.22051
2.772 4.22062
2.775 4.22073
2.778 4.22084
2.781 4.22095
2.784 4.22106
2.787 4.22116
2.79 4.22127
2.793 4.22137
2.796 4.22147
2.799 4.22157
2.802 4.22167
2.805 4.22177
2.808 4.22187
2.811 4.22196
2.814 4.22205
2.817 4.22215
2.82 4.22224
2.823 4.22233
2.826 4.22241
2.829 4.2225
2.832 4.22259
2.835 4.22267
2.838 4.22276
2.841 4.22284
2.844 4.22292
2.847 4.223
2.85 4.22308
2.853 4.22315
2.856 4.22323
2.859 4.22331
2.862 4.22338
2.865 4.22345
2.868 4.22353
2.871 4.2236
2.874 4.22367
2.877 4.22374
2.88 4.2238
2.883 4.22387
2.886 4.22394
2.889 4.224
2.892 4.22407
2.895 4.22413
2.898 4.22419
2.901 4.22425
2.904 4.22431
2.907 4.22437
2.91 4.22443
2.913 4.22449
2.916 4.22454
2.919 4.2246
2.922 4.22466
2.925 4.22471
2.928 4.22476
2.931 4.22481
2.934 4.22487
2.937 4.22492
2.94 4.22497
2.943 4.22502
2.946 4.22506
2.949 4.22511
2.952 4.22516
2.955 4.2252
2.958 4.22525
2.961 4.22529
2.964 4.22534
2.967 4.22538
2.97 4.22542
2.973 4.22547
2.976 4.22551
2.979 4.22555
2.982 4.22559
2.985 4.22563
2.988 4.22566
2.991 4.2257
2.994 4.22574
2.997 4.22577
3 4.22581
3.001 0
