0 -10
0.003 -5.69914
0.006 -5.69171
0.009 -5.68425
0.012 -5.67676
0.015 -5.66924
0.018 -5.66169
0.021 -5.65411
0.024 -5.6465
0.027 -5.63886
0.03 -5.6312
0.033 -5.62351
0.036 -5.61579
0.039 -5.60804
0.042 -5.60027
0.045 -5.59247
0.048 -5.58464
0.051 -5.57679
0.054 -5.56891
0.057 -5.56101
0.06 -5.55309
0.063 -5.54514
0.066 -5.53717
0.069 -5.52917
0.072 -5.52116
0.075 -5.51312
0.078 -5.50506
0.081 -5.49698
0.084 -5.48888
0.087 -5.48076
0.09 -5.47263
0.093 -5.46447
0.096 -5.4563
0.099 -5.4481
0.102 -5.4399
0.105 -5.43167
0.108 -5.42343
0.111 -5.41518
0.114 -5.40691
0.117 -5.39863
0.12 -5.39033
0.123 -5.38202
0.126 -5.3737
0.129 -5.36537
0.132 -5.35703
0.135 -5.34868
0.138 -5.34031
0.141 -5.33194
0.144 -5.32356
0.147 -5.31518
0.15 -5.30678
0.153 -5.29838
0.156 -5.28998
0.159 -5.28157
0.162 -5.27315
0.165 -5.26473
0.168 -5.25631
0.171 -5.24789
0.174 -5.23946
0.177 -5.23104
0.18 -5.22261
0.183 -5.21418
0.186 -5.20576
0.189 -5.19733
0.192 -5.18891
0.195 -5.18049
0.198 -5.17208
0.201 -5.16367
0.204 -5.15526
0.207 -5.14686
0.21 -5.13847
0.213 -5.13008
0.216 -5.1217
0.219 -5.11333
0.222 -5.10496
0.225 -5.09661
0.228 -5.08826
0.231 -5.07993
0.234 -5.07161
0.237 -5.0633
0.24 -5.055
0.243 -5.04671
0.246 -5.03844
0.249 -5.03018
0.252 -5.02194
0.255 -5.01371
0.258 -5.0055
0.261 -4.9973
0.264 -4.98912
0.267 -4.98096
0.27 -4.97282
0.273 -4.96469
0.276 -4.95659
0.279 -4.9485
0.282 -4.94043
0.285 -4.93239
0.288 -4.92436
0.291 -4.91636
0.294 -4.90838
0.297 -4.90042
0.3 -4.89249
0.303 -4.88458
0.306 -4.87669
0.309 -4.86882
0.312 -4.86098
0.315 -4.85317
0.318 -4.84538
0.321 -4.83762
0.324 -4.82988
0.327 -4.82217
0.33 -4.81449
0.333 -4.80683
0.336 -4.7992
0.339 -4.7916
0.342 -4.78403
0.345 -4.77649
0.348 -4.76897
0.351 -4.76149
0.354 -4.75403
0.357 -4.7466
0.36 -4.73921
0.363 -4.73184
0.366 -4.72451
0.369 -4.7172
0.372 -4.70993
0.375 -4.70269
0.378 -4.69548
0.381 -4.6883
0.384 -4.68115
0.387 -4.67403
0.39 -4.66695
0.393 -4.6599
0.396 -4.65288
0.399 -4.64589
0.402 -4.63894
0.405 -4.63202
0.408 -4.62513
0.411 -4.61827
0.414 -4.61145
0.417 -4.60466
0.42 -4.59791
0.423 -4.59118
0.426 -4.58449
0.429 -4.57784
0.432 -4.57122
0.435 -4.56463
0.438 -4.55808
0.441 -4.55155
0.444 -4.54507
0.447 -4.53861
0.45 -4.53219
0.453 -4.52581
0.456 -4.51945
0.459 -4.51314
0.462 -4.50685
0.465 -4.5006
0.468 -4.49438
0.471 -4.4882
0.474 -4.48204
0.477 -4.47593
0.48 -4.46984
0.483 -4.46379
0.486 -4.45777
0.489 -4.45179
0.492 -4.44584
0.495 -4.43992
0.498 -4.43403
0.501 -4.42818
0.504 -4.42236
0.507 -4.41657
0.51 -4.41082
0.513 -4.4051
0.516 -4.39941
0.519 -4.39375
0.522 -4.38812
0.525 -4.38253
0.528 -4.37697
0.531 -4.37144
0.534 -4.36594
0.537 -4.36047
0.54 -4.35504
0.543 -4.34963
0.546 -4.34426
0.549 -4.33891
0.552 -4.3336
0.555 -4.32832
0.558 -4.32307
0.561 -4.31785
0.564 -4.31266
0.567 -4.3075
0.57 -4.30236
0.573 -4.29726
0.576 -4.29219
0.579 -4.28715
0.582 -4.28213
0.585 -4.27715
0.588 -4.27219
0.591 -4.26726
0.594 -4.26236
0.597 -4.25749
0.6 -4.25265
0.603 -4.24783
0.606 -4.24305
0.609 -4.23829
0.612 -4.23355
0.615 -4.22885
0.618 -4.22417
0.621 -4.21951
0.624 -4.21489
0.627 -4.21029
0.63 -4.20572
0.633 -4.20117
0.636 -4.19665
0.639 -4.19215
0.642 -4.18768
0.645 -4.18324
0.648 -4.17881
0.651 -4.17442
0.654 -4.17005
0.657 -4.1657
0.66 -4.16138
0.663 -4.15708
0.666 -4.15281
0.669 -4.14856
0.672 -4.14433
0.675 -4.14013
0.678 -4.13595
0.681 -4.13179
0.684 -4.12766
0.687 -4.12354
0.69 -4.11946
0.693 -4.11539
0.696 -4.11134
0.699 -4.10732
0.702 -4.10332
0.705 -4.09934
0.708 -4.09538
0.711 -4.09144
0.714 -4.08753
0.717 -4.08363
0.72 -4.07976
0.723 -4.0759
0.726 -4.07207
0.729 -4.06825
0.732 -4.06446
0.735 -4.06068
0.738 -4.05693
0.741 -4.05319
0.744 -4.04948
0.747 -4.04578
0.75 -4.0421
0.753 -4.03844
0.756 -4.0348
0.759 -4.03118
0.762 -4.02757
0.765 -4.02399
0.768 -4.02042
0.771 -4.01687
0.774 -4.01334
0.777 -4.00982
0.78 -4.00632
0.783 -4.00284
0.786 -3.99938
0.789 -3.99593
0.792 -3.9925
0.795 -3.98908
0.798 -3.98568
0.801 -3.9823
0.804 -3.97894
0.807 -3.97559
0.81 -3.97225
0.813 -3.96893
0.816 -3.96563
0.819 -3.96234
0.822 -3.95907
0.825 -3.95581
0.828 -3.95257
0.831 -3.94934
0.834 -3.94613
0.837 -3.94293
0.84 -3.93974
0.843 -3.93657
0.846 -3.93341
0.849 -3.93027
0.852 -3.92714
0.855 -3.92402
0.858 -3.92092
0.861 -3.91783
0.864 -3.91476
0.867 -3.91169
0.87 -3.90864
0.873 -3.90561
0.876 -3.90258
0.879 -3.89957
0.882 -3.89657
0.885 -3.89359
0.888 -3.89061
0.891 -3.88765
0.894 -3.8847
0.897 -3.88176
0.9 -3.87883
0.903 -3.87591
0.906 -3.87301
0.909 -3.87012
0.912 -3.86724
0.915 -3.86436
0.918 -3.86151
0.921 -3.85866
0.924 -3.85582
0.927 -3.85299
0.93 -3.85017
0.933 -3.84737
0.936 -3.84457
0.939 -3.84179
0.942 -3.83901
0.945 -3.83625
0.948 -3.83349
0.951 -3.83074
0.954 -3.82801
0.957 -3.82528
0.96 -3.82256
0.963 -3.81986
0.966 -3.81716
0.969 -3.81447
0.972 -3.81179
0.975 -3.80912
0.978 -3.80645
0.981 -3.8038
0.984 -3.80116
0.987 -3.79852
0.99 -3.79589
0.993 -3.79327
0.996 -3.79066
0.999 -3.78806
1.002 -3.78546
1.005 -3.78288
1.008 -3.7803
1.011 -3.77773
1.014 -3.77517
1.017 -3.77261
1.02 -3.77006
1.023 -3.76752
1.026 -3.76499
1.029 -3.76246
1.032 -3.75995
1.035 -3.75744
1.038 -3.75493
1.041 -3.75244
1.044 -3.74995
1.047 -3.74746
1.05 -3.74499
1.053 -3.74252
1.056 -3.74005
1.059 -3.7376
1.062 -3.73515
1.065 -3.7327
1.068 -3.73027
1.071 -3.72784
1.074 -3.72541
1.077 -3.72299
1.08 -3.72058
1.083 -3.71817
1.086 -3.71577
1.089 -3.71338
1.092 -3.71099
1.095 -3.7086
1.098 -3.70623
1.101 -3.70385
1.104 -3.70149
1.107 -3.69913
1.11 -3.69677
1.113 -3.69442
1.116 -3.69207
1.119 -3.68973
1.122 -3.6874
1.125 -3.68507
1.128 -3.68274
1.131 -3.68042
1.134 -3.67811
1.137 -3.6758
1.14 -3.67349
1.143 -3.67119
1.146 -3.66889
1.149 -3.6666
1.152 -3.66431
1.155 -3.66203
1.158 -3.65975
1.161 -3.65748
1.164 -3.65521
1.167 -3.65294
1.17 -3.65068
1.173 -3.64842
1.176 -3.64617
1.179 -3.64392
1.182 -3.64167
1.185 -3.63943
1.188 -3.63719
1.191 -3.63496
1.194 -3.63273
1.197 -3.63051
1.2 -3.62828
1.203 -3.62606
1.206 -3.62385
1.209 -3.62164
1.212 -3.61943
1.215 -3.61723
1.218 -3.61503
1.221 -3.61283
1.224 -3.61064
1.227 -3.60845
1.23 -3.60626
1.233 -3.60408
1.236 -3.6019
1.239 -3.59972
1.242 -3.59755
1.245 -3.59538
1.248 -3.59321
1.251 -3.59105
1.254 -3.58889
1.257 -3.58673
1.26 -3.58458
1.263 -3.58243
1.266 -3.58028
1.269 -3.57813
1.272 -3.57599
1.275 -3.57385
1.278 -3.57172
1.281 -3.56958
1.284 -3.56745
1.287 -3.56533
1.29 -3.5632
1.293 -3.56108
1.296 -3.55896
1.299 -3.55685
1.302 -3.55473
1.305 -3.55263
1.308 -3.55052
1.311 -3.54841
1.314 -3.54631
1.317 -3.54421
1.32 -3.54212
1.323 -3.54003
1.326 -3.53794
1.329 -3.53585
1.332 -3.53377
1.335 -3.53168
1.338 -3.5296
1.341 -3.52753
1.344 -3.52546
1.347 -3.52339
1.35 -3.52132
1.353 -3.51925
1.356 -3.51719
1.359 -3.51513
1.362 -3.51308
1.365 -3.51102
1.368 -3.50897
1.371 -3.50693
1.374 -3.50488
1.377 -3.50284
1.38 -3.5008
1.383 -3.49877
1.386 -3.49673
1.389 -3.49471
1.392 -3.49268
1.395 -3.49066
1.398 -3.48863
1.401 -3.48662
1.404 -3.4846
1.407 -3.48259
1.41 -3.48058
1.413 -3.47858
1.416 -3.47658
1.419 -3.47458
1.422 -3.47258
1.425 -3.47059
1.428 -3.4686
1.431 -3.46662
1.434 -3.46464
1.437 -3.46266
1.44 -3.46068
1.443 -3.45871
1.446 -3.45674
1.449 -3.45478
1.452 -3.45282
1.455 -3.45086
1.458 -3.44891
1.461 -3.44696
1.464 -3.44502
1.467 -3.44307
1.47 -3.44114
1.473 -3.4392
1.476 -3.43727
1.479 -3.43535
1.482 -3.43343
1.485 -3.43151
1.488 -3.42959
1.491 -3.42769
1.494 -3.42578
1.497 -3.42388
1.5 -3.42198
1.503 -3.42009
1.506 -3.41821
1.509 -3.41632
1.512 -3.41445
1.515 -3.41257
1.518 -3.4107
1.521 -3.40884
1.524 -3.40698
1.527 -3.40513
1.53 -3.40328
1.533 -3.40144
1.536 -3.3996
1.539 -3.39777
1.542 -3.39594
1.545 -3.39412
1.548 -3.3923
1.551 -3.39049
1.554 -3.38868
1.557 -3.38688
1.56 -3.38509
1.563 -3.3833
1.566 -3.38152
1.569 -3.37974
1.572 -3.37797
1.575 -3.3762
1.578 -3.37445
1.581 -3.37269
1.584 -3.37095
1.587 -3.36921
1.59 -3.36747
1.593 -3.36575
1.596 -3.36403
1.599 -3.36231
1.602 -3.36061
1.605 -3.35891
1.608 -3.35721
1.611 -3.35553
1.614 -3.35385
1.617 -3.35218
1.62 -3.35051
1.623 -3.34885
1.626 -3.3472
1.629 -3.34556
1.632 -3.34393
1.635 -3.3423
1.638 -3.34068
1.641 -3.33907
1.644 -3.33746
1.647 -3.33587
1.65 -3.33428
1.653 -3.3327
1.656 -3.33113
1.659 -3.32956
1.662 -3.32801
1.665 -3.32646
1.668 -3.32492
1.671 -3.32339
1.674 -3.32187
1.677 -3.32036
1.68 -3.31885
1.683 -3.31736
1.686 -3.31587
1.689 -3.31439
1.692 -3.31293
1.695 -3.31147
1.698 -3.31002
1.701 -3.30858
1.704 -3.30714
1.707 -3.30572
1.71 -3.30431
1.713 -3.30291
1.716 -3.30151
1.719 -3.30013
1.722 -3.29875
1.725 -3.29739
1.728 -3.29603
1.731 -3.29469
1.734 -3.29335
1.737 -3.29203
1.74 -3.29071
1.743 -3.28941
1.746 -3.28811
1.749 -3.28683
1.752 -3.28556
1.755 -3.28429
1.758 -3.28304
1.761 -3.2818
1.764 -3.28056
1.767 -3.27934
1.77 -3.27813
1.773 -3.27693
1.776 -3.27574
1.779 -3.27456
1.782 -3.27339
1.785 -3.27223
1.788 -3.27109
1.791 -3.26995
1.794 -3.26882
1.797 -3.26771
1.8 -3.26661
1.803 -3.26551
1.806 -3.26443
1.809 -3.26336
1.812 -3.2623
1.815 -3.26126
1.818 -3.26022
1.821 -3.25919
1.824 -3.25818
1.827 -3.25718
1.83 -3.25618
1.833 -3.2552
1.836 -3.25423
1.839 -3.25327
1.842 -3.25233
1.845 -3.25139
1.848 -3.25047
1.851 -3.24955
1.854 -3.24865
1.857 -3.24776
1.86 -3.24688
1.863 -3.24601
1.866 -3.24516
1.869 -3.24431
1.872 -3.24348
1.875 -3.24265
1.878 -3.24184
1.881 -3.24104
1.884 -3.24025
1.887 -3.23947
1.89 -3.23871
1.893 -3.23795
1.896 -3.23721
1.899 -3.23648
1.902 -3.23575
1.905 -3.23504
1.908 -3.23434
1.911 -3.23366
1.914 -3.23298
1.917 -3.23231
1.92 -3.23166
1.923 -3.23101
1.926 -3.23038
1.929 -3.22976
1.932 -3.22915
1.935 -3.22855
1.938 -3.22796
1.941 -3.22738
1.944 -3.22681
1.947 -3.22626
1.95 -3.22571
1.953 -3.22517
1.956 -3.22465
1.959 -3.22413
1.962 -3.22363
1.965 -3.22314
1.968 -3.22265
1.971 -3.22218
1.974 -3.22172
1.977 -3.22127
1.98 -3.22082
1.983 -3.22039
1.986 -3.21997
1.989 -3.21956
1.992 -3.21916
1.995 -3.21877
1.998 -3.21839
2.001 -3.21801
2.004 -3.21765
2.007 -3.2173
2.01 -3.21696
2.013 -3.21662
2.016 -3.2163
2.019 -3.21599
2.022 -3.21568
2.025 -3.21539
2.028 -3.2151
2.031 -3.21483
2.034 -3.21456
2.037 -3.2143
2.04 -3.21405
2.043 -3.21381
2.046 -3.21358
2.049 -3.21336
2.052 -3.21314
2.055 -3.21294
2.058 -3.21274
2.061 -3.21255
2.064 -3.21237
2.067 -3.2122
2.07 -3.21204
2.073 -3.21188
2.076 -3.21174
2.079 -3.2116
2.082 -3.21147
2.085 -3.21134
2.088 -3.21123
2.091 -3.21112
2.094 -3.21102
2.097 -3.21093
2.1 -3.21085
2.103 -3.21077
2.106 -3.2107
2.109 -3.21064
2.112 -3.21059
2.115 -3.21054
2.118 -3.2105
2.121 -3.21047
2.124 -3.21044
2.127 -3.21042
2.13 -3.21041
2.133 -3.2104
2.136 -3.2104
2.139 -3.21041
2.142 -3.21042
2.145 -3.21045
2.148 -3.21047
2.151 -3.21051
2.154 -3.21054
2.157 -3.21059
2.16 -3.21064
2.163 -3.2107
2.166 -3.21076
2.169 -3.21083
2.172 -3.21091
2.175 -3.21099
2.178 -3.21107
2.181 -3.21117
2.184 -3.21126
2.187 -3.21137
2.19 -3.21147
2.193 -3.21159
2.196 -3.2117
2.199 -3.21183
2.202 -3.21196
2.205 -3.21209
2.208 -3.21223
2.211 -3.21237
2.214 -3.21252
2.217 -3.21267
2.22 -3.21283
2.223 -3.21299
2.226 -3.21316
2.229 -3.21333
2.232 -3.2135
2.235 -3.21368
2.238 -3.21387
2.241 -3.21405
2.244 -3.21425
2.247 -3.21444
2.25 -3.21464
2.253 -3.21484
2.256 -3.21505
2.259 -3.21526
2.262 -3.21548
2.265 -3.2157
2.268 -3.21592
2.271 -3.21614
2.274 -3.21637
2.277 -3.2166
2.28 -3.21684
2.283 -3.21708
2.286 -3.21732
2.289 -3.21757
2.292 -3.21781
2.295 -3.21807
2.298 -3.21832
2.301 -3.21858
2.304 -3.21884
2.307 -3.2191
2.31 -3.21937
2.313 -3.21963
2.316 -3.2199
2.319 -3.22018
2.322 -3.22045
2.325 -3.22073
2.328 -3.22101
2.331 -3.2213
2.334 -3.22158
2.337 -3.22187
2.34 -3.22216
2.343 -3.22245
2.346 -3.22275
2.349 -3.22304
2.352 -3.22334
2.355 -3.22364
2.358 -3.22395
2.361 -3.22425
2.364 -3.22456
2.367 -3.22486
2.37 -3.22517
2.373 -3.22549
2.376 -3.2258
2.379 -3.22611
2.382 -3.22643
2.385 -3.22675
2.388 -3.22707
2.391 -3.22739
2.394 -3.22771
2.397 -3.22803
2.4 -3.22836
2.403 -3.22869
2.406 -3.22901
2.409 -3.22934
2.412 -3.22967
2.415 -3.23
2.418 -3.23034
2.421 -3.23067
2.424 -3.231
2.427 -3.23134
2.43 -3.23168
2.433 -3.23201
2.436 -3.23235
2.439 -3.23269
2.442 -3.23303
2.445 -3.23337
2.448 -3.23371
2.451 -3.23405
2.454 -3.2344
2.457 -3.23474
2.46 -3.23508
2.463 -3.23543
2.466 -3.23578
2.469 -3.23612
2.472 -3.23647
2.475 -3.23681
2.478 -3.23716
2.481 -3.23751
2.484 -3.23786
2.487 -3.23821
2.49 -3.23856
2.493 -3.23891
2.496 -3.23926
2.499 -3.23961
2.502 -3.23996
2.505 -3.24031
2.508 -3.24066
2.511 -3.24101
2.514 -3.24136
2.517 -3.24171
2.52 -3.24206
2.523 -3.24242
2.526 -3.24277
2.529 -3.24312
2.532 -3.24347
2.535 -3.24382
2.538 -3.24417
2.541 -3.24453
2.544 -3.24488
2.547 -3.24523
2.55 -3.24558
2.553 -3.24593
2.556 -3.24628
2.559 -3.24664
2.562 -3.24699
2.565 -3.24734
2.568 -3.24769
2.571 -3.24804
2.574 -3.24839
2.577 -3.24874
2.58 -3.24909
2.583 -3.24944
2.586 -3.24979
2.589 -3.25014
2.592 -3.25049
2.595 -3.25083
2.598 -3.25118
2.601 -3.25153
2.604 -3.25188
2.607 -3.25222
2.61 -3.25257
2.613 -3.25292
2.616 -3.25326
2.619 -3.25361
2.622 -3.25395
2.625 -3.2543
2.628 -3.25464
2.631 -3.25499
2.634 -3.25533
2.637 -3.25567
2.64 -3.25601
2.643 -3.25635
2.646 -3.2567
2.649 -3.25704
2.652 -3.25738
2.655 -3.25772
2.658 -3.25805
2.661 -3.25839
2.664 -3.25873
2.667 -3.25907
2.67 -3.2594
2.673 -3.25974
2.676 -3.26007
2.679 -3.26041
2.682 -3.26074
2.685 -3.26107
2.688 -3.26141
2.691 -3.26174
2.694 -3.26207
2.697 -3.2624
2.7 -3.26273
2.703 -3.26306
2.706 -3.26339
2.709 -3.26372
2.712 -3.26404
2.715 -3.26437
2.718 -3.26469
2.721 -3.26502
2.724 -3.26534
2.727 -3.26567
2.73 -3.26599
2.733 -3.26631
2.736 -3.26663
2.739 -3.26695
2.742 -3.26727
2.745 -3.26759
2.748 -3.26791
2.751 -3.26823
2.754 -3.26854
2.757 -3.26886
2.76 -3.26917
2.763 -3.26949
2.766 -3.2698
2.769 -3.27011
2.772 -3.27042
2.775 -3.27074
2.778 -3.27105
2.781 -3.27135
2.784 -3.27166
2.787 -3.27197
2.79 -3.27228
2.793 -3.27258
2.796 -3.27289
2.799 -3.27319
2.802 -3.2735
2.805 -3.2738
2.808 -3.2741
2.811 -3.2744
2.814 -3.2747
2.817 -3.275
2.82 -3.2753
2.823 -3.2756
2.826 -3.27589
2.829 -3.27619
2.832 -3.27648
2.835 -3.27678
2.838 -3.27707
2.841 -3.27736
2.844 -3.27765
2.847 -3.27794
2.85 -3.27823
2.853 -3.27852
2.856 -3.27881
2.859 -3.2791
2.862 -3.27938
2.865 -3.27967
2.868 -3.27995
2.871 -3.28024
2.874 -3.28052
2.877 -3.2808
2.88 -3.28108
2.883 -3.28136
2.886 -3.28164
2.889 -3.28192
2.892 -3.2822
2.895 -3.28248
2.898 -3.28275
2.901 -3.28303
2.904 -3.2833
2.907 -3.28357
2.91 -3.28385
2.913 -3.28412
2.916 -3.28439
2.919 -3.28466
2.922 -3.28493
2.925 -3.2852
2.928 -3.28546
2.931 -3.28573
2.934 -3.28599
2.937 -3.28626
2.94 -3.28652
2.943 -3.28679
2.946 -3.28705
2.949 -3.28731
2.952 -3.28757
2.955 -3.28783
2.958 -3.28809
2.961 -3.28834
2.964 -3.2886
2.967 -3.28886
2.97 -3.28911
2.973 -3.28937
2.976 -3.28962
2.979 -3.28987
2.982 -3.29012
2.985 -3.29037
2.988 -3.29062
2.991 -3.29087
2.994 -3.29112
2.997 -3.29137
3 -3.29162
3.001 -10
