0 5
0.003 3.88961
0.006 3.88929
0.009 3.88897
0.012 3.88864
0.015 3.88832
0.018 3.88799
0.021 3.88766
0.024 3.88732
0.027 3.88699
0.03 3.88665
0.033 3.88631
0.036 3.88597
0.039 3.88563
0.042 3.88528
0.045 3.88493
0.048 3.88458
0.051 3.88423
0.054 3.88388
0.057 3.88352
0.06 3.88316
0.063 3.8828
0.066 3.88243
0.069 3.88207
0.072 3.8817
0.075 3.88133
0.078 3.88096
0.081 3.88058
0.084 3.88021
0.087 3.87983
0.09 3.87944
0.093 3.87906
0.096 3.87867
0.099 3.87829
0.102 3.87789
0.105 3.8775
0.108 3.8771
0.111 3.87671
0.114 3.87631
0.117 3.8759
0.12 3.8755
0.123 3.87509
0.126 3.87468
0.129 3.87427
0.132 3.87385
0.135 3.87343
0.138 3.87301
0.141 3.87259
0.144 3.87216
0.147 3.87174
0.15 3.87131
0.153 3.87087
0.156 3.87044
0.159 3.87
0.162 3.86956
0.165 3.86912
0.168 3.86867
0.171 3.86822
0.174 3.86777
0.177 3.86732
0.18 3.86686
0.183 3.8664
0.186 3.86594
0.189 3.86548
0.192 3.86501
0.195 3.86454
0.198 3.86407
0.201 3.8636
0.204 3.86312
0.207 3.86264
0.21 3.86216
0.213 3.86167
0.216 3.86119
0.219 3.86069
0.222 3.8602
0.225 3.85971
0.228 3.85921
0.231 3.8587
0.234 3.8582
0.237 3.85769
0.24 3.85718
0.243 3.85667
0.246 3.85615
0.249 3.85564
0.252 3.85512
0.255 3.85459
0.258 3.85406
0.261 3.85354
0.264 3.853
0.267 3.85247
0.27 3.85193
0.273 3.85139
0.276 3.85084
0.279 3.8503
0.282 3.84975
0.285 3.8492
0.288 3.84864
0.291 3.84808
0.294 3.84752
0.297 3.84696
0.3 3.84639
0.303 3.84582
0.306 3.84525
0.309 3.84467
0.312 3.84409
0.315 3.84351
0.318 3.84293
0.321 3.84234
0.324 3.84175
0.327 3.84116
0.33 3.84056
0.333 3.83996
0.336 3.83936
0.339 3.83875
0.342 3.83814
0.345 3.83753
0.348 3.83692
0.351 3.8363
0.354 3.83568
0.357 3.83506
0.36 3.83443
0.363 3.8338
0.366 3.83317
0.369 3.83253
0.372 3.83189
0.375 3.83125
0.378 3.83061
0.381 3.82996
0.384 3.82931
0.387 3.82866
0.39 3.828
0.393 3.82734
0.396 3.82668
0.399 3.82601
0.402 3.82534
0.405 3.82467
0.408 3.824
0.411 3.82332
0.414 3.82264
0.417 3.82195
0.42 3.82127
0.423 3.82058
0.426 3.81988
0.429 3.81919
0.432 3.81849
0.435 3.81779
0.438 3.81708
0.441 3.81637
0.444 3.81566
0.447 3.81495
0.45 3.81423
0.453 3.81351
0.456 3.81278
0.459 3.81206
0.462 3.81133
0.465 3.8106
0.468 3.80986
0.471 3.80912
0.474 3.80838
0.477 3.80763
0.48 3.80689
0.483 3.80614
0.486 3.80538
0.489 3.80462
0.492 3.80386
0.495 3.8031
0.498 3.80234
0.501 3.80157
0.504 3.80079
0.507 3.80002
0.51 3.79924
0.513 3.79846
0.516 3.79768
0.519 3.79689
0.522 3.7961
0.525 3.79531
0.528 3.79451
0.531 3.79371
0.534 3.79291
0.537 3.79211
0.54 3.7913
0.543 3.79049
0.546 3.78967
0.549 3.78886
0.552 3.78804
0.555 3.78722
0.558 3.78639
0.561 3.78556
0.564 3.78473
0.567 3.7839
0.57 3.78306
0.573 3.78222
0.576 3.78138
0.579 3.78053
0.582 3.77969
0.585 3.77884
0.588 3.77798
0.591 3.77712
0.594 3.77627
0.597 3.7754
0.6 3.77454
0.603 3.77367
0.606 3.7728
0.609 3.77193
0.612 3.77105
0.615 3.77017
0.618 3.76929
0.621 3.7684
0.624 3.76752
0.627 3.76663
0.63 3.76574
0.633 3.76484
0.636 3.76394
0.639 3.76304
0.642 3.76214
0.645 3.76123
0.648 3.76032
0.651 3.75941
0.654 3.7585
0.657 3.75758
0.66 3.75666
0.663 3.75574
0.666 3.75482
0.669 3.75389
0.672 3.75296
0.675 3.75203
0.678 3.75109
0.681 3.75015
0.684 3.74921
0.687 3.74827
0.69 3.74733
0.693 3.74638
0.696 3.74543
0.699 3.74448
0.702 3.74352
0.705 3.74257
0.708 3.74161
0.711 3.74064
0.714 3.73968
0.717 3.73871
0.72 3.73774
0.723 3.73677
0.726 3.7358
0.729 3.73482
0.732 3.73384
0.735 3.73286
0.738 3.73188
0.741 3.73089
0.744 3.7299
0.747 3.72891
0.75 3.72792
0.753 3.72692
0.756 3.72593
0.759 3.72493
0.762 3.72392
0.765 3.72292
0.768 3.72191
0.771 3.7209
0.774 3.71989
0.777 3.71888
0.78 3.71787
0.783 3.71685
0.786 3.71583
0.789 3.71481
0.792 3.71378
0.795 3.71276
0.798 3.71173
0.801 3.7107
0.804 3.70967
0.807 3.70863
0.81 3.70759
0.813 3.70656
0.816 3.70551
0.819 3.70447
0.822 3.70343
0.825 3.70238
0.828 3.70133
0.831 3.70028
0.834 3.69923
0.837 3.69817
0.84 3.69712
0.843 3.69606
0.846 3.695
0.849 3.69393
0.852 3.69287
0.855 3.6918
0.858 3.69073
0.861 3.68966
0.864 3.68859
0.867 3.68752
0.87 3.68644
0.873 3.68536
0.876 3.68428
0.879 3.6832
0.882 3.68212
0.885 3.68103
0.888 3.67994
0.891 3.67885
0.894 3.67776
0.897 3.67667
0.9 3.67557
0.903 3.67448
0.906 3.67338
0.909 3.67228
0.912 3.67118
0.915 3.67007
0.918 3.66897
0.921 3.66786
0.924 3.66675
0.927 3.66564
0.93 3.66453
0.933 3.66342
0.936 3.6623
0.939 3.66118
0.942 3.66006
0.945 3.65894
0.948 3.65782
0.951 3.6567
0.954 3.65557
0.957 3.65444
0.96 3.65331
0.963 3.65218
0.966 3.65105
0.969 3.64991
0.972 3.64878
0.975 3.64764
0.978 3.6465
0.981 3.64536
0.984 3.64422
0.987 3.64307
0.99 3.64193
0.993 3.64078
0.996 3.63963
0.999 3.63848
1.002 3.63733
1.005 3.63617
1.008 3.63502
1.011 3.63386
1.014 3.6327
1.017 3.63154
1.02 3.63038
1.023 3.62921
1.026 3.62805
1.029 3.62688
1.032 3.62571
1.035 3.62454
1.038 3.62337
1.041 3.62219
1.044 3.62102
1.047 3.61984
1.05 3.61866
1.053 3.61748
1.056 3.6163
1.059 3.61512
1.062 3.61393
1.065 3.61275
1.068 3.61156
1.071 3.61037
1.074 3.60917
1.077 3.60798
1.08 3.60679
1.083 3.60559
1.086 3.60439
1.089 3.60319
1.092 3.60199
1.095 3.60078
1.098 3.59958
1.101 3.59837
1.104 3.59716
1.107 3.59595
1.11 3.59474
1.113 3.59353
1.116 3.59231
1.119 3.59109
1.122 3.58987
1.125 3.58865
1.128 3.58743
1.131 3.5862
1.134 3.58498
1.137 3.58375
1.14 3.58252
1.143 3.58128
1.146 3.58005
1.149 3.57881
1.152 3.57758
1.155 3.57634
1.158 3.5751
1.161 3.57385
1.164 3.57261
1.167 3.57136
1.17 3.57011
1.173 3.56886
1.176 3.5676
1.179 3.56635
1.182 3.56509
1.185 3.56383
1.188 3.56257
1.191 3.5613
1.194 3.56004
1.197 3.55877
1.2 3.5575
1.203 3.55622
1.206 3.55495
1.209 3.55367
1.212 3.55239
1.215 3.55111
1.218 3.54983
1.221 3.54854
1.224 3.54725
1.227 3.54596
1.23 3.54467
1.233 3.54337
1.236 3.54207
1.239 3.54077
1.242 3.53947
1.245 3.53816
1.248 3.53685
1.251 3.53554
1.254 3.53423
1.257 3.53291
1.26 3.53159
1.263 3.53027
1.266 3.52894
1.269 3.52762
1.272 3.52629
1.275 3.52495
1.278 3.52362
1.281 3.52228
1.284 3.52094
1.287 3.51959
1.29 3.51824
1.293 3.51689
1.296 3.51554
1.299 3.51418
1.302 3.51282
1.305 3.51146
1.308 3.51009
1.311 3.50872
1.314 3.50735
1.317 3.50597
1.32 3.50459
1.323 3.50321
1.326 3.50182
1.329 3.50043
1.332 3.49904
1.335 3.49764
1.338 3.49624
1.341 3.49483
1.344 3.49343
1.347 3.49201
1.35 3.4906
1.353 3.48918
1.356 3.48775
1.359 3.48632
1.362 3.48489
1.365 3.48346
1.368 3.48202
1.371 3.48057
1.374 3.47912
1.377 3.47767
1.38 3.47621
1.383 3.47475
1.386 3.47329
1.389 3.47182
1.392 3.47034
1.395 3.46886
1.398 3.46738
1.401 3.46589
1.404 3.4644
1.407 3.4629
1.41 3.4614
1.413 3.45989
1.416 3.45838
1.419 3.45686
1.422 3.45534
1.425 3.45381
1.428 3.45228
1.431 3.45074
1.434 3.44919
1.437 3.44765
1.44 3.44609
1.443 3.44453
1.446 3.44297
1.449 3.4414
1.452 3.43982
1.455 3.43824
1.458 3.43665
1.461 3.43506
1.464 3.43346
1.467 3.43185
1.47 3.43024
1.473 3.42862
1.476 3.427
1.479 3.42537
1.482 3.42373
1.485 3.42209
1.488 3.42044
1.491 3.41879
1.494 3.41712
1.497 3.41546
1.5 3.41378
1.503 3.4121
1.506 3.41041
1.509 3.40871
1.512 3.40701
1.515 3.4053
1.518 3.40359
1.521 3.40186
1.524 3.40013
1.527 3.39839
1.53 3.39665
1.533 3.39489
1.536 3.39313
1.539 3.39137
1.542 3.38959
1.545 3.38781
1.548 3.38602
1.551 3.38422
1.554 3.38241
1.557 3.3806
1.56 3.37877
1.563 3.37694
1.566 3.3751
1.569 3.37326
1.572 3.3714
1.575 3.36954
1.578 3.36766
1.581 3.36578
1.584 3.36389
1.587 3.36199
1.59 3.36009
1.593 3.35817
1.596 3.35625
1.599 3.35431
1.602 3.35237
1.605 3.35042
1.608 3.34846
1.611 3.34649
1.614 3.34451
1.617 3.34252
1.62 3.34052
1.623 3.33852
1.626 3.3365
1.629 3.33447
1.632 3.33244
1.635 3.33039
1.638 3.32834
1.641 3.32627
1.644 3.32419
1.647 3.32211
1.65 3.32001
1.653 3.31791
1.656 3.31579
1.659 3.31367
1.662 3.31153
1.665 3.30939
1.668 3.30723
1.671 3.30507
1.674 3.30289
1.677 3.3007
1.68 3.2985
1.683 3.29629
1.686 3.29408
1.689 3.29185
1.692 3.28961
1.695 3.28735
1.698 3.28509
1.701 3.28282
1.704 3.28054
1.707 3.27824
1.71 3.27594
1.713 3.27362
1.716 3.27129
1.719 3.26896
1.722 3.26661
1.725 3.26425
1.728 3.26187
1.731 3.25949
1.734 3.2571
1.737 3.25469
1.74 3.25228
1.743 3.24985
1.746 3.24741
1.749 3.24496
1.752 3.2425
1.755 3.24003
1.758 3.23755
1.761 3.23506
1.764 3.23255
1.767 3.23004
1.77 3.22751
1.773 3.22497
1.776 3.22242
1.779 3.21986
1.782 3.21729
1.785 3.21471
1.788 3.21211
1.791 3.20951
1.794 3.20689
1.797 3.20426
1.8 3.20163
1.803 3.19898
1.806 3.19632
1.809 3.19365
1.812 3.19097
1.815 3.18828
1.818 3.18558
1.821 3.18286
1.824 3.18014
1.827 3.17741
1.83 3.17466
1.833 3.17191
1.836 3.16915
1.839 3.16637
1.842 3.16359
1.845 3.16079
1.848 3.15799
1.851 3.15518
1.854 3.15236
1.857 3.14952
1.86 3.14668
1.863 3.14383
1.866 3.14097
1.869 3.1381
1.872 3.13522
1.875 3.13234
1.878 3.12944
1.881 3.12654
1.884 3.12363
1.887 3.12071
1.89 3.11778
1.893 3.11485
1.896 3.1119
1.899 3.10895
1.902 3.106
1.905 3.10303
1.908 3.10006
1.911 3.09708
1.914 3.0941
1.917 3.0911
1.92 3.08811
1.923 3.0851
1.926 3.0821
1.929 3.07908
1.932 3.07606
1.935 3.07304
1.938 3.07001
1.941 3.06697
1.944 3.06394
1.947 3.06089
1.95 3.05785
1.953 3.0548
1.956 3.05175
1.959 3.04869
1.962 3.04563
1.965 3.04257
1.968 3.03951
1.971 3.03644
1.974 3.03338
1.977 3.03031
1.98 3.02724
1.983 3.02417
1.986 3.0211
1.989 3.01803
1.992 3.01496
1.995 3.01189
1.998 3.00882
2.001 3.00575
2.004 3.00268
2.007 2.99962
2.01 2.99656
2.013 2.9935
2.016 2.99044
2.019 2.98738
2.022 2.98433
2.025 2.98128
2.028 2.97824
2.031 2.9752
2.034 2.97216
2.037 2.96913
2.04 2.96611
2.043 2.96309
2.046 2.96008
2.049 2.95707
2.052 2.95407
2.055 2.95107
2.058 2.94809
2.061 2.94511
2.064 2.94214
2.067 2.93918
2.07 2.93622
2.073 2.93328
2.076 2.93034
2.079 2.92742
2.082 2.9245
2.085 2.9216
2.088 2.9187
2.091 2.91582
2.094 2.91295
2.097 2.91009
2.1 2.90724
2.103 2.9044
2.106 2.90158
2.109 2.89877
2.112 2.89597
2.115 2.89319
2.118 2.89041
2.121 2.88766
2.124 2.88491
2.127 2.88219
2.13 2.87947
2.133 2.87678
2.136 2.87409
2.139 2.87143
2.142 2.86877
2.145 2.86614
2.148 2.86352
2.151 2.86092
2.154 2.85833
2.157 2.85576
2.16 2.85321
2.163 2.85068
2.166 2.84816
2.169 2.84566
2.172 2.84318
2.175 2.84072
2.178 2.83828
2.181 2.83585
2.184 2.83345
2.187 2.83106
2.19 2.82869
2.193 2.82634
2.196 2.82401
2.199 2.8217
2.202 2.81941
2.205 2.81714
2.208 2.81489
2.211 2.81266
2.214 2.81045
2.217 2.80826
2.22 2.80609
2.223 2.80394
2.226 2.80181
2.229 2.7997
2.232 2.79762
2.235 2.79555
2.238 2.7935
2.241 2.79148
2.244 2.78947
2.247 2.78749
2.25 2.78552
2.253 2.78358
2.256 2.78166
2.259 2.77975
2.262 2.77787
2.265 2.77601
2.268 2.77418
2.271 2.77236
2.274 2.77056
2.277 2.76878
2.28 2.76703
2.283 2.76529
2.286 2.76358
2.289 2.76188
2.292 2.76021
2.295 2.75856
2.298 2.75692
2.301 2.75531
2.304 2.75372
2.307 2.75215
2.31 2.75059
2.313 2.74906
2.316 2.74755
2.319 2.74606
2.322 2.74458
2.325 2.74313
2.328 2.7417
2.331 2.74028
2.334 2.73889
2.337 2.73751
2.34 2.73616
2.343 2.73482
2.346 2.7335
2.349 2.7322
2.352 2.73092
2.355 2.72965
2.358 2.72841
2.361 2.72718
2.364 2.72597
2.367 2.72478
2.37 2.72361
2.373 2.72245
2.376 2.72131
2.379 2.72019
2.382 2.71909
2.385 2.718
2.388 2.71693
2.391 2.71588
2.394 2.71484
2.397 2.71382
2.4 2.71281
2.403 2.71182
2.406 2.71085
2.409 2.70989
2.412 2.70895
2.415 2.70803
2.418 2.70712
2.421 2.70622
2.424 2.70534
2.427 2.70447
2.43 2.70362
2.433 2.70278
2.436 2.70196
2.439 2.70115
2.442 2.70036
2.445 2.69958
2.448 2.69881
2.451 2.69806
2.454 2.69731
2.457 2.69659
2.46 2.69587
2.463 2.69517
2.466 2.69448
2.469 2.69381
2.472 2.69314
2.475 2.69249
2.478 2.69185
2.481 2.69122
2.484 2.6906
2.487 2.69
2.49 2.68941
2.493 2.68882
2.496 2.68825
2.499 2.68769
2.502 2.68714
2.505 2.6866
2.508 2.68608
2.511 2.68556
2.514 2.68505
2.517 2.68455
2.52 2.68406
2.523 2.68359
2.526 2.68312
2.529 2.68266
2.532 2.68221
2.535 2.68177
2.538 2.68134
2.541 2.68092
2.544 2.6805
2.547 2.6801
2.55 2.6797
2.553 2.67931
2.556 2.67893
2.559 2.67856
2.562 2.6782
2.565 2.67784
2.568 2.6775
2.571 2.67716
2.574 2.67683
2.577 2.6765
2.58 2.67618
2.583 2.67587
2.586 2.67557
2.589 2.67527
2.592 2.67498
2.595 2.6747
2.598 2.67443
2.601 2.67416
2.604 2.67389
2.607 2.67364
2.61 2.67339
2.613 2.67314
2.616 2.6729
2.619 2.67267
2.622 2.67244
2.625 2.67222
2.628 2.67201
2.631 2.6718
2.634 2.67159
2.637 2.67139
2.64 2.6712
2.643 2.67101
2.646 2.67083
2.649 2.67065
2.652 2.67048
2.655 2.67031
2.658 2.67014
2.661 2.66998
2.664 2.66983
2.667 2.66968
2.67 2.66953
2.673 2.66939
2.676 2.66925
2.679 2.66912
2.682 2.66899
2.685 2.66886
2.688 2.66874
2.691 2.66863
2.694 2.66851
2.697 2.6684
2.7 2.6683
2.703 2.66819
2.706 2.66809
2.709 2.668
2.712 2.66791
2.715 2.66782
2.718 2.66773
2.721 2.66765
2.724 2.66757
2.727 2.66749
2.73 2.66742
2.733 2.66735
2.736 2.66728
2.739 2.66722
2.742 2.66716
2.745 2.6671
2.748 2.66704
2.751 2.66699
2.754 2.66694
2.757 2.66689
2.76 2.66685
2.763 2.6668
2.766 2.66676
2.769 2.66672
2.772 2.66669
2.775 2.66665
2.778 2.66662
2.781 2.66659
2.784 2.66656
2.787 2.66654
2.79 2.66651
2.793 2.66649
2.796 2.66647
2.799 2.66646
2.802 2.66644
2.805 2.66643
2.808 2.66642
2.811 2.66641
2.814 2.6664
2.817 2.66639
2.82 2.66639
2.823 2.66638
2.826 2.66638
2.829 2.66638
2.832 2.66638
2.835 2.66639
2.838 2.66639
2.841 2.6664
2.844 2.6664
2.847 2.66641
2.85 2.66642
2.853 2.66643
2.856 2.66644
2.859 2.66646
2.862 2.66647
2.865 2.66649
2.868 2.66651
2.871 2.66653
2.874 2.66654
2.877 2.66657
2.88 2.66659
2.883 2.66661
2.886 2.66663
2.889 2.66666
2.892 2.66668
2.895 2.66671
2.898 2.66674
2.901 2.66677
2.904 2.6668
2.907 2.66683
2.91 2.66686
2.913 2.66689
2.916 2.66692
2.919 2.66696
2.922 2.66699
2.925 2.66703
2.928 2.66706
2.931 2.6671
2.934 2.66714
2.937 2.66718
2.94 2.66721
2.943 2.66725
2.946 2.66729
2.949 2.66733
2.952 2.66738
2.955 2.66742
2.958 2.66746
2.961 2.6675
2.964 2.66755
2.967 2.66759
2.97 2.66764
2.973 2.66768
2.976 2.66773
2.979 2.66777
2.982 2.66782
2.985 2.66786
2.988 2.66791
2.991 2.66796
2.994 2.66801
2.997 2.66806
3 2.66811
3.001 5
