0 -10
0.003 -6.62447
0.006 -6.6221
0.009 -6.6197
0.012 -6.61729
0.015 -6.61487
0.018 -6.61243
0.021 -6.60997
0.024 -6.6075
0.027 -6.60501
0.03 -6.60251
0.033 -6.59999
0.036 -6.59745
0.039 -6.5949
0.042 -6.59233
0.045 -6.58975
0.048 -6.58715
0.051 -6.58453
0.054 -6.5819
0.057 -6.57925
0.06 -6.57658
0.063 -6.57389
0.066 -6.57119
0.069 -6.56848
0.072 -6.56574
0.075 -6.56299
0.078 -6.56022
0.081 -6.55743
0.084 -6.55463
0.087 -6.55181
0.09 -6.54897
0.093 -6.54611
0.096 -6.54323
0.099 -6.54034
0.102 -6.53743
0.105 -6.5345
0.108 -6.53156
0.111 -6.52859
0.114 -6.52561
0.117 -6.52261
0.12 -6.51959
0.123 -6.51655
0.126 -6.51349
0.129 -6.51042
0.132 -6.50732
0.135 -6.50421
0.138 -6.50108
0.141 -6.49793
0.144 -6.49476
0.147 -6.49157
0.15 -6.48836
0.153 -6.48513
0.156 -6.48189
0.159 -6.47862
0.162 -6.47533
0.165 -6.47203
0.168 -6.4687
0.171 -6.46536
0.174 -6.46199
0.177 -6.45861
0.18 -6.45521
0.183 -6.45178
0.186 -6.44834
0.189 -6.44487
0.192 -6.44139
0.195 -6.43788
0.198 -6.43435
0.201 -6.43081
0.204 -6.42724
0.207 -6.42365
0.21 -6.42005
0.213 -6.41642
0.216 -6.41277
0.219 -6.4091
0.222 -6.4054
0.225 -6.40169
0.228 -6.39796
0.231 -6.3942
0.234 -6.39042
0.237 -6.38663
0.24 -6.38281
0.243 -6.37897
0.246 -6.3751
0.249 -6.37122
0.252 -6.36732
0.255 -6.36339
0.258 -6.35944
0.261 -6.35547
0.264 -6.35148
0.267 -6.34746
0.27 -6.34343
0.273 -6.33937
0.276 -6.33529
0.279 -6.33118
0.282 -6.32706
0.285 -6.32291
0.288 -6.31874
0.291 -6.31455
0.294 -6.31034
0.297 -6.3061
0.3 -6.30184
0.303 -6.29756
0.306 -6.29326
0.309 -6.28893
0.312 -6.28458
0.315 -6.28021
0.318 -6.27581
0.321 -6.2714
0.324 -6.26696
0.327 -6.26249
0.33 -6.25801
0.333 -6.2535
0.336 -6.24897
0.339 -6.24441
0.342 -6.23984
0.345 -6.23524
0.348 -6.23061
0.351 -6.22597
0.354 -6.2213
0.357 -6.21661
0.36 -6.21189
0.363 -6.20716
0.366 -6.2024
0.369 -6.19761
0.372 -6.19281
0.375 -6.18798
0.378 -6.18312
0.381 -6.17825
0.384 -6.17335
0.387 -6.16843
0.39 -6.16348
0.393 -6.15851
0.396 -6.15352
0.399 -6.14851
0.402 -6.14347
0.405 -6.13841
0.408 -6.13333
0.411 -6.12823
0.414 -6.1231
0.417 -6.11795
0.42 -6.11277
0.423 -6.10758
0.426 -6.10236
0.429 -6.09712
0.432 -6.09185
0.435 -6.08657
0.438 -6.08126
0.441 -6.07593
0.444 -6.07057
0.447 -6.06519
0.45 -6.0598
0.453 -6.05437
0.456 -6.04893
0.459 -6.04347
0.462 -6.03798
0.465 -6.03247
0.468 -6.02694
0.471 -6.02139
0.474 -6.01581
0.477 -6.01021
0.48 -6.0046
0.483 -5.99896
0.486 -5.9933
0.489 -5.98761
0.492 -5.98191
0.495 -5.97619
0.498 -5.97044
0.501 -5.96468
0.504 -5.95889
0.507 -5.95308
0.51 -5.94725
0.513 -5.9414
0.516 -5.93553
0.519 -5.92965
0.522 -5.92374
0.525 -5.91781
0.528 -5.91186
0.531 -5.90589
0.534 -5.8999
0.537 -5.8939
0.54 -5.88787
0.543 -5.88182
0.546 -5.87576
0.549 -5.86968
0.552 -5.86357
0.555 -5.85745
0.558 -5.85131
0.561 -5.84516
0.564 -5.83898
0.567 -5.83279
0.57 -5.82658
0.573 -5.82035
0.576 -5.81411
0.579 -5.80785
0.582 -5.80157
0.585 -5.79527
0.588 -5.78896
0.591 -5.78263
0.594 -5.77629
0.597 -5.76993
0.6 -5.76355
0.603 -5.75716
0.606 -5.75076
0.609 -5.74434
0.612 -5.7379
0.615 -5.73145
0.618 -5.72498
0.621 -5.7185
0.624 -5.71201
0.627 -5.7055
0.63 -5.69898
0.633 -5.69245
0.636 -5.6859
0.639 -5.67934
0.642 -5.67277
0.645 -5.66619
0.648 -5.65959
0.651 -5.65298
0.654 -5.64636
0.657 -5.63973
0.66 -5.63309
0.663 -5.62643
0.666 -5.61977
0.669 -5.6131
0.672 -5.60641
0.675 -5.59972
0.678 -5.59301
0.681 -5.5863
0.684 -5.57958
0.687 -5.57285
0.69 -5.56611
0.693 -5.55936
0.696 -5.55261
0.699 -5.54585
0.702 -5.53907
0.705 -5.5323
0.708 -5.52551
0.711 -5.51872
0.714 -5.51193
0.717 -5.50512
0.72 -5.49831
0.723 -5.4915
0.726 -5.48468
0.729 -5.47786
0.732 -5.47103
0.735 -5.4642
0.738 -5.45736
0.741 -5.45052
0.744 -5.44367
0.747 -5.43683
0.75 -5.42998
0.753 -5.42312
0.756 -5.41627
0.759 -5.40941
0.762 -5.40255
0.765 -5.39569
0.768 -5.38883
0.771 -5.38196
0.774 -5.3751
0.777 -5.36824
0.78 -5.36137
0.783 -5.35451
0.786 -5.34765
0.789 -5.34078
0.792 -5.33392
0.795 -5.32706
0.798 -5.3202
0.801 -5.31334
0.804 -5.30649
0.807 -5.29964
0.81 -5.29278
0.813 -5.28594
0.816 -5.27909
0.819 -5.27225
0.822 -5.26541
0.825 -5.25858
0.828 -5.25175
0.831 -5.24493
0.834 -5.23811
0.837 -5.23129
0.84 -5.22448
0.843 -5.21768
0.846 -5.21088
0.849 -5.20408
0.852 -5.1973
0.855 -5.19052
0.858 -5.18374
0.861 -5.17698
0.864 -5.17022
0.867 -5.16346
0.87 -5.15672
0.873 -5.14998
0.876 -5.14325
0.879 -5.13653
0.882 -5.12982
0.885 -5.12311
0.888 -5.11642
0.891 -5.10973
0.894 -5.10305
0.897 -5.09638
0.9 -5.08973
0.903 -5.08308
0.906 -5.07644
0.909 -5.06981
0.912 -5.06319
0.915 -5.05659
0.918 -5.04999
0.921 -5.0434
0.924 -5.03683
0.927 -5.03026
0.93 -5.02371
0.933 -5.01717
0.936 -5.01064
0.939 -5.00413
0.942 -4.99762
0.945 -4.99113
0.948 -4.98465
0.951 -4.97818
0.954 -4.97173
0.957 -4.96528
0.96 -4.95885
0.963 -4.95244
0.966 -4.94603
0.969 -4.93964
0.972 -4.93327
0.975 -4.9269
0.978 -4.92055
0.981 -4.91422
0.984 -4.9079
0.987 -4.90159
0.99 -4.89529
0.993 -4.88901
0.996 -4.88275
0.999 -4.8765
1.002 -4.87026
1.005 -4.86404
1.008 -4.85783
1.011 -4.85163
1.014 -4.84545
1.017 -4.83929
1.02 -4.83314
1.023 -4.82701
1.026 -4.82089
1.029 -4.81478
1.032 -4.80869
1.035 -4.80262
1.038 -4.79656
1.041 -4.79051
1.044 -4.78448
1.047 -4.77847
1.05 -4.77247
1.053 -4.76649
1.056 -4.76052
1.059 -4.75457
1.062 -4.74863
1.065 -4.74271
1.068 -4.7368
1.071 -4.73091
1.074 -4.72503
1.077 -4.71917
1.08 -4.71333
1.083 -4.7075
1.086 -4.70168
1.089 -4.69588
1.092 -4.6901
1.095 -4.68433
1.098 -4.67858
1.101 -4.67284
1.104 -4.66712
1.107 -4.66141
1.11 -4.65572
1.113 -4.65004
1.116 -4.64438
1.119 -4.63874
1.122 -4.63311
1.125 -4.62749
1.128 -4.62189
1.131 -4.61631
1.134 -4.61074
1.137 -4.60518
1.14 -4.59964
1.143 -4.59412
1.146 -4.5886
1.149 -4.58311
1.152 -4.57763
1.155 -4.57216
1.158 -4.56671
1.161 -4.56127
1.164 -4.55585
1.167 -4.55044
1.17 -4.54505
1.173 -4.53967
1.176 -4.5343
1.179 -4.52895
1.182 -4.52361
1.185 -4.51829
1.188 -4.51298
1.191 -4.50768
1.194 -4.5024
1.197 -4.49713
1.2 -4.49188
1.203 -4.48664
1.206 -4.48141
1.209 -4.47619
1.212 -4.47099
1.215 -4.46581
1.218 -4.46063
1.221 -4.45547
1.224 -4.45032
1.227 -4.44518
1.23 -4.44006
1.233 -4.43495
1.236 -4.42985
1.239 -4.42476
1.242 -4.41969
1.245 -4.41463
1.248 -4.40958
1.251 -4.40454
1.254 -4.39951
1.257 -4.3945
1.26 -4.3895
1.263 -4.38451
1.266 -4.37953
1.269 -4.37456
1.272 -4.3696
1.275 -4.36465
1.278 -4.35972
1.281 -4.3548
1.284 -4.34988
1.287 -4.34498
1.29 -4.34009
1.293 -4.33521
1.296 -4.33034
1.299 -4.32548
1.302 -4.32062
1.305 -4.31578
1.308 -4.31095
1.311 -4.30613
1.314 -4.30132
1.317 -4.29652
1.32 -4.29173
1.323 -4.28694
1.326 -4.28217
1.329 -4.2774
1.332 -4.27265
1.335 -4.2679
1.338 -4.26316
1.341 -4.25843
1.344 -4.25371
1.347 -4.249
1.35 -4.24429
1.353 -4.2396
1.356 -4.23491
1.359 -4.23023
1.362 -4.22555
1.365 -4.22089
1.368 -4.21623
1.371 -4.21158
1.374 -4.20694
1.377 -4.2023
1.38 -4.19767
1.383 -4.19305
1.386 -4.18844
1.389 -4.18383
1.392 -4.17923
1.395 -4.17463
1.398 -4.17004
1.401 -4.16546
1.404 -4.16088
1.407 -4.15631
1.41 -4.15175
1.413 -4.14719
1.416 -4.14264
1.419 -4.13809
1.422 -4.13355
1.425 -4.12901
1.428 -4.12448
1.431 -4.11995
1.434 -4.11543
1.437 -4.11092
1.44 -4.10641
1.443 -4.1019
1.446 -4.0974
1.449 -4.0929
1.452 -4.08841
1.455 -4.08392
1.458 -4.07943
1.461 -4.07495
1.464 -4.07048
1.467 -4.066
1.47 -4.06154
1.473 -4.05707
1.476 -4.05261
1.479 -4.04815
1.482 -4.0437
1.485 -4.03925
1.488 -4.0348
1.491 -4.03035
1.494 -4.02591
1.497 -4.02147
1.5 -4.01704
1.503 -4.0126
1.506 -4.00817
1.509 -4.00375
1.512 -3.99932
1.515 -3.9949
1.518 -3.99048
1.521 -3.98606
1.524 -3.98165
1.527 -3.97723
1.53 -3.97282
1.533 -3.96841
1.536 -3.964
1.539 -3.9596
1.542 -3.95519
1.545 -3.95079
1.548 -3.94639
1.551 -3.94199
1.554 -3.9376
1.557 -3.9332
1.56 -3.92881
1.563 -3.92441
1.566 -3.92002
1.569 -3.91563
1.572 -3.91124
1.575 -3.90685
1.578 -3.90247
1.581 -3.89808
1.584 -3.8937
1.587 -3.88931
1.59 -3.88493
1.593 -3.88055
1.596 -3.87616
1.599 -3.87178
1.602 -3.8674
1.605 -3.86302
1.608 -3.85865
1.611 -3.85427
1.614 -3.84989
1.617 -3.84551
1.62 -3.84114
1.623 -3.83676
1.626 -3.83239
1.629 -3.82801
1.632 -3.82364
1.635 -3.81927
1.638 -3.81489
1.641 -3.81052
1.644 -3.80615
1.647 -3.80178
1.65 -3.79741
1.653 -3.79304
1.656 -3.78867
1.659 -3.7843
1.662 -3.77993
1.665 -3.77556
1.668 -3.77119
1.671 -3.76683
1.674 -3.76246
1.677 -3.75809
1.68 -3.75373
1.683 -3.74936
1.686 -3.745
1.689 -3.74063
1.692 -3.73627
1.695 -3.73191
1.698 -3.72754
1.701 -3.72318
1.704 -3.71882
1.707 -3.71446
1.71 -3.7101
1.713 -3.70575
1.716 -3.70139
1.719 -3.69703
1.722 -3.69268
1.725 -3.68833
1.728 -3.68397
1.731 -3.67962
1.734 -3.67527
1.737 -3.67093
1.74 -3.66658
1.743 -3.66223
1.746 -3.65789
1.749 -3.65355
1.752 -3.64921
1.755 -3.64487
1.758 -3.64053
1.761 -3.6362
1.764 -3.63187
1.767 -3.62754
1.77 -3.62321
1.773 -3.61889
1.776 -3.61456
1.779 -3.61024
1.782 -3.60593
1.785 -3.60161
1.788 -3.5973
1.791 -3.59299
1.794 -3.58869
1.797 -3.58439
1.8 -3.58009
1.803 -3.57579
1.806 -3.5715
1.809 -3.56722
1.812 -3.56293
1.815 -3.55865
1.818 -3.55438
1.821 -3.55011
1.824 -3.54584
1.827 -3.54158
1.83 -3.53733
1.833 -3.53308
1.836 -3.52883
1.839 -3.52459
1.842 -3.52035
1.845 -3.51613
1.848 -3.5119
1.851 -3.50769
1.854 -3.50347
1.857 -3.49927
1.86 -3.49507
1.863 -3.49088
1.866 -3.4867
1.869 -3.48252
1.872 -3.47835
1.875 -3.47419
1.878 -3.47004
1.881 -3.46589
1.884 -3.46175
1.887 -3.45762
1.89 -3.4535
1.893 -3.44939
1.896 -3.44529
1.899 -3.4412
1.902 -3.43711
1.905 -3.43304
1.908 -3.42897
1.911 -3.42492
1.914 -3.42088
1.917 -3.41685
1.92 -3.41283
1.923 -3.40882
1.926 -3.40482
1.929 -3.40083
1.932 -3.39686
1.935 -3.3929
1.938 -3.38895
1.941 -3.38501
1.944 -3.38109
1.947 -3.37718
1.95 -3.37328
1.953 -3.3694
1.956 -3.36553
1.959 -3.36168
1.962 -3.35784
1.965 -3.35401
1.968 -3.35021
1.971 -3.34641
1.974 -3.34264
1.977 -3.33888
1.98 -3.33513
1.983 -3.3314
1.986 -3.32769
1.989 -3.324
1.992 -3.32033
1.995 -3.31667
1.998 -3.31303
2.001 -3.30941
2.004 -3.30581
2.007 -3.30223
2.01 -3.29867
2.013 -3.29512
2.016 -3.2916
2.019 -3.2881
2.022 -3.28462
2.025 -3.28116
2.028 -3.27772
2.031 -3.2743
2.034 -3.2709
2.037 -3.26753
2.04 -3.26418
2.043 -3.26085
2.046 -3.25755
2.049 -3.25426
2.052 -3.25101
2.055 -3.24777
2.058 -3.24456
2.061 -3.24138
2.064 -3.23822
2.067 -3.23508
2.07 -3.23197
2.073 -3.22888
2.076 -3.22582
2.079 -3.22279
2.082 -3.21978
2.085 -3.2168
2.088 -3.21385
2.091 -3.21092
2.094 -3.20802
2.097 -3.20515
2.1 -3.20231
2.103 -3.19949
2.106 -3.1967
2.109 -3.19394
2.112 -3.19121
2.115 -3.18851
2.118 -3.18584
2.121 -3.18319
2.124 -3.18058
2.127 -3.17799
2.13 -3.17544
2.133 -3.17291
2.136 -3.17042
2.139 -3.16795
2.142 -3.16552
2.145 -3.16311
2.148 -3.16074
2.151 -3.15839
2.154 -3.15608
2.157 -3.1538
2.16 -3.15155
2.163 -3.14933
2.166 -3.14714
2.169 -3.14498
2.172 -3.14285
2.175 -3.14076
2.178 -3.13869
2.181 -3.13666
2.184 -3.13466
2.187 -3.13269
2.19 -3.13075
2.193 -3.12884
2.196 -3.12697
2.199 -3.12513
2.202 -3.12331
2.205 -3.12153
2.208 -3.11978
2.211 -3.11807
2.214 -3.11638
2.217 -3.11473
2.22 -3.1131
2.223 -3.11151
2.226 -3.10995
2.229 -3.10842
2.232 -3.10692
2.235 -3.10545
2.238 -3.10401
2.241 -3.10261
2.244 -3.10123
2.247 -3.09988
2.25 -3.09857
2.253 -3.09728
2.256 -3.09603
2.259 -3.0948
2.262 -3.09361
2.265 -3.09244
2.268 -3.0913
2.271 -3.09019
2.274 -3.08912
2.277 -3.08807
2.28 -3.08704
2.283 -3.08605
2.286 -3.08509
2.289 -3.08415
2.292 -3.08324
2.295 -3.08236
2.298 -3.08151
2.301 -3.08068
2.304 -3.07989
2.307 -3.07911
2.31 -3.07837
2.313 -3.07765
2.316 -3.07695
2.319 -3.07629
2.322 -3.07565
2.325 -3.07503
2.328 -3.07444
2.331 -3.07387
2.334 -3.07333
2.337 -3.07281
2.34 -3.07232
2.343 -3.07185
2.346 -3.0714
2.349 -3.07098
2.352 -3.07058
2.355 -3.0702
2.358 -3.06985
2.361 -3.06951
2.364 -3.0692
2.367 -3.06891
2.37 -3.06865
2.373 -3.0684
2.376 -3.06817
2.379 -3.06797
2.382 -3.06778
2.385 -3.06762
2.388 -3.06747
2.391 -3.06734
2.394 -3.06724
2.397 -3.06715
2.4 -3.06708
2.403 -3.06703
2.406 -3.06699
2.409 -3.06698
2.412 -3.06698
2.415 -3.067
2.418 -3.06703
2.421 -3.06708
2.424 -3.06715
2.427 -3.06723
2.43 -3.06733
2.433 -3.06745
2.436 -3.06758
2.439 -3.06773
2.442 -3.06789
2.445 -3.06806
2.448 -3.06825
2.451 -3.06845
2.454 -3.06867
2.457 -3.0689
2.46 -3.06914
2.463 -3.0694
2.466 -3.06967
2.469 -3.06995
2.472 -3.07024
2.475 -3.07054
2.478 -3.07086
2.481 -3.07119
2.484 -3.07153
2.487 -3.07188
2.49 -3.07224
2.493 -3.07261
2.496 -3.07299
2.499 -3.07338
2.502 -3.07378
2.505 -3.07419
2.508 -3.07461
2.511 -3.07504
2.514 -3.07548
2.517 -3.07593
2.52 -3.07638
2.523 -3.07685
2.526 -3.07732
2.529 -3.0778
2.532 -3.07829
2.535 -3.07878
2.538 -3.07928
2.541 -3.07979
2.544 -3.08031
2.547 -3.08083
2.55 -3.08136
2.553 -3.0819
2.556 -3.08244
2.559 -3.08299
2.562 -3.08354
2.565 -3.0841
2.568 -3.08466
2.571 -3.08523
2.574 -3.08581
2.577 -3.08639
2.58 -3.08697
2.583 -3.08756
2.586 -3.08816
2.589 -3.08876
2.592 -3.08936
2.595 -3.08997
2.598 -3.09058
2.601 -3.09119
2.604 -3.09181
2.607 -3.09244
2.61 -3.09306
2.613 -3.09369
2.616 -3.09432
2.619 -3.09496
2.622 -3.09559
2.625 -3.09623
2.628 -3.09688
2.631 -3.09752
2.634 -3.09817
2.637 -3.09882
2.64 -3.09948
2.643 -3.10013
2.646 -3.10079
2.649 -3.10145
2.652 -3.10211
2.655 -3.10277
2.658 -3.10343
2.661 -3.1041
2.664 -3.10476
2.667 -3.10543
2.67 -3.1061
2.673 -3.10677
2.676 -3.10744
2.679 -3.10811
2.682 -3.10878
2.685 -3.10946
2.688 -3.11013
2.691 -3.11081
2.694 -3.11148
2.697 -3.11216
2.7 -3.11283
2.703 -3.11351
2.706 -3.11419
2.709 -3.11486
2.712 -3.11554
2.715 -3.11621
2.718 -3.11689
2.721 -3.11757
2.724 -3.11824
2.727 -3.11892
2.73 -3.1196
2.733 -3.12027
2.736 -3.12095
2.739 -3.12162
2.742 -3.12229
2.745 -3.12297
2.748 -3.12364
2.751 -3.12431
2.754 -3.12498
2.757 -3.12565
2.76 -3.12632
2.763 -3.12699
2.766 -3.12766
2.769 -3.12832
2.772 -3.12899
2.775 -3.12965
2.778 -3.13032
2.781 -3.13098
2.784 -3.13164
2.787 -3.1323
2.79 -3.13296
2.793 -3.13362
2.796 -3.13427
2.799 -3.13493
2.802 -3.13558
2.805 -3.13623
2.808 -3.13689
2.811 -3.13753
2.814 -3.13818
2.817 -3.13883
2.82 -3.13947
2.823 -3.14012
2.826 -3.14076
2.829 -3.1414
2.832 -3.14204
2.835 -3.14267
2.838 -3.14331
2.841 -3.14394
2.844 -3.14457
2.847 -3.1452
2.85 -3.14583
2.853 -3.14645
2.856 -3.14708
2.859 -3.1477
2.862 -3.14832
2.865 -3.14894
2.868 -3.14956
2.871 -3.15017
2.874 -3.15078
2.877 -3.15139
2.88 -3.152
2.883 -3.15261
2.886 -3.15322
2.889 -3.15382
2.892 -3.15442
2.895 -3.15502
2.898 -3.15562
2.901 -3.15621
2.904 -3.1568
2.907 -3.1574
2.91 -3.15798
2.913 -3.15857
2.916 -3.15916
2.919 -3.15974
2.922 -3.16032
2.925 -3.1609
2.928 -3.16148
2.931 -3.16205
2.934 -3.16262
2.937 -3.16319
2.94 -3.16376
2.943 -3.16433
2.946 -3.16489
2.949 -3.16545
2.952 -3.16601
2.955 -3.16657
2.958 -3.16713
2.961 -3.16768
2.964 -3.16823
2.967 -3.16878
2.97 -3.16933
2.973 -3.16987
2.976 -3.17041
2.979 -3.17096
2.982 -3.17149
2.985 -3.17203
2.988 -3.17256
2.991 -3.1731
2.994 -3.17363
2.997 -3.17415
3 -3.17468
3.001 -10
