0 0
0.003 0.334129
0.006 0.335169
0.009 0.336216
0.012 0.33727
0.015 0.338332
0.018 0.3394
0.021 0.340475
0.024 0.341558
0.027 0.342648
0.03 0.343745
0.033 0.34485
0.036 0.345962
0.039 0.347081
0.042 0.348208
0.045 0.349343
0.048 0.350485
0.051 0.351634
0.054 0.352792
0.057 0.353957
0.06 0.35513
0.063 0.35631
0.066 0.357499
0.069 0.358695
0.072 0.359899
0.075 0.361112
0.078 0.362332
0.081 0.363561
0.084 0.364797
0.087 0.366042
0.09 0.367295
0.093 0.368556
0.096 0.369826
0.099 0.371104
0.102 0.37239
0.105 0.373685
0.108 0.374989
0.111 0.376301
0.114 0.377621
0.117 0.378951
0.12 0.380289
0.123 0.381635
0.126 0.382991
0.129 0.384355
0.132 0.385729
0.135 0.387111
0.138 0.388502
0.141 0.389903
0.144 0.391312
0.147 0.392731
0.15 0.394159
0.153 0.395596
0.156 0.397043
0.159 0.398498
0.162 0.399964
0.165 0.401438
0.168 0.402923
0.171 0.404417
0.174 0.40592
0.177 0.407433
0.18 0.408956
0.183 0.410489
0.186 0.412031
0.189 0.413583
0.192 0.415146
0.195 0.416718
0.198 0.4183
0.201 0.419892
0.204 0.421495
0.207 0.423107
0.21 0.42473
0.213 0.426363
0.216 0.428007
0.219 0.429661
0.222 0.431325
0.225 0.433
0.228 0.434685
0.231 0.436381
0.234 0.438088
0.237 0.439805
0.24 0.441533
0.243 0.443272
0.246 0.445021
0.249 0.446782
0.252 0.448553
0.255 0.450335
0.258 0.452129
0.261 0.453933
0.264 0.455749
0.267 0.457576
0.27 0.459414
0.273 0.461263
0.276 0.463124
0.279 0.464996
0.282 0.46688
0.285 0.468775
0.288 0.470681
0.291 0.472599
0.294 0.474529
0.297 0.47647
0.3 0.478423
0.303 0.480388
0.306 0.482365
0.309 0.484353
0.312 0.486354
0.315 0.488366
0.318 0.49039
0.321 0.492427
0.324 0.494475
0.327 0.496536
0.33 0.498608
0.333 0.500693
0.336 0.50279
0.339 0.5049
0.342 0.507021
0.345 0.509155
0.348 0.511302
0.351 0.513461
0.354 0.515632
0.357 0.517816
0.36 0.520013
0.363 0.522222
0.366 0.524444
0.369 0.526678
0.372 0.528925
0.375 0.531185
0.378 0.533458
0.381 0.535743
0.384 0.538042
0.387 0.540353
0.39 0.542677
0.393 0.545014
0.396 0.547364
0.399 0.549727
0.402 0.552103
0.405 0.554492
0.408 0.556895
0.411 0.55931
0.414 0.561738
0.417 0.56418
0.42 0.566635
0.423 0.569103
0.426 0.571584
0.429 0.574079
0.432 0.576587
0.435 0.579108
0.438 0.581643
0.441 0.584191
0.444 0.586752
0.447 0.589326
0.45 0.591915
0.453 0.594516
0.456 0.597131
0.459 0.599759
0.462 0.602401
0.465 0.605056
0.468 0.607725
0.471 0.610407
0.474 0.613103
0.477 0.615812
0.48 0.618535
0.483 0.621271
0.486 0.62402
0.489 0.626784
0.492 0.62956
0.495 0.632351
0.498 0.635154
0.501 0.637972
0.504 0.640802
0.507 0.643647
0.51 0.646505
0.513 0.649376
0.516 0.652261
0.519 0.655159
0.522 0.65807
0.525 0.660996
0.528 0.663934
0.531 0.666886
0.534 0.669852
0.537 0.67283
0.54 0.675823
0.543 0.678828
0.546 0.681847
0.549 0.684879
0.552 0.687925
0.555 0.690984
0.558 0.694056
0.561 0.697141
0.564 0.700239
0.567 0.703351
0.57 0.706475
0.573 0.709613
0.576 0.712764
0.579 0.715928
0.582 0.719105
0.585 0.722294
0.588 0.725497
0.591 0.728713
0.594 0.731941
0.597 0.735182
0.6 0.738436
0.603 0.741703
0.606 0.744982
0.609 0.748274
0.612 0.751578
0.615 0.754895
0.618 0.758224
0.621 0.761566
0.624 0.76492
0.627 0.768286
0.63 0.771665
0.633 0.775055
0.636 0.778458
0.639 0.781873
0.642 0.7853
0.645 0.788739
0.648 0.792189
0.651 0.795652
0.654 0.799126
0.657 0.802611
0.66 0.806109
0.663 0.809618
0.666 0.813138
0.669 0.816669
0.672 0.820212
0.675 0.823766
0.678 0.827332
0.681 0.830908
0.684 0.834495
0.687 0.838093
0.69 0.841702
0.693 0.845322
0.696 0.848952
0.699 0.852593
0.702 0.856245
0.705 0.859907
0.708 0.863579
0.711 0.867261
0.714 0.870954
0.717 0.874656
0.72 0.878369
0.723 0.882091
0.726 0.885823
0.729 0.889565
0.732 0.893316
0.735 0.897077
0.738 0.900848
0.741 0.904627
0.744 0.908416
0.747 0.912214
0.75 0.916021
0.753 0.919837
0.756 0.923662
0.759 0.927495
0.762 0.931337
0.765 0.935188
0.768 0.939047
0.771 0.942915
0.774 0.94679
0.777 0.950674
0.78 0.954566
0.783 0.958466
0.786 0.962373
0.789 0.966288
0.792 0.970211
0.795 0.974142
0.798 0.97808
0.801 0.982025
0.804 0.985977
0.807 0.989937
0.81 0.993904
0.813 0.997877
0.816 1.00186
0.819 1.00584
0.822 1.00984
0.825 1.01384
0.828 1.01785
0.831 1.02186
0.834 1.02588
0.837 1.0299
0.84 1.03393
0.843 1.03797
0.846 1.04201
0.849 1.04606
0.852 1.05012
0.855 1.05418
0.858 1.05824
0.861 1.06231
0.864 1.06639
0.867 1.07047
0.87 1.07456
0.873 1.07865
0.876 1.08274
0.879 1.08684
0.882 1.09095
0.885 1.09506
0.888 1.09917
0.891 1.10329
0.894 1.10742
0.897 1.11154
0.9 1.11568
0.903 1.11981
0.906 1.12395
0.909 1.12809
0.912 1.13224
0.915 1.13639
0.918 1.14055
0.921 1.14471
0.924 1.14887
0.927 1.15303
0.93 1.1572
0.933 1.16137
0.936 1.16555
0.939 1.16973
0.942 1.17391
0.945 1.17809
0.948 1.18228
0.951 1.18647
0.954 1.19066
0.957 1.19486
0.96 1.19905
0.963 1.20325
0.966 1.20746
0.969 1.21166
0.972 1.21587
0.975 1.22008
0.978 1.22429
0.981 1.22851
0.984 1.23272
0.987 1.23694
0.99 1.24116
0.993 1.24539
0.996 1.24961
0.999 1.25384
1.002 1.25807
1.005 1.2623
1.008 1.26653
1.011 1.27076
1.014 1.275
1.017 1.27924
1.02 1.28348
1.023 1.28772
1.026 1.29196
1.029 1.2962
1.032 1.30045
1.035 1.30469
1.038 1.30894
1.041 1.31319
1.044 1.31744
1.047 1.3217
1.05 1.32595
1.053 1.3302
1.056 1.33446
1.059 1.33872
1.062 1.34298
1.065 1.34724
1.068 1.3515
1.071 1.35576
1.074 1.36002
1.077 1.36429
1.08 1.36855
1.083 1.37282
1.086 1.37709
1.089 1.38136
1.092 1.38563
1.095 1.3899
1.098 1.39418
1.101 1.39845
1.104 1.40273
1.107 1.40701
1.11 1.41128
1.113 1.41556
1.116 1.41985
1.119 1.42413
1.122 1.42841
1.125 1.4327
1.128 1.43698
1.131 1.44127
1.134 1.44556
1.137 1.44985
1.14 1.45414
1.143 1.45844
1.146 1.46273
1.149 1.46703
1.152 1.47133
1.155 1.47563
1.158 1.47993
1.161 1.48424
1.164 1.48854
1.167 1.49285
1.17 1.49716
1.173 1.50147
1.176 1.50578
1.179 1.5101
1.182 1.51441
1.185 1.51873
1.188 1.52305
1.191 1.52738
1.194 1.5317
1.197 1.53603
1.2 1.54036
1.203 1.54469
1.206 1.54903
1.209 1.55337
1.212 1.55771
1.215 1.56205
1.218 1.5664
1.221 1.57075
1.224 1.5751
1.227 1.57945
1.23 1.58381
1.233 1.58817
1.236 1.59254
1.239 1.59691
1.242 1.60128
1.245 1.60565
1.248 1.61003
1.251 1.61441
1.254 1.6188
1.257 1.62319
1.26 1.62759
1.263 1.63198
1.266 1.63639
1.269 1.64079
1.272 1.6452
1.275 1.64962
1.278 1.65404
1.281 1.65846
1.284 1.66289
1.287 1.66733
1.29 1.67176
1.293 1.67621
1.296 1.68066
1.299 1.68511
1.302 1.68957
1.305 1.69404
1.308 1.69851
1.311 1.70299
1.314 1.70747
1.317 1.71196
1.32 1.71646
1.323 1.72096
1.326 1.72547
1.329 1.72998
1.332 1.7345
1.335 1.73903
1.338 1.74357
1.341 1.74811
1.344 1.75266
1.347 1.75722
1.35 1.76178
1.353 1.76635
1.356 1.77093
1.359 1.77552
1.362 1.78012
1.365 1.78472
1.368 1.78933
1.371 1.79395
1.374 1.79858
1.377 1.80322
1.38 1.80787
1.383 1.81252
1.386 1.81719
1.389 1.82187
1.392 1.82655
1.395 1.83124
1.398 1.83595
1.401 1.84066
1.404 1.84539
1.407 1.85012
1.41 1.85487
1.413 1.85962
1.416 1.86439
1.419 1.86917
1.422 1.87396
1.425 1.87876
1.428 1.88357
1.431 1.8884
1.434 1.89323
1.437 1.89808
1.44 1.90294
1.443 1.90781
1.446 1.9127
1.449 1.9176
1.452 1.92251
1.455 1.92743
1.458 1.93237
1.461 1.93732
1.464 1.94228
1.467 1.94726
1.47 1.95225
1.473 1.95726
1.476 1.96228
1.479 1.96732
1.482 1.97237
1.485 1.97743
1.488 1.98251
1.491 1.98761
1.494 1.99272
1.497 1.99785
1.5 2.00299
1.503 2.00815
1.506 2.01333
1.509 2.01852
1.512 2.02373
1.515 2.02895
1.518 2.03419
1.521 2.03945
1.524 2.04473
1.527 2.05002
1.53 2.05534
1.533 2.06067
1.536 2.06601
1.539 2.07138
1.542 2.07677
1.545 2.08217
1.548 2.08759
1.551 2.09303
1.554 2.09849
1.557 2.10397
1.56 2.10947
1.563 2.11499
1.566 2.12053
1.569 2.1261
1.572 2.13168
1.575 2.13728
1.578 2.1429
1.581 2.14854
1.584 2.15421
1.587 2.15989
1.59 2.1656
1.593 2.17132
1.596 2.17707
1.599 2.18285
1.602 2.18864
1.605 2.19446
1.608 2.2003
1.611 2.20616
1.614 2.21204
1.617 2.21795
1.62 2.22388
1.623 2.22983
1.626 2.23581
1.629 2.24181
1.632 2.24784
1.635 2.25388
1.638 2.25996
1.641 2.26605
1.644 2.27218
1.647 2.27832
1.65 2.28449
1.653 2.29069
1.656 2.29691
1.659 2.30315
1.662 2.30942
1.665 2.31572
1.668 2.32204
1.671 2.32838
1.674 2.33475
1.677 2.34115
1.68 2.34757
1.683 2.35402
1.686 2.3605
1.689 2.367
1.692 2.37353
1.695 2.38008
1.698 2.38666
1.701 2.39327
1.704 2.3999
1.707 2.40656
1.71 2.41324
1.713 2.41996
1.716 2.42669
1.719 2.43346
1.722 2.44025
1.725 2.44707
1.728 2.45392
1.731 2.46079
1.734 2.46769
1.737 2.47462
1.74 2.48157
1.743 2.48855
1.746 2.49556
1.749 2.50259
1.752 2.50966
1.755 2.51674
1.758 2.52386
1.761 2.531
1.764 2.53817
1.767 2.54536
1.77 2.55258
1.773 2.55983
1.776 2.5671
1.779 2.5744
1.782 2.58173
1.785 2.58908
1.788 2.59646
1.791 2.60387
1.794 2.6113
1.797 2.61875
1.8 2.62623
1.803 2.63374
1.806 2.64127
1.809 2.64882
1.812 2.6564
1.815 2.66401
1.818 2.67164
1.821 2.67929
1.824 2.68697
1.827 2.69467
1.83 2.70239
1.833 2.71014
1.836 2.71791
1.839 2.7257
1.842 2.73352
1.845 2.74136
1.848 2.74921
1.851 2.75709
1.854 2.765
1.857 2.77292
1.86 2.78086
1.863 2.78882
1.866 2.7968
1.869 2.8048
1.872 2.81282
1.875 2.82086
1.878 2.82891
1.881 2.83699
1.884 2.84508
1.887 2.85318
1.89 2.8613
1.893 2.86944
1.896 2.8776
1.899 2.88576
1.902 2.89394
1.905 2.90214
1.908 2.91035
1.911 2.91857
1.914 2.9268
1.917 2.93504
1.92 2.9433
1.923 2.95156
1.926 2.95984
1.929 2.96812
1.932 2.97641
1.935 2.98471
1.938 2.99302
1.941 3.00133
1.944 3.00965
1.947 3.01797
1.95 3.0263
1.953 3.03463
1.956 3.04296
1.959 3.05129
1.962 3.05963
1.965 3.06797
1.968 3.0763
1.971 3.08464
1.974 3.09297
1.977 3.1013
1.98 3.10963
1.983 3.11795
1.986 3.12627
1.989 3.13459
1.992 3.14289
1.995 3.15119
1.998 3.15948
2.001 3.16776
2.004 3.17604
2.007 3.1843
2.01 3.19255
2.013 3.20078
2.016 3.20901
2.019 3.21722
2.022 3.22541
2.025 3.23359
2.028 3.24175
2.031 3.24989
2.034 3.25802
2.037 3.26612
2.04 3.27421
2.043 3.28227
2.046 3.29032
2.049 3.29834
2.052 3.30633
2.055 3.3143
2.058 3.32225
2.061 3.33017
2.064 3.33806
2.067 3.34592
2.07 3.35376
2.073 3.36156
2.076 3.36934
2.079 3.37708
2.082 3.38479
2.085 3.39247
2.088 3.40012
2.091 3.40773
2.094 3.4153
2.097 3.42284
2.1 3.43034
2.103 3.43781
2.106 3.44524
2.109 3.45262
2.112 3.45997
2.115 3.46728
2.118 3.47454
2.121 3.48177
2.124 3.48895
2.127 3.49609
2.13 3.50318
2.133 3.51023
2.136 3.51724
2.139 3.5242
2.142 3.53112
2.145 3.53798
2.148 3.5448
2.151 3.55158
2.154 3.5583
2.157 3.56498
2.16 3.57161
2.163 3.57819
2.166 3.58471
2.169 3.59119
2.172 3.59762
2.175 3.604
2.178 3.61032
2.181 3.61659
2.184 3.62281
2.187 3.62898
2.19 3.6351
2.193 3.64116
2.196 3.64717
2.199 3.65313
2.202 3.65903
2.205 3.66488
2.208 3.67068
2.211 3.67642
2.214 3.68211
2.217 3.68774
2.22 3.69332
2.223 3.69884
2.226 3.70431
2.229 3.70973
2.232 3.71509
2.235 3.72039
2.238 3.72564
2.241 3.73084
2.244 3.73598
2.247 3.74107
2.25 3.7461
2.253 3.75108
2.256 3.75601
2.259 3.76088
2.262 3.76569
2.265 3.77045
2.268 3.77516
2.271 3.77982
2.274 3.78442
2.277 3.78897
2.28 3.79346
2.283 3.7979
2.286 3.80229
2.289 3.80663
2.292 3.81092
2.295 3.81515
2.298 3.81933
2.301 3.82346
2.304 3.82754
2.307 3.83157
2.31 3.83555
2.313 3.83948
2.316 3.84336
2.319 3.84719
2.322 3.85097
2.325 3.8547
2.328 3.85839
2.331 3.86202
2.334 3.86561
2.337 3.86915
2.34 3.87264
2.343 3.87609
2.346 3.87949
2.349 3.88285
2.352 3.88616
2.355 3.88942
2.358 3.89264
2.361 3.89582
2.364 3.89895
2.367 3.90204
2.37 3.90509
2.373 3.90809
2.376 3.91105
2.379 3.91397
2.382 3.91685
2.385 3.91969
2.388 3.92249
2.391 3.92524
2.394 3.92796
2.397 3.93064
2.4 3.93328
2.403 3.93588
2.406 3.93845
2.409 3.94098
2.412 3.94347
2.415 3.94592
2.418 3.94834
2.421 3.95072
2.424 3.95306
2.427 3.95538
2.43 3.95765
2.433 3.9599
2.436 3.9621
2.439 3.96428
2.442 3.96642
2.445 3.96854
2.448 3.97061
2.451 3.97266
2.454 3.97468
2.457 3.97666
2.46 3.97862
2.463 3.98054
2.466 3.98244
2.469 3.98431
2.472 3.98614
2.475 3.98795
2.478 3.98974
2.481 3.99149
2.484 3.99322
2.487 3.99491
2.49 3.99659
2.493 3.99823
2.496 3.99986
2.499 4.00145
2.502 4.00302
2.505 4.00457
2.508 4.00609
2.511 4.00759
2.514 4.00906
2.517 4.01051
2.52 4.01194
2.523 4.01334
2.526 4.01472
2.529 4.01608
2.532 4.01742
2.535 4.01874
2.538 4.02003
2.541 4.02131
2.544 4.02256
2.547 4.0238
2.55 4.02501
2.553 4.02621
2.556 4.02738
2.559 4.02854
2.562 4.02968
2.565 4.0308
2.568 4.0319
2.571 4.03298
2.574 4.03405
2.577 4.03509
2.58 4.03613
2.583 4.03714
2.586 4.03814
2.589 4.03912
2.592 4.04008
2.595 4.04103
2.598 4.04197
2.601 4.04289
2.604 4.04379
2.607 4.04468
2.61 4.04555
2.613 4.04641
2.616 4.04726
2.619 4.04809
2.622 4.04891
2.625 4.04971
2.628 4.0505
2.631 4.05128
2.634 4.05204
2.637 4.05279
2.64 4.05353
2.643 4.05426
2.646 4.05497
2.649 4.05568
2.652 4.05637
2.655 4.05705
2.658 4.05772
2.661 4.05837
2.664 4.05902
2.667 4.05965
2.67 4.06028
2.673 4.06089
2.676 4.06149
2.679 4.06209
2.682 4.06267
2.685 4.06324
2.688 4.06381
2.691 4.06436
2.694 4.06491
2.697 4.06544
2.7 4.06597
2.703 4.06648
2.706 4.06699
2.709 4.06749
2.712 4.06798
2.715 4.06847
2.718 4.06894
2.721 4.06941
2.724 4.06987
2.727 4.07032
2.73 4.07076
2.733 4.07119
2.736 4.07162
2.739 4.07204
2.742 4.07246
2.745 4.07286
2.748 4.07326
2.751 4.07365
2.754 4.07404
2.757 4.07442
2.76 4.07479
2.763 4.07515
2.766 4.07551
2.769 4.07586
2.772 4.07621
2.775 4.07655
2.778 4.07688
2.781 4.07721
2.784 4.07754
2.787 4.07785
2.79 4.07816
2.793 4.07847
2.796 4.07877
2.799 4.07906
2.802 4.07935
2.805 4.07964
2.808 4.07992
2.811 4.08019
2.814 4.08046
2.817 4.08073
2.82 4.08099
2.823 4.08124
2.826 4.08149
2.829 4.08174
2.832 4.08198
2.835 4.08222
2.838 4.08245
2.841 4.08268
2.844 4.0829
2.847 4.08312
2.85 4.08334
2.853 4.08355
2.856 4.08376
2.859 4.08396
2.862 4.08417
2.865 4.08436
2.868 4.08456
2.871 4.08474
2.874 4.08493
2.877 4.08511
2.88 4.08529
2.883 4.08547
2.886 4.08564
2.889 4.08581
2.892 4.08597
2.895 4.08614
2.898 4.0863
2.901 4.08645
2.904 4.08661
2.907 4.08676
2.91 4.0869
2.913 4.08705
2.916 4.08719
2.919 4.08733
2.922 4.08747
2.925 4.0876
2.928 4.08773
2.931 4.08786
2.934 4.08798
2.937 4.08811
2.94 4.08823
2.943 4.08835
2.946 4.08846
2.949 4.08858
2.952 4.08869
2.955 4.0888
2.958 4.0889
2.961 4.08901
2.964 4.08911
2.967 4.08921
2.97 4.08931
2.973 4.0894
2.976 4.0895
2.979 4.08959
2.982 4.08968
2.985 4.08976
2.988 4.08985
2.991 4.08993
2.994 4.09002
2.997 4.0901
3 4.09017
3.001 0
