0 -10
0.003 -6.33792
0.006 -6.33415
0.009 -6.33036
0.012 -6.32654
0.015 -6.3227
0.018 -6.31883
0.021 -6.31493
0.024 -6.31101
0.027 -6.30707
0.03 -6.30309
0.033 -6.29909
0.036 -6.29507
0.039 -6.29102
0.042 -6.28694
0.045 -6.28284
0.048 -6.27871
0.051 -6.27455
0.054 -6.27037
0.057 -6.26616
0.06 -6.26192
0.063 -6.25765
0.066 -6.25336
0.069 -6.24905
0.072 -6.2447
0.075 -6.24033
0.078 -6.23593
0.081 -6.2315
0.084 -6.22705
0.087 -6.22257
0.09 -6.21806
0.093 -6.21352
0.096 -6.20895
0.099 -6.20436
0.102 -6.19974
0.105 -6.1951
0.108 -6.19042
0.111 -6.18572
0.114 -6.18099
0.117 -6.17623
0.12 -6.17144
0.123 -6.16663
0.126 -6.16178
0.129 -6.15691
0.132 -6.15201
0.135 -6.14709
0.138 -6.14213
0.141 -6.13715
0.144 -6.13214
0.147 -6.1271
0.15 -6.12203
0.153 -6.11694
0.156 -6.11181
0.159 -6.10666
0.162 -6.10148
0.165 -6.09627
0.168 -6.09104
0.171 -6.08577
0.174 -6.08048
0.177 -6.07516
0.18 -6.06981
0.183 -6.06444
0.186 -6.05903
0.189 -6.0536
0.192 -6.04814
0.195 -6.04265
0.198 -6.03714
0.201 -6.03159
0.204 -6.02602
0.207 -6.02042
0.21 -6.0148
0.213 -6.00914
0.216 -6.00346
0.219 -5.99775
0.222 -5.99202
0.225 -5.98625
0.228 -5.98046
0.231 -5.97465
0.234 -5.9688
0.237 -5.96293
0.24 -5.95703
0.243 -5.95111
0.246 -5.94516
0.249 -5.93918
0.252 -5.93318
0.255 -5.92715
0.258 -5.92109
0.261 -5.91501
0.264 -5.9089
0.267 -5.90277
0.27 -5.89661
0.273 -5.89042
0.276 -5.88421
0.279 -5.87798
0.282 -5.87172
0.285 -5.86543
0.288 -5.85912
0.291 -5.85279
0.294 -5.84643
0.297 -5.84005
0.3 -5.83364
0.303 -5.82721
0.306 -5.82076
0.309 -5.81428
0.312 -5.80778
0.315 -5.80126
0.318 -5.79471
0.321 -5.78814
0.324 -5.78155
0.327 -5.77493
0.33 -5.7683
0.333 -5.76164
0.336 -5.75496
0.339 -5.74826
0.342 -5.74154
0.345 -5.7348
0.348 -5.72804
0.351 -5.72125
0.354 -5.71445
0.357 -5.70763
0.36 -5.70079
0.363 -5.69392
0.366 -5.68704
0.369 -5.68014
0.372 -5.67322
0.375 -5.66629
0.378 -5.65933
0.381 -5.65236
0.384 -5.64537
0.387 -5.63836
0.39 -5.63134
0.393 -5.6243
0.396 -5.61724
0.399 -5.61017
0.402 -5.60308
0.405 -5.59597
0.408 -5.58885
0.411 -5.58172
0.414 -5.57457
0.417 -5.5674
0.42 -5.56023
0.423 -5.55304
0.426 -5.54583
0.429 -5.53861
0.432 -5.53138
0.435 -5.52414
0.438 -5.51688
0.441 -5.50962
0.444 -5.50234
0.447 -5.49505
0.45 -5.48775
0.453 -5.48044
0.456 -5.47312
0.459 -5.46579
0.462 -5.45845
0.465 -5.4511
0.468 -5.44374
0.471 -5.43637
0.474 -5.429
0.477 -5.42162
0.48 -5.41423
0.483 -5.40683
0.486 -5.39942
0.489 -5.39201
0.492 -5.3846
0.495 -5.37717
0.498 -5.36975
0.501 -5.36231
0.504 -5.35487
0.507 -5.34743
0.51 -5.33998
0.513 -5.33253
0.516 -5.32508
0.519 -5.31762
0.522 -5.31016
0.525 -5.30269
0.528 -5.29523
0.531 -5.28776
0.534 -5.28029
0.537 -5.27282
0.54 -5.26535
0.543 -5.25788
0.546 -5.25041
0.549 -5.24293
0.552 -5.23546
0.555 -5.22799
0.558 -5.22052
0.561 -5.21305
0.564 -5.20559
0.567 -5.19812
0.57 -5.19066
0.573 -5.1832
0.576 -5.17574
0.579 -5.16829
0.582 -5.16083
0.585 -5.15339
0.588 -5.14594
0.591 -5.13851
0.594 -5.13107
0.597 -5.12364
0.6 -5.11622
0.603 -5.1088
0.606 -5.10139
0.609 -5.09398
0.612 -5.08658
0.615 -5.07919
0.618 -5.0718
0.621 -5.06442
0.624 -5.05705
0.627 -5.04969
0.63 -5.04233
0.633 -5.03498
0.636 -5.02764
0.639 -5.02031
0.642 -5.01299
0.645 -5.00568
0.648 -4.99838
0.651 -4.99108
0.654 -4.9838
0.657 -4.97653
0.66 -4.96927
0.663 -4.96201
0.666 -4.95477
0.669 -4.94754
0.672 -4.94033
0.675 -4.93312
0.678 -4.92592
0.681 -4.91874
0.684 -4.91157
0.687 -4.90441
0.69 -4.89727
0.693 -4.89013
0.696 -4.88301
0.699 -4.87591
0.702 -4.86881
0.705 -4.86173
0.708 -4.85467
0.711 -4.84762
0.714 -4.84058
0.717 -4.83356
0.72 -4.82655
0.723 -4.81955
0.726 -4.81257
0.729 -4.80561
0.732 -4.79866
0.735 -4.79172
0.738 -4.7848
0.741 -4.7779
0.744 -4.77101
0.747 -4.76414
0.75 -4.75729
0.753 -4.75045
0.756 -4.74362
0.759 -4.73681
0.762 -4.73002
0.765 -4.72325
0.768 -4.71649
0.771 -4.70975
0.774 -4.70303
0.777 -4.69632
0.78 -4.68963
0.783 -4.68296
0.786 -4.6763
0.789 -4.66967
0.792 -4.66305
0.795 -4.65644
0.798 -4.64986
0.801 -4.64329
0.804 -4.63674
0.807 -4.63021
0.81 -4.6237
0.813 -4.61721
0.816 -4.61073
0.819 -4.60427
0.822 -4.59783
0.825 -4.59141
0.828 -4.58501
0.831 -4.57862
0.834 -4.57226
0.837 -4.56591
0.84 -4.55958
0.843 -4.55327
0.846 -4.54698
0.849 -4.54071
0.852 -4.53446
0.855 -4.52822
0.858 -4.52201
0.861 -4.51581
0.864 -4.50963
0.867 -4.50347
0.87 -4.49734
0.873 -4.49121
0.876 -4.48511
0.879 -4.47903
0.882 -4.47297
0.885 -4.46692
0.888 -4.4609
0.891 -4.45489
0.894 -4.44891
0.897 -4.44294
0.9 -4.43699
0.903 -4.43106
0.906 -4.42516
0.909 -4.41926
0.912 -4.41339
0.915 -4.40754
0.918 -4.40171
0.921 -4.3959
0.924 -4.3901
0.927 -4.38433
0.93 -4.37857
0.933 -4.37283
0.936 -4.36712
0.939 -4.36142
0.942 -4.35574
0.945 -4.35008
0.948 -4.34444
0.951 -4.33881
0.954 -4.33321
0.957 -4.32762
0.96 -4.32206
0.963 -4.31651
0.966 -4.31098
0.969 -4.30548
0.972 -4.29999
0.975 -4.29451
0.978 -4.28906
0.981 -4.28363
0.984 -4.27821
0.987 -4.27281
0.99 -4.26744
0.993 -4.26208
0.996 -4.25674
0.999 -4.25141
1.002 -4.24611
1.005 -4.24082
1.008 -4.23555
1.011 -4.2303
1.014 -4.22507
1.017 -4.21986
1.02 -4.21466
1.023 -4.20949
1.026 -4.20433
1.029 -4.19919
1.032 -4.19406
1.035 -4.18896
1.038 -4.18387
1.041 -4.1788
1.044 -4.17375
1.047 -4.16871
1.05 -4.1637
1.053 -4.1587
1.056 -4.15371
1.059 -4.14875
1.062 -4.1438
1.065 -4.13887
1.068 -4.13395
1.071 -4.12906
1.074 -4.12418
1.077 -4.11932
1.08 -4.11447
1.083 -4.10964
1.086 -4.10483
1.089 -4.10003
1.092 -4.09525
1.095 -4.09049
1.098 -4.08574
1.101 -4.08101
1.104 -4.0763
1.107 -4.0716
1.11 -4.06692
1.113 -4.06226
1.116 -4.05761
1.119 -4.05297
1.122 -4.04836
1.125 -4.04376
1.128 -4.03917
1.131 -4.0346
1.134 -4.03004
1.137 -4.0255
1.14 -4.02098
1.143 -4.01647
1.146 -4.01198
1.149 -4.0075
1.152 -4.00304
1.155 -3.99859
1.158 -3.99416
1.161 -3.98974
1.164 -3.98533
1.167 -3.98094
1.17 -3.97657
1.173 -3.97221
1.176 -3.96786
1.179 -3.96353
1.182 -3.95922
1.185 -3.95491
1.188 -3.95063
1.191 -3.94635
1.194 -3.94209
1.197 -3.93784
1.2 -3.93361
1.203 -3.92939
1.206 -3.92519
1.209 -3.921
1.212 -3.91682
1.215 -3.91265
1.218 -3.9085
1.221 -3.90436
1.224 -3.90024
1.227 -3.89613
1.23 -3.89203
1.233 -3.88794
1.236 -3.88387
1.239 -3.87981
1.242 -3.87576
1.245 -3.87172
1.248 -3.8677
1.251 -3.86369
1.254 -3.85969
1.257 -3.85571
1.26 -3.85174
1.263 -3.84778
1.266 -3.84383
1.269 -3.83989
1.272 -3.83596
1.275 -3.83205
1.278 -3.82815
1.281 -3.82426
1.284 -3.82038
1.287 -3.81652
1.29 -3.81266
1.293 -3.80882
1.296 -3.80498
1.299 -3.80116
1.302 -3.79735
1.305 -3.79355
1.308 -3.78977
1.311 -3.78599
1.314 -3.78222
1.317 -3.77847
1.32 -3.77472
1.323 -3.77099
1.326 -3.76727
1.329 -3.76355
1.332 -3.75985
1.335 -3.75616
1.338 -3.75248
1.341 -3.74881
1.344 -3.74514
1.347 -3.74149
1.35 -3.73785
1.353 -3.73422
1.356 -3.7306
1.359 -3.72699
1.362 -3.72339
1.365 -3.71979
1.368 -3.71621
1.371 -3.71264
1.374 -3.70907
1.377 -3.70552
1.38 -3.70198
1.383 -3.69844
1.386 -3.69491
1.389 -3.6914
1.392 -3.68789
1.395 -3.68439
1.398 -3.6809
1.401 -3.67742
1.404 -3.67395
1.407 -3.67048
1.41 -3.66703
1.413 -3.66358
1.416 -3.66015
1.419 -3.65672
1.422 -3.6533
1.425 -3.64988
1.428 -3.64648
1.431 -3.64309
1.434 -3.6397
1.437 -3.63632
1.44 -3.63295
1.443 -3.62959
1.446 -3.62623
1.449 -3.62289
1.452 -3.61955
1.455 -3.61622
1.458 -3.6129
1.461 -3.60958
1.464 -3.60628
1.467 -3.60298
1.47 -3.59969
1.473 -3.59641
1.476 -3.59313
1.479 -3.58986
1.482 -3.5866
1.485 -3.58335
1.488 -3.5801
1.491 -3.57687
1.494 -3.57363
1.497 -3.57041
1.5 -3.5672
1.503 -3.56399
1.506 -3.56079
1.509 -3.55759
1.512 -3.5544
1.515 -3.55122
1.518 -3.54805
1.521 -3.54489
1.524 -3.54173
1.527 -3.53858
1.53 -3.53543
1.533 -3.53229
1.536 -3.52916
1.539 -3.52604
1.542 -3.52292
1.545 -3.51981
1.548 -3.51671
1.551 -3.51361
1.554 -3.51052
1.557 -3.50744
1.56 -3.50437
1.563 -3.5013
1.566 -3.49823
1.569 -3.49518
1.572 -3.49213
1.575 -3.48909
1.578 -3.48605
1.581 -3.48302
1.584 -3.48
1.587 -3.47699
1.59 -3.47398
1.593 -3.47098
1.596 -3.46798
1.599 -3.46499
1.602 -3.46201
1.605 -3.45903
1.608 -3.45607
1.611 -3.4531
1.614 -3.45015
1.617 -3.4472
1.62 -3.44426
1.623 -3.44132
1.626 -3.43839
1.629 -3.43547
1.632 -3.43256
1.635 -3.42965
1.638 -3.42675
1.641 -3.42385
1.644 -3.42096
1.647 -3.41808
1.65 -3.41521
1.653 -3.41234
1.656 -3.40948
1.659 -3.40662
1.662 -3.40377
1.665 -3.40093
1.668 -3.3981
1.671 -3.39527
1.674 -3.39245
1.677 -3.38964
1.68 -3.38683
1.683 -3.38403
1.686 -3.38124
1.689 -3.37846
1.692 -3.37568
1.695 -3.37291
1.698 -3.37015
1.701 -3.36739
1.704 -3.36464
1.707 -3.3619
1.71 -3.35917
1.713 -3.35644
1.716 -3.35372
1.719 -3.35101
1.722 -3.34831
1.725 -3.34561
1.728 -3.34292
1.731 -3.34024
1.734 -3.33757
1.737 -3.33491
1.74 -3.33225
1.743 -3.3296
1.746 -3.32696
1.749 -3.32432
1.752 -3.3217
1.755 -3.31908
1.758 -3.31648
1.761 -3.31388
1.764 -3.31128
1.767 -3.3087
1.77 -3.30613
1.773 -3.30356
1.776 -3.301
1.779 -3.29846
1.782 -3.29592
1.785 -3.29339
1.788 -3.29086
1.791 -3.28835
1.794 -3.28585
1.797 -3.28335
1.8 -3.28087
1.803 -3.27839
1.806 -3.27593
1.809 -3.27347
1.812 -3.27103
1.815 -3.26859
1.818 -3.26616
1.821 -3.26375
1.824 -3.26134
1.827 -3.25894
1.83 -3.25656
1.833 -3.25418
1.836 -3.25181
1.839 -3.24946
1.842 -3.24712
1.845 -3.24478
1.848 -3.24246
1.851 -3.24015
1.854 -3.23785
1.857 -3.23556
1.86 -3.23328
1.863 -3.23101
1.866 -3.22875
1.869 -3.22651
1.872 -3.22428
1.875 -3.22206
1.878 -3.21985
1.881 -3.21765
1.884 -3.21547
1.887 -3.21329
1.89 -3.21113
1.893 -3.20899
1.896 -3.20685
1.899 -3.20473
1.902 -3.20262
1.905 -3.20052
1.908 -3.19844
1.911 -3.19637
1.914 -3.19431
1.917 -3.19226
1.92 -3.19023
1.923 -3.18821
1.926 -3.18621
1.929 -3.18422
1.932 -3.18224
1.935 -3.18028
1.938 -3.17833
1.941 -3.1764
1.944 -3.17448
1.947 -3.17257
1.95 -3.17068
1.953 -3.16881
1.956 -3.16695
1.959 -3.1651
1.962 -3.16327
1.965 -3.16145
1.968 -3.15965
1.971 -3.15787
1.974 -3.1561
1.977 -3.15434
1.98 -3.1526
1.983 -3.15088
1.986 -3.14917
1.989 -3.14748
1.992 -3.1458
1.995 -3.14414
1.998 -3.1425
2.001 -3.14087
2.004 -3.13926
2.007 -3.13767
2.01 -3.13609
2.013 -3.13453
2.016 -3.13299
2.019 -3.13146
2.022 -3.12995
2.025 -3.12846
2.028 -3.12698
2.031 -3.12552
2.034 -3.12408
2.037 -3.12266
2.04 -3.12125
2.043 -3.11986
2.046 -3.11849
2.049 -3.11714
2.052 -3.1158
2.055 -3.11448
2.058 -3.11319
2.061 -3.1119
2.064 -3.11064
2.067 -3.10939
2.07 -3.10817
2.073 -3.10696
2.076 -3.10577
2.079 -3.10459
2.082 -3.10344
2.085 -3.1023
2.088 -3.10119
2.091 -3.10009
2.094 -3.09901
2.097 -3.09795
2.1 -3.09691
2.103 -3.09588
2.106 -3.09488
2.109 -3.09389
2.112 -3.09292
2.115 -3.09197
2.118 -3.09105
2.121 -3.09013
2.124 -3.08924
2.127 -3.08837
2.13 -3.08752
2.133 -3.08668
2.136 -3.08586
2.139 -3.08507
2.142 -3.08429
2.145 -3.08353
2.148 -3.08279
2.151 -3.08207
2.154 -3.08137
2.157 -3.08068
2.16 -3.08002
2.163 -3.07938
2.166 -3.07875
2.169 -3.07814
2.172 -3.07755
2.175 -3.07699
2.178 -3.07643
2.181 -3.0759
2.184 -3.07539
2.187 -3.0749
2.19 -3.07442
2.193 -3.07396
2.196 -3.07353
2.199 -3.07311
2.202 -3.07271
2.205 -3.07233
2.208 -3.07196
2.211 -3.07162
2.214 -3.07129
2.217 -3.07098
2.22 -3.07069
2.223 -3.07042
2.226 -3.07017
2.229 -3.06993
2.232 -3.06971
2.235 -3.06951
2.238 -3.06933
2.241 -3.06917
2.244 -3.06902
2.247 -3.06889
2.25 -3.06878
2.253 -3.06869
2.256 -3.06862
2.259 -3.06856
2.262 -3.06852
2.265 -3.06849
2.268 -3.06849
2.271 -3.0685
2.274 -3.06852
2.277 -3.06857
2.28 -3.06863
2.283 -3.0687
2.286 -3.0688
2.289 -3.06891
2.292 -3.06903
2.295 -3.06918
2.298 -3.06934
2.301 -3.06951
2.304 -3.0697
2.307 -3.06991
2.31 -3.07013
2.313 -3.07037
2.316 -3.07062
2.319 -3.07089
2.322 -3.07117
2.325 -3.07147
2.328 -3.07178
2.331 -3.07211
2.334 -3.07245
2.337 -3.07281
2.34 -3.07318
2.343 -3.07357
2.346 -3.07397
2.349 -3.07439
2.352 -3.07481
2.355 -3.07526
2.358 -3.07571
2.361 -3.07618
2.364 -3.07666
2.367 -3.07716
2.37 -3.07767
2.373 -3.07819
2.376 -3.07873
2.379 -3.07927
2.382 -3.07983
2.385 -3.08041
2.388 -3.08099
2.391 -3.08159
2.394 -3.0822
2.397 -3.08282
2.4 -3.08345
2.403 -3.0841
2.406 -3.08476
2.409 -3.08542
2.412 -3.0861
2.415 -3.08679
2.418 -3.08749
2.421 -3.08821
2.424 -3.08893
2.427 -3.08966
2.43 -3.0904
2.433 -3.09116
2.436 -3.09192
2.439 -3.09269
2.442 -3.09348
2.445 -3.09427
2.448 -3.09507
2.451 -3.09589
2.454 -3.09671
2.457 -3.09754
2.46 -3.09838
2.463 -3.09923
2.466 -3.10008
2.469 -3.10095
2.472 -3.10182
2.475 -3.10271
2.478 -3.1036
2.481 -3.1045
2.484 -3.1054
2.487 -3.10632
2.49 -3.10724
2.493 -3.10817
2.496 -3.10911
2.499 -3.11005
2.502 -3.111
2.505 -3.11196
2.508 -3.11292
2.511 -3.1139
2.514 -3.11487
2.517 -3.11586
2.52 -3.11685
2.523 -3.11785
2.526 -3.11885
2.529 -3.11986
2.532 -3.12088
2.535 -3.1219
2.538 -3.12292
2.541 -3.12396
2.544 -3.12499
2.547 -3.12604
2.55 -3.12708
2.553 -3.12814
2.556 -3.12919
2.559 -3.13026
2.562 -3.13132
2.565 -3.13239
2.568 -3.13347
2.571 -3.13455
2.574 -3.13564
2.577 -3.13672
2.58 -3.13782
2.583 -3.13891
2.586 -3.14001
2.589 -3.14112
2.592 -3.14222
2.595 -3.14333
2.598 -3.14445
2.601 -3.14556
2.604 -3.14668
2.607 -3.14781
2.61 -3.14893
2.613 -3.15006
2.616 -3.15119
2.619 -3.15233
2.622 -3.15347
2.625 -3.1546
2.628 -3.15575
2.631 -3.15689
2.634 -3.15804
2.637 -3.15918
2.64 -3.16033
2.643 -3.16149
2.646 -3.16264
2.649 -3.16379
2.652 -3.16495
2.655 -3.16611
2.658 -3.16727
2.661 -3.16843
2.664 -3.16959
2.667 -3.17076
2.67 -3.17192
2.673 -3.17309
2.676 -3.17425
2.679 -3.17542
2.682 -3.17659
2.685 -3.17776
2.688 -3.17893
2.691 -3.1801
2.694 -3.18127
2.697 -3.18244
2.7 -3.18361
2.703 -3.18478
2.706 -3.18595
2.709 -3.18712
2.712 -3.1883
2.715 -3.18947
2.718 -3.19064
2.721 -3.19181
2.724 -3.19298
2.727 -3.19415
2.73 -3.19533
2.733 -3.1965
2.736 -3.19767
2.739 -3.19884
2.742 -3.20001
2.745 -3.20117
2.748 -3.20234
2.751 -3.20351
2.754 -3.20467
2.757 -3.20584
2.76 -3.207
2.763 -3.20817
2.766 -3.20933
2.769 -3.21049
2.772 -3.21165
2.775 -3.21281
2.778 -3.21397
2.781 -3.21513
2.784 -3.21628
2.787 -3.21744
2.79 -3.21859
2.793 -3.21974
2.796 -3.22089
2.799 -3.22204
2.802 -3.22319
2.805 -3.22433
2.808 -3.22548
2.811 -3.22662
2.814 -3.22776
2.817 -3.2289
2.82 -3.23004
2.823 -3.23117
2.826 -3.2323
2.829 -3.23344
2.832 -3.23457
2.835 -3.23569
2.838 -3.23682
2.841 -3.23794
2.844 -3.23906
2.847 -3.24018
2.85 -3.2413
2.853 -3.24241
2.856 -3.24353
2.859 -3.24464
2.862 -3.24575
2.865 -3.24685
2.868 -3.24796
2.871 -3.24906
2.874 -3.25016
2.877 -3.25125
2.88 -3.25235
2.883 -3.25344
2.886 -3.25453
2.889 -3.25562
2.892 -3.2567
2.895 -3.25779
2.898 -3.25886
2.901 -3.25994
2.904 -3.26102
2.907 -3.26209
2.91 -3.26316
2.913 -3.26422
2.916 -3.26529
2.919 -3.26635
2.922 -3.26741
2.925 -3.26847
2.928 -3.26952
2.931 -3.27057
2.934 -3.27162
2.937 -3.27266
2.94 -3.2737
2.943 -3.27474
2.946 -3.27578
2.949 -3.27681
2.952 -3.27785
2.955 -3.27887
2.958 -3.2799
2.961 -3.28092
2.964 -3.28194
2.967 -3.28296
2.97 -3.28397
2.973 -3.28498
2.976 -3.28599
2.979 -3.287
2.982 -3.288
2.985 -3.289
2.988 -3.28999
2.991 -3.29099
2.994 -3.29198
2.997 -3.29297
3 -3.29395
3.001 -10
