0 5
0.003 3.88585
0.006 3.88535
0.009 3.88485
0.012 3.88434
0.015 3.88383
0.018 3.88331
0.021 3.8828
0.024 3.88228
0.027 3.88175
0.03 3.88123
0.033 3.88069
0.036 3.88016
0.039 3.87962
0.042 3.87908
0.045 3.87854
0.048 3.87799
0.051 3.87744
0.054 3.87688
0.057 3.87632
0.06 3.87576
0.063 3.8752
0.066 3.87463
0.069 3.87405
0.072 3.87348
0.075 3.8729
0.078 3.87232
0.081 3.87173
0.084 3.87114
0.087 3.87054
0.09 3.86995
0.093 3.86935
0.096 3.86874
0.099 3.86813
0.102 3.86752
0.105 3.86691
0.108 3.86629
0.111 3.86567
0.114 3.86504
0.117 3.86441
0.12 3.86378
0.123 3.86314
0.126 3.8625
0.129 3.86185
0.132 3.86121
0.135 3.86055
0.138 3.8599
0.141 3.85924
0.144 3.85858
0.147 3.85791
0.15 3.85724
0.153 3.85657
0.156 3.85589
0.159 3.85521
0.162 3.85453
0.165 3.85384
0.168 3.85315
0.171 3.85245
0.174 3.85175
0.177 3.85105
0.18 3.85034
0.183 3.84963
0.186 3.84892
0.189 3.8482
0.192 3.84748
0.195 3.84675
0.198 3.84602
0.201 3.84529
0.204 3.84456
0.207 3.84382
0.21 3.84307
0.213 3.84233
0.216 3.84158
0.219 3.84082
0.222 3.84007
0.225 3.8393
0.228 3.83854
0.231 3.83777
0.234 3.837
0.237 3.83622
0.24 3.83544
0.243 3.83466
0.246 3.83387
0.249 3.83308
0.252 3.83229
0.255 3.83149
0.258 3.83069
0.261 3.82989
0.264 3.82908
0.267 3.82827
0.27 3.82745
0.273 3.82664
0.276 3.82581
0.279 3.82499
0.282 3.82416
0.285 3.82333
0.288 3.82249
0.291 3.82165
0.294 3.82081
0.297 3.81997
0.3 3.81912
0.303 3.81826
0.306 3.81741
0.309 3.81655
0.312 3.81568
0.315 3.81482
0.318 3.81395
0.321 3.81308
0.324 3.8122
0.327 3.81132
0.33 3.81044
0.333 3.80955
0.336 3.80866
0.339 3.80777
0.342 3.80687
0.345 3.80598
0.348 3.80507
0.351 3.80417
0.354 3.80326
0.357 3.80235
0.36 3.80143
0.363 3.80052
0.366 3.79959
0.369 3.79867
0.372 3.79774
0.375 3.79681
0.378 3.79588
0.381 3.79494
0.384 3.79401
0.387 3.79306
0.39 3.79212
0.393 3.79117
0.396 3.79022
0.399 3.78927
0.402 3.78831
0.405 3.78735
0.408 3.78639
0.411 3.78542
0.414 3.78445
0.417 3.78348
0.42 3.78251
0.423 3.78153
0.426 3.78055
0.429 3.77957
0.432 3.77859
0.435 3.7776
0.438 3.77661
0.441 3.77561
0.444 3.77462
0.447 3.77362
0.45 3.77262
0.453 3.77162
0.456 3.77061
0.459 3.7696
0.462 3.76859
0.465 3.76758
0.468 3.76656
0.471 3.76554
0.474 3.76452
0.477 3.7635
0.48 3.76247
0.483 3.76144
0.486 3.76041
0.489 3.75938
0.492 3.75834
0.495 3.7573
0.498 3.75626
0.501 3.75522
0.504 3.75417
0.507 3.75313
0.51 3.75208
0.513 3.75102
0.516 3.74997
0.519 3.74891
0.522 3.74785
0.525 3.74679
0.528 3.74573
0.531 3.74466
0.534 3.74359
0.537 3.74252
0.54 3.74145
0.543 3.74038
0.546 3.7393
0.549 3.73822
0.552 3.73714
0.555 3.73606
0.558 3.73497
0.561 3.73389
0.564 3.7328
0.567 3.73171
0.57 3.73061
0.573 3.72952
0.576 3.72842
0.579 3.72732
0.582 3.72622
0.585 3.72512
0.588 3.72401
0.591 3.7229
0.594 3.72179
0.597 3.72068
0.6 3.71957
0.603 3.71845
0.606 3.71734
0.609 3.71622
0.612 3.7151
0.615 3.71397
0.618 3.71285
0.621 3.71172
0.624 3.7106
0.627 3.70947
0.63 3.70833
0.633 3.7072
0.636 3.70606
0.639 3.70493
0.642 3.70379
0.645 3.70265
0.648 3.7015
0.651 3.70036
0.654 3.69921
0.657 3.69806
0.66 3.69691
0.663 3.69576
0.666 3.69461
0.669 3.69345
0.672 3.69229
0.675 3.69113
0.678 3.68997
0.681 3.68881
0.684 3.68765
0.687 3.68648
0.69 3.68531
0.693 3.68414
0.696 3.68297
0.699 3.6818
0.702 3.68062
0.705 3.67945
0.708 3.67827
0.711 3.67709
0.714 3.6759
0.717 3.67472
0.72 3.67354
0.723 3.67235
0.726 3.67116
0.729 3.66997
0.732 3.66878
0.735 3.66758
0.738 3.66639
0.741 3.66519
0.744 3.66399
0.747 3.66279
0.75 3.66159
0.753 3.66038
0.756 3.65918
0.759 3.65797
0.762 3.65676
0.765 3.65555
0.768 3.65433
0.771 3.65312
0.774 3.6519
0.777 3.65068
0.78 3.64946
0.783 3.64824
0.786 3.64702
0.789 3.64579
0.792 3.64457
0.795 3.64334
0.798 3.64211
0.801 3.64088
0.804 3.63964
0.807 3.63841
0.81 3.63717
0.813 3.63593
0.816 3.63469
0.819 3.63344
0.822 3.6322
0.825 3.63095
0.828 3.62971
0.831 3.62846
0.834 3.6272
0.837 3.62595
0.84 3.6247
0.843 3.62344
0.846 3.62218
0.849 3.62092
0.852 3.61966
0.855 3.61839
0.858 3.61713
0.861 3.61586
0.864 3.61459
0.867 3.61332
0.87 3.61204
0.873 3.61077
0.876 3.60949
0.879 3.60821
0.882 3.60693
0.885 3.60565
0.888 3.60436
0.891 3.60308
0.894 3.60179
0.897 3.6005
0.9 3.59921
0.903 3.59791
0.906 3.59662
0.909 3.59532
0.912 3.59402
0.915 3.59272
0.918 3.59141
0.921 3.59011
0.924 3.5888
0.927 3.58749
0.93 3.58618
0.933 3.58487
0.936 3.58355
0.939 3.58223
0.942 3.58091
0.945 3.57959
0.948 3.57827
0.951 3.57694
0.954 3.57562
0.957 3.57429
0.96 3.57296
0.963 3.57162
0.966 3.57029
0.969 3.56895
0.972 3.56761
0.975 3.56627
0.978 3.56493
0.981 3.56358
0.984 3.56223
0.987 3.56088
0.99 3.55953
0.993 3.55818
0.996 3.55682
0.999 3.55546
1.002 3.5541
1.005 3.55274
1.008 3.55138
1.011 3.55001
1.014 3.54864
1.017 3.54727
1.02 3.5459
1.023 3.54452
1.026 3.54314
1.029 3.54176
1.032 3.54038
1.035 3.539
1.038 3.53761
1.041 3.53622
1.044 3.53483
1.047 3.53344
1.05 3.53205
1.053 3.53065
1.056 3.52925
1.059 3.52785
1.062 3.52644
1.065 3.52504
1.068 3.52363
1.071 3.52222
1.074 3.5208
1.077 3.51939
1.08 3.51797
1.083 3.51655
1.086 3.51513
1.089 3.5137
1.092 3.51227
1.095 3.51085
1.098 3.50941
1.101 3.50798
1.104 3.50654
1.107 3.5051
1.11 3.50366
1.113 3.50222
1.116 3.50077
1.119 3.49932
1.122 3.49787
1.125 3.49641
1.128 3.49496
1.131 3.4935
1.134 3.49204
1.137 3.49057
1.14 3.48911
1.143 3.48764
1.146 3.48617
1.149 3.48469
1.152 3.48322
1.155 3.48174
1.158 3.48025
1.161 3.47877
1.164 3.47728
1.167 3.47579
1.17 3.4743
1.173 3.47281
1.176 3.47131
1.179 3.46981
1.182 3.4683
1.185 3.4668
1.188 3.46529
1.191 3.46378
1.194 3.46227
1.197 3.46075
1.2 3.45923
1.203 3.45771
1.206 3.45618
1.209 3.45466
1.212 3.45312
1.215 3.45159
1.218 3.45006
1.221 3.44852
1.224 3.44697
1.227 3.44543
1.23 3.44388
1.233 3.44233
1.236 3.44078
1.239 3.43922
1.242 3.43766
1.245 3.4361
1.248 3.43454
1.251 3.43297
1.254 3.4314
1.257 3.42982
1.26 3.42825
1.263 3.42667
1.266 3.42509
1.269 3.4235
1.272 3.42191
1.275 3.42032
1.278 3.41872
1.281 3.41712
1.284 3.41552
1.287 3.41392
1.29 3.41231
1.293 3.4107
1.296 3.40909
1.299 3.40747
1.302 3.40585
1.305 3.40423
1.308 3.4026
1.311 3.40097
1.314 3.39934
1.317 3.3977
1.32 3.39606
1.323 3.39442
1.326 3.39277
1.329 3.39112
1.332 3.38947
1.335 3.38781
1.338 3.38615
1.341 3.38449
1.344 3.38282
1.347 3.38116
1.35 3.37948
1.353 3.37781
1.356 3.37613
1.359 3.37444
1.362 3.37276
1.365 3.37107
1.368 3.36937
1.371 3.36767
1.374 3.36597
1.377 3.36427
1.38 3.36256
1.383 3.36085
1.386 3.35914
1.389 3.35742
1.392 3.35569
1.395 3.35397
1.398 3.35224
1.401 3.35051
1.404 3.34877
1.407 3.34703
1.41 3.34529
1.413 3.34354
1.416 3.34179
1.419 3.34003
1.422 3.33827
1.425 3.33651
1.428 3.33475
1.431 3.33298
1.434 3.3312
1.437 3.32943
1.44 3.32764
1.443 3.32586
1.446 3.32407
1.449 3.32228
1.452 3.32048
1.455 3.31868
1.458 3.31688
1.461 3.31507
1.464 3.31326
1.467 3.31144
1.47 3.30962
1.473 3.3078
1.476 3.30597
1.479 3.30414
1.482 3.30231
1.485 3.30047
1.488 3.29863
1.491 3.29678
1.494 3.29493
1.497 3.29308
1.5 3.29122
1.503 3.28936
1.506 3.28749
1.509 3.28562
1.512 3.28375
1.515 3.28187
1.518 3.27999
1.521 3.2781
1.524 3.27621
1.527 3.27432
1.53 3.27242
1.533 3.27052
1.536 3.26862
1.539 3.26671
1.542 3.26479
1.545 3.26288
1.548 3.26096
1.551 3.25903
1.554 3.2571
1.557 3.25517
1.56 3.25324
1.563 3.2513
1.566 3.24935
1.569 3.2474
1.572 3.24545
1.575 3.2435
1.578 3.24154
1.581 3.23957
1.584 3.23761
1.587 3.23564
1.59 3.23366
1.593 3.23168
1.596 3.2297
1.599 3.22772
1.602 3.22573
1.605 3.22373
1.608 3.22174
1.611 3.21974
1.614 3.21773
1.617 3.21572
1.62 3.21371
1.623 3.2117
1.626 3.20968
1.629 3.20766
1.632 3.20563
1.635 3.2036
1.638 3.20157
1.641 3.19954
1.644 3.1975
1.647 3.19546
1.65 3.19341
1.653 3.19136
1.656 3.18931
1.659 3.18725
1.662 3.18519
1.665 3.18313
1.668 3.18107
1.671 3.179
1.674 3.17693
1.677 3.17486
1.68 3.17278
1.683 3.1707
1.686 3.16862
1.689 3.16653
1.692 3.16444
1.695 3.16235
1.698 3.16026
1.701 3.15816
1.704 3.15607
1.707 3.15396
1.71 3.15186
1.713 3.14976
1.716 3.14765
1.719 3.14554
1.722 3.14342
1.725 3.14131
1.728 3.13919
1.731 3.13707
1.734 3.13495
1.737 3.13283
1.74 3.13071
1.743 3.12858
1.746 3.12645
1.749 3.12432
1.752 3.12219
1.755 3.12006
1.758 3.11793
1.761 3.11579
1.764 3.11366
1.767 3.11152
1.77 3.10938
1.773 3.10724
1.776 3.1051
1.779 3.10296
1.782 3.10082
1.785 3.09868
1.788 3.09653
1.791 3.09439
1.794 3.09225
1.797 3.0901
1.8 3.08796
1.803 3.08581
1.806 3.08367
1.809 3.08152
1.812 3.07938
1.815 3.07724
1.818 3.07509
1.821 3.07295
1.824 3.07081
1.827 3.06867
1.83 3.06653
1.833 3.06439
1.836 3.06225
1.839 3.06011
1.842 3.05798
1.845 3.05584
1.848 3.05371
1.851 3.05158
1.854 3.04945
1.857 3.04732
1.86 3.04519
1.863 3.04307
1.866 3.04094
1.869 3.03882
1.872 3.03671
1.875 3.03459
1.878 3.03248
1.881 3.03037
1.884 3.02826
1.887 3.02616
1.89 3.02406
1.893 3.02196
1.896 3.01987
1.899 3.01778
1.902 3.01569
1.905 3.01361
1.908 3.01153
1.911 3.00946
1.914 3.00739
1.917 3.00532
1.92 3.00326
1.923 3.0012
1.926 2.99915
1.929 2.9971
1.932 2.99505
1.935 2.99302
1.938 2.99098
1.941 2.98895
1.944 2.98693
1.947 2.98491
1.95 2.9829
1.953 2.9809
1.956 2.9789
1.959 2.9769
1.962 2.97492
1.965 2.97294
1.968 2.97096
1.971 2.96899
1.974 2.96703
1.977 2.96508
1.98 2.96313
1.983 2.96119
1.986 2.95925
1.989 2.95733
1.992 2.95541
1.995 2.9535
1.998 2.95159
2.001 2.9497
2.004 2.94781
2.007 2.94593
2.01 2.94406
2.013 2.94219
2.016 2.94034
2.019 2.93849
2.022 2.93665
2.025 2.93482
2.028 2.933
2.031 2.93119
2.034 2.92939
2.037 2.92759
2.04 2.92581
2.043 2.92403
2.046 2.92227
2.049 2.92051
2.052 2.91876
2.055 2.91703
2.058 2.9153
2.061 2.91358
2.064 2.91187
2.067 2.91018
2.07 2.90849
2.073 2.90681
2.076 2.90514
2.079 2.90349
2.082 2.90184
2.085 2.90021
2.088 2.89858
2.091 2.89697
2.094 2.89537
2.097 2.89377
2.1 2.89219
2.103 2.89062
2.106 2.88906
2.109 2.88752
2.112 2.88598
2.115 2.88445
2.118 2.88294
2.121 2.88144
2.124 2.87995
2.127 2.87847
2.13 2.877
2.133 2.87554
2.136 2.8741
2.139 2.87266
2.142 2.87124
2.145 2.86983
2.148 2.86843
2.151 2.86705
2.154 2.86567
2.157 2.86431
2.16 2.86296
2.163 2.86162
2.166 2.8603
2.169 2.85898
2.172 2.85768
2.175 2.85639
2.178 2.85512
2.181 2.85385
2.184 2.8526
2.187 2.85136
2.19 2.85013
2.193 2.84891
2.196 2.84771
2.199 2.84651
2.202 2.84533
2.205 2.84417
2.208 2.84301
2.211 2.84187
2.214 2.84074
2.217 2.83962
2.22 2.83851
2.223 2.83742
2.226 2.83633
2.229 2.83526
2.232 2.8342
2.235 2.83316
2.238 2.83213
2.241 2.8311
2.244 2.83009
2.247 2.8291
2.25 2.82811
2.253 2.82714
2.256 2.82618
2.259 2.82523
2.262 2.82429
2.265 2.82336
2.268 2.82245
2.271 2.82155
2.274 2.82066
2.277 2.81978
2.28 2.81891
2.283 2.81806
2.286 2.81722
2.289 2.81639
2.292 2.81557
2.295 2.81476
2.298 2.81396
2.301 2.81317
2.304 2.8124
2.307 2.81164
2.31 2.81089
2.313 2.81015
2.316 2.80942
2.319 2.8087
2.322 2.80799
2.325 2.8073
2.328 2.80661
2.331 2.80594
2.334 2.80527
2.337 2.80462
2.34 2.80398
2.343 2.80335
2.346 2.80273
2.349 2.80212
2.352 2.80152
2.355 2.80093
2.358 2.80035
2.361 2.79978
2.364 2.79923
2.367 2.79868
2.37 2.79814
2.373 2.79761
2.376 2.79709
2.379 2.79659
2.382 2.79609
2.385 2.7956
2.388 2.79512
2.391 2.79465
2.394 2.79419
2.397 2.79374
2.4 2.7933
2.403 2.79287
2.406 2.79245
2.409 2.79203
2.412 2.79163
2.415 2.79123
2.418 2.79085
2.421 2.79047
2.424 2.7901
2.427 2.78974
2.43 2.78939
2.433 2.78905
2.436 2.78871
2.439 2.78839
2.442 2.78807
2.445 2.78776
2.448 2.78746
2.451 2.78716
2.454 2.78688
2.457 2.7866
2.46 2.78633
2.463 2.78607
2.466 2.78581
2.469 2.78557
2.472 2.78533
2.475 2.7851
2.478 2.78487
2.481 2.78466
2.484 2.78445
2.487 2.78425
2.49 2.78405
2.493 2.78386
2.496 2.78368
2.499 2.78351
2.502 2.78334
2.505 2.78318
2.508 2.78302
2.511 2.78287
2.514 2.78273
2.517 2.7826
2.52 2.78247
2.523 2.78235
2.526 2.78223
2.529 2.78212
2.532 2.78202
2.535 2.78192
2.538 2.78183
2.541 2.78174
2.544 2.78166
2.547 2.78158
2.55 2.78151
2.553 2.78145
2.556 2.78139
2.559 2.78134
2.562 2.78129
2.565 2.78125
2.568 2.78121
2.571 2.78118
2.574 2.78115
2.577 2.78113
2.58 2.78111
2.583 2.7811
2.586 2.78109
2.589 2.78109
2.592 2.78109
2.595 2.7811
2.598 2.78111
2.601 2.78112
2.604 2.78114
2.607 2.78117
2.61 2.78119
2.613 2.78123
2.616 2.78126
2.619 2.7813
2.622 2.78135
2.625 2.7814
2.628 2.78145
2.631 2.78151
2.634 2.78157
2.637 2.78163
2.64 2.7817
2.643 2.78177
2.646 2.78184
2.649 2.78192
2.652 2.782
2.655 2.78209
2.658 2.78217
2.661 2.78227
2.664 2.78236
2.667 2.78246
2.67 2.78256
2.673 2.78266
2.676 2.78277
2.679 2.78288
2.682 2.78299
2.685 2.78311
2.688 2.78323
2.691 2.78335
2.694 2.78347
2.697 2.7836
2.7 2.78373
2.703 2.78386
2.706 2.78399
2.709 2.78413
2.712 2.78427
2.715 2.78441
2.718 2.78455
2.721 2.7847
2.724 2.78485
2.727 2.785
2.73 2.78515
2.733 2.7853
2.736 2.78546
2.739 2.78562
2.742 2.78578
2.745 2.78594
2.748 2.78611
2.751 2.78627
2.754 2.78644
2.757 2.78661
2.76 2.78678
2.763 2.78695
2.766 2.78713
2.769 2.78731
2.772 2.78748
2.775 2.78766
2.778 2.78785
2.781 2.78803
2.784 2.78821
2.787 2.7884
2.79 2.78859
2.793 2.78877
2.796 2.78896
2.799 2.78915
2.802 2.78935
2.805 2.78954
2.808 2.78973
2.811 2.78993
2.814 2.79013
2.817 2.79032
2.82 2.79052
2.823 2.79072
2.826 2.79092
2.829 2.79113
2.832 2.79133
2.835 2.79153
2.838 2.79174
2.841 2.79194
2.844 2.79215
2.847 2.79236
2.85 2.79256
2.853 2.79277
2.856 2.79298
2.859 2.79319
2.862 2.7934
2.865 2.79362
2.868 2.79383
2.871 2.79404
2.874 2.79425
2.877 2.79447
2.88 2.79468
2.883 2.7949
2.886 2.79511
2.889 2.79533
2.892 2.79555
2.895 2.79576
2.898 2.79598
2.901 2.7962
2.904 2.79642
2.907 2.79663
2.91 2.79685
2.913 2.79707
2.916 2.79729
2.919 2.79751
2.922 2.79773
2.925 2.79795
2.928 2.79817
2.931 2.79839
2.934 2.79861
2.937 2.79883
2.94 2.79906
2.943 2.79928
2.946 2.7995
2.949 2.79972
2.952 2.79994
2.955 2.80016
2.958 2.80039
2.961 2.80061
2.964 2.80083
2.967 2.80105
2.97 2.80127
2.973 2.80149
2.976 2.80172
2.979 2.80194
2.982 2.80216
2.985 2.80238
2.988 2.8026
2.991 2.80283
2.994 2.80305
2.997 2.80327
3 2.80349
3.001 5
