0 0
0.003 0.572536
0.006 0.574089
0.009 0.575654
0.012 0.57723
0.015 0.578818
0.018 0.580417
0.021 0.582028
0.024 0.583651
0.027 0.585285
0.03 0.586931
0.033 0.588589
0.036 0.590258
0.039 0.59194
0.042 0.593634
0.045 0.59534
0.048 0.597057
0.051 0.598788
0.054 0.60053
0.057 0.602285
0.06 0.604052
0.063 0.605831
0.066 0.607623
0.069 0.609428
0.072 0.611245
0.075 0.613075
0.078 0.614917
0.081 0.616773
0.084 0.618641
0.087 0.620522
0.09 0.622416
0.093 0.624323
0.096 0.626243
0.099 0.628176
0.102 0.630122
0.105 0.632082
0.108 0.634054
0.111 0.63604
0.114 0.63804
0.117 0.640053
0.12 0.642079
0.123 0.644118
0.126 0.646172
0.129 0.648239
0.132 0.650319
0.135 0.652413
0.138 0.654521
0.141 0.656643
0.144 0.658778
0.147 0.660927
0.15 0.663091
0.153 0.665268
0.156 0.667459
0.159 0.669664
0.162 0.671883
0.165 0.674116
0.168 0.676363
0.171 0.678625
0.174 0.6809
0.177 0.68319
0.18 0.685494
0.183 0.687813
0.186 0.690145
0.189 0.692492
0.192 0.694854
0.195 0.697229
0.198 0.699619
0.201 0.702024
0.204 0.704443
0.207 0.706876
0.21 0.709324
0.213 0.711786
0.216 0.714263
0.219 0.716755
0.222 0.719261
0.225 0.721781
0.228 0.724317
0.231 0.726866
0.234 0.729431
0.237 0.73201
0.24 0.734603
0.243 0.737211
0.246 0.739834
0.249 0.742471
0.252 0.745123
0.255 0.74779
0.258 0.750471
0.261 0.753167
0.264 0.755878
0.267 0.758603
0.27 0.761342
0.273 0.764097
0.276 0.766865
0.279 0.769649
0.282 0.772447
0.285 0.775259
0.288 0.778086
0.291 0.780928
0.294 0.783784
0.297 0.786654
0.3 0.789539
0.303 0.792438
0.306 0.795352
0.309 0.79828
0.312 0.801222
0.315 0.804179
0.318 0.80715
0.321 0.810135
0.324 0.813135
0.327 0.816148
0.33 0.819176
0.333 0.822218
0.336 0.825273
0.339 0.828343
0.342 0.831427
0.345 0.834525
0.348 0.837636
0.351 0.840762
0.354 0.843901
0.357 0.847054
0.36 0.85022
0.363 0.853401
0.366 0.856594
0.369 0.859802
0.372 0.863022
0.375 0.866257
0.378 0.869504
0.381 0.872765
0.384 0.876039
0.387 0.879326
0.39 0.882626
0.393 0.885939
0.396 0.889265
0.399 0.892604
0.402 0.895956
0.405 0.899321
0.408 0.902698
0.411 0.906088
0.414 0.90949
0.417 0.912905
0.42 0.916332
0.423 0.919772
0.426 0.923223
0.429 0.926687
0.432 0.930163
0.435 0.933651
0.438 0.93715
0.441 0.940662
0.444 0.944185
0.447 0.94772
0.45 0.951266
0.453 0.954824
0.456 0.958393
0.459 0.961974
0.462 0.965565
0.465 0.969168
0.468 0.972782
0.471 0.976407
0.474 0.980042
0.477 0.983688
0.48 0.987345
0.483 0.991013
0.486 0.994691
0.489 0.998379
0.492 1.00208
0.495 1.00579
0.498 1.00951
0.501 1.01323
0.504 1.01697
0.507 1.02072
0.51 1.02448
0.513 1.02825
0.516 1.03203
0.519 1.03581
0.522 1.03961
0.525 1.04341
0.528 1.04723
0.531 1.05105
0.534 1.05488
0.537 1.05873
0.54 1.06258
0.543 1.06643
0.546 1.0703
0.549 1.07418
0.552 1.07806
0.555 1.08195
0.558 1.08585
0.561 1.08976
0.564 1.09368
0.567 1.0976
0.57 1.10154
0.573 1.10548
0.576 1.10942
0.579 1.11338
0.582 1.11734
0.585 1.12131
0.588 1.12529
0.591 1.12927
0.594 1.13326
0.597 1.13726
0.6 1.14127
0.603 1.14528
0.606 1.1493
0.609 1.15332
0.612 1.15736
0.615 1.16139
0.618 1.16544
0.621 1.16949
0.624 1.17355
0.627 1.17761
0.63 1.18168
0.633 1.18576
0.636 1.18984
0.639 1.19392
0.642 1.19802
0.645 1.20212
0.648 1.20622
0.651 1.21033
0.654 1.21444
0.657 1.21856
0.66 1.22269
0.663 1.22682
0.666 1.23096
0.669 1.2351
0.672 1.23924
0.675 1.2434
0.678 1.24755
0.681 1.25171
0.684 1.25588
0.687 1.26005
0.69 1.26422
0.693 1.2684
0.696 1.27258
0.699 1.27677
0.702 1.28097
0.705 1.28516
0.708 1.28936
0.711 1.29357
0.714 1.29778
0.717 1.30199
0.72 1.30621
0.723 1.31043
0.726 1.31466
0.729 1.31889
0.732 1.32312
0.735 1.32736
0.738 1.3316
0.741 1.33584
0.744 1.34009
0.747 1.34434
0.75 1.3486
0.753 1.35286
0.756 1.35712
0.759 1.36139
0.762 1.36566
0.765 1.36993
0.768 1.3742
0.771 1.37848
0.774 1.38277
0.777 1.38705
0.78 1.39134
0.783 1.39563
0.786 1.39993
0.789 1.40423
0.792 1.40853
0.795 1.41284
0.798 1.41714
0.801 1.42146
0.804 1.42577
0.807 1.43009
0.81 1.43441
0.813 1.43873
0.816 1.44306
0.819 1.44738
0.822 1.45172
0.825 1.45605
0.828 1.46039
0.831 1.46473
0.834 1.46907
0.837 1.47342
0.84 1.47777
0.843 1.48212
0.846 1.48647
0.849 1.49083
0.852 1.49519
0.855 1.49955
0.858 1.50392
0.861 1.50829
0.864 1.51266
0.867 1.51703
0.87 1.52141
0.873 1.52578
0.876 1.53017
0.879 1.53455
0.882 1.53894
0.885 1.54333
0.888 1.54772
0.891 1.55212
0.894 1.55651
0.897 1.56091
0.9 1.56532
0.903 1.56972
0.906 1.57413
0.909 1.57854
0.912 1.58296
0.915 1.58738
0.918 1.5918
0.921 1.59622
0.924 1.60064
0.927 1.60507
0.93 1.6095
0.933 1.61394
0.936 1.61837
0.939 1.62281
0.942 1.62726
0.945 1.6317
0.948 1.63615
0.951 1.6406
0.954 1.64505
0.957 1.64951
0.96 1.65397
0.963 1.65843
0.966 1.6629
0.969 1.66736
0.972 1.67184
0.975 1.67631
0.978 1.68079
0.981 1.68527
0.984 1.68975
0.987 1.69424
0.99 1.69873
0.993 1.70322
0.996 1.70771
0.999 1.71221
1.002 1.71671
1.005 1.72122
1.008 1.72573
1.011 1.73024
1.014 1.73475
1.017 1.73927
1.02 1.74379
1.023 1.74832
1.026 1.75285
1.029 1.75738
1.032 1.76191
1.035 1.76645
1.038 1.77099
1.041 1.77554
1.044 1.78009
1.047 1.78464
1.05 1.7892
1.053 1.79376
1.056 1.79832
1.059 1.80289
1.062 1.80746
1.065 1.81203
1.068 1.81661
1.071 1.82119
1.074 1.82577
1.077 1.83036
1.08 1.83496
1.083 1.83955
1.086 1.84416
1.089 1.84876
1.092 1.85337
1.095 1.85798
1.098 1.8626
1.101 1.86722
1.104 1.87185
1.107 1.87647
1.11 1.88111
1.113 1.88575
1.116 1.89039
1.119 1.89503
1.122 1.89969
1.125 1.90434
1.128 1.909
1.131 1.91366
1.134 1.91833
1.137 1.92301
1.14 1.92768
1.143 1.93237
1.146 1.93705
1.149 1.94174
1.152 1.94644
1.155 1.95114
1.158 1.95585
1.161 1.96056
1.164 1.96527
1.167 1.96999
1.17 1.97472
1.173 1.97945
1.176 1.98419
1.179 1.98893
1.182 1.99367
1.185 1.99842
1.188 2.00318
1.191 2.00794
1.194 2.01271
1.197 2.01748
1.2 2.02225
1.203 2.02704
1.206 2.03183
1.209 2.03662
1.212 2.04142
1.215 2.04622
1.218 2.05103
1.221 2.05585
1.224 2.06067
1.227 2.0655
1.23 2.07033
1.233 2.07517
1.236 2.08002
1.239 2.08487
1.242 2.08973
1.245 2.09459
1.248 2.09946
1.251 2.10433
1.254 2.10921
1.257 2.1141
1.26 2.119
1.263 2.1239
1.266 2.1288
1.269 2.13372
1.272 2.13864
1.275 2.14356
1.278 2.1485
1.281 2.15343
1.284 2.15838
1.287 2.16333
1.29 2.16829
1.293 2.17326
1.296 2.17823
1.299 2.18321
1.302 2.1882
1.305 2.19319
1.308 2.19819
1.311 2.2032
1.314 2.20822
1.317 2.21324
1.32 2.21827
1.323 2.2233
1.326 2.22835
1.329 2.2334
1.332 2.23846
1.335 2.24353
1.338 2.2486
1.341 2.25368
1.344 2.25877
1.347 2.26387
1.35 2.26897
1.353 2.27408
1.356 2.2792
1.359 2.28433
1.362 2.28946
1.365 2.29461
1.368 2.29976
1.371 2.30492
1.374 2.31009
1.377 2.31526
1.38 2.32044
1.383 2.32564
1.386 2.33084
1.389 2.33604
1.392 2.34126
1.395 2.34649
1.398 2.35172
1.401 2.35696
1.404 2.36221
1.407 2.36747
1.41 2.37274
1.413 2.37801
1.416 2.3833
1.419 2.38859
1.422 2.39389
1.425 2.3992
1.428 2.40452
1.431 2.40985
1.434 2.41519
1.437 2.42053
1.44 2.42589
1.443 2.43125
1.446 2.43662
1.449 2.44201
1.452 2.4474
1.455 2.4528
1.458 2.45821
1.461 2.46362
1.464 2.46905
1.467 2.47449
1.47 2.47993
1.473 2.48539
1.476 2.49085
1.479 2.49632
1.482 2.50181
1.485 2.5073
1.488 2.5128
1.491 2.51831
1.494 2.52383
1.497 2.52936
1.5 2.5349
1.503 2.54045
1.506 2.546
1.509 2.55157
1.512 2.55715
1.515 2.56273
1.518 2.56833
1.521 2.57393
1.524 2.57954
1.527 2.58517
1.53 2.5908
1.533 2.59644
1.536 2.60209
1.539 2.60775
1.542 2.61342
1.545 2.6191
1.548 2.62479
1.551 2.63049
1.554 2.6362
1.557 2.64192
1.56 2.64764
1.563 2.65338
1.566 2.65912
1.569 2.66488
1.572 2.67064
1.575 2.67641
1.578 2.68219
1.581 2.68798
1.584 2.69378
1.587 2.69959
1.59 2.70541
1.593 2.71124
1.596 2.71707
1.599 2.72292
1.602 2.72877
1.605 2.73463
1.608 2.7405
1.611 2.74638
1.614 2.75227
1.617 2.75816
1.62 2.76407
1.623 2.76998
1.626 2.7759
1.629 2.78183
1.632 2.78777
1.635 2.79371
1.638 2.79967
1.641 2.80563
1.644 2.8116
1.647 2.81757
1.65 2.82356
1.653 2.82955
1.656 2.83555
1.659 2.84155
1.662 2.84757
1.665 2.85359
1.668 2.85962
1.671 2.86565
1.674 2.87169
1.677 2.87774
1.68 2.88379
1.683 2.88985
1.686 2.89592
1.689 2.90199
1.692 2.90807
1.695 2.91415
1.698 2.92024
1.701 2.92633
1.704 2.93243
1.707 2.93854
1.71 2.94465
1.713 2.95076
1.716 2.95688
1.719 2.963
1.722 2.96913
1.725 2.97526
1.728 2.9814
1.731 2.98754
1.734 2.99368
1.737 2.99983
1.74 3.00598
1.743 3.01213
1.746 3.01828
1.749 3.02444
1.752 3.0306
1.755 3.03676
1.758 3.04292
1.761 3.04908
1.764 3.05525
1.767 3.06141
1.77 3.06758
1.773 3.07375
1.776 3.07992
1.779 3.08609
1.782 3.09225
1.785 3.09842
1.788 3.10459
1.791 3.11075
1.794 3.11692
1.797 3.12308
1.8 3.12924
1.803 3.1354
1.806 3.14156
1.809 3.14771
1.812 3.15386
1.815 3.16001
1.818 3.16615
1.821 3.17229
1.824 3.17843
1.827 3.18456
1.83 3.19069
1.833 3.19681
1.836 3.20293
1.839 3.20904
1.842 3.21514
1.845 3.22124
1.848 3.22733
1.851 3.23342
1.854 3.2395
1.857 3.24557
1.86 3.25163
1.863 3.25768
1.866 3.26373
1.869 3.26977
1.872 3.27579
1.875 3.28181
1.878 3.28782
1.881 3.29382
1.884 3.2998
1.887 3.30578
1.89 3.31175
1.893 3.3177
1.896 3.32364
1.899 3.32957
1.902 3.33548
1.905 3.34139
1.908 3.34728
1.911 3.35315
1.914 3.35901
1.917 3.36486
1.92 3.37069
1.923 3.37651
1.926 3.38231
1.929 3.3881
1.932 3.39387
1.935 3.39962
1.938 3.40535
1.941 3.41107
1.944 3.41677
1.947 3.42246
1.95 3.42812
1.953 3.43377
1.956 3.43939
1.959 3.445
1.962 3.45059
1.965 3.45616
1.968 3.46171
1.971 3.46723
1.974 3.47274
1.977 3.47822
1.98 3.48369
1.983 3.48913
1.986 3.49455
1.989 3.49994
1.992 3.50532
1.995 3.51067
1.998 3.516
2.001 3.5213
2.004 3.52658
2.007 3.53183
2.01 3.53706
2.013 3.54227
2.016 3.54745
2.019 3.5526
2.022 3.55773
2.025 3.56283
2.028 3.56791
2.031 3.57295
2.034 3.57798
2.037 3.58297
2.04 3.58794
2.043 3.59288
2.046 3.59779
2.049 3.60268
2.052 3.60753
2.055 3.61236
2.058 3.61716
2.061 3.62193
2.064 3.62667
2.067 3.63138
2.07 3.63606
2.073 3.64071
2.076 3.64533
2.079 3.64992
2.082 3.65448
2.085 3.65901
2.088 3.66351
2.091 3.66798
2.094 3.67242
2.097 3.67683
2.1 3.68121
2.103 3.68555
2.106 3.68986
2.109 3.69414
2.112 3.69839
2.115 3.70261
2.118 3.7068
2.121 3.71095
2.124 3.71507
2.127 3.71916
2.13 3.72322
2.133 3.72725
2.136 3.73124
2.139 3.7352
2.142 3.73912
2.145 3.74302
2.148 3.74688
2.151 3.75071
2.154 3.75451
2.157 3.75827
2.16 3.762
2.163 3.7657
2.166 3.76937
2.169 3.773
2.172 3.7766
2.175 3.78017
2.178 3.7837
2.181 3.7872
2.184 3.79067
2.187 3.79411
2.19 3.79751
2.193 3.80088
2.196 3.80422
2.199 3.80753
2.202 3.8108
2.205 3.81404
2.208 3.81725
2.211 3.82043
2.214 3.82357
2.217 3.82668
2.22 3.82976
2.223 3.83281
2.226 3.83582
2.229 3.83881
2.232 3.84176
2.235 3.84468
2.238 3.84757
2.241 3.85043
2.244 3.85325
2.247 3.85605
2.25 3.85881
2.253 3.86155
2.256 3.86425
2.259 3.86692
2.262 3.86956
2.265 3.87218
2.268 3.87476
2.271 3.87731
2.274 3.87983
2.277 3.88232
2.28 3.88478
2.283 3.88721
2.286 3.88961
2.289 3.89199
2.292 3.89433
2.295 3.89665
2.298 3.89893
2.301 3.90119
2.304 3.90342
2.307 3.90563
2.31 3.9078
2.313 3.90995
2.316 3.91206
2.319 3.91416
2.322 3.91622
2.325 3.91826
2.328 3.92027
2.331 3.92225
2.334 3.92421
2.337 3.92614
2.34 3.92804
2.343 3.92992
2.346 3.93177
2.349 3.9336
2.352 3.9354
2.355 3.93718
2.358 3.93893
2.361 3.94066
2.364 3.94236
2.367 3.94404
2.37 3.94569
2.373 3.94732
2.376 3.94893
2.379 3.95051
2.382 3.95207
2.385 3.95361
2.388 3.95512
2.391 3.95662
2.394 3.95808
2.397 3.95953
2.4 3.96095
2.403 3.96236
2.406 3.96374
2.409 3.9651
2.412 3.96643
2.415 3.96775
2.418 3.96905
2.421 3.97032
2.424 3.97158
2.427 3.97281
2.43 3.97402
2.433 3.97522
2.436 3.97639
2.439 3.97755
2.442 3.97868
2.445 3.9798
2.448 3.9809
2.451 3.98198
2.454 3.98304
2.457 3.98408
2.46 3.9851
2.463 3.98611
2.466 3.9871
2.469 3.98807
2.472 3.98902
2.475 3.98996
2.478 3.99088
2.481 3.99178
2.484 3.99267
2.487 3.99354
2.49 3.99439
2.493 3.99523
2.496 3.99605
2.499 3.99685
2.502 3.99764
2.505 3.99842
2.508 3.99918
2.511 3.99992
2.514 4.00065
2.517 4.00137
2.52 4.00207
2.523 4.00275
2.526 4.00343
2.529 4.00409
2.532 4.00473
2.535 4.00536
2.538 4.00598
2.541 4.00658
2.544 4.00717
2.547 4.00775
2.55 4.00832
2.553 4.00887
2.556 4.00941
2.559 4.00994
2.562 4.01045
2.565 4.01096
2.568 4.01145
2.571 4.01193
2.574 4.0124
2.577 4.01285
2.58 4.0133
2.583 4.01373
2.586 4.01416
2.589 4.01457
2.592 4.01497
2.595 4.01536
2.598 4.01574
2.601 4.01611
2.604 4.01647
2.607 4.01682
2.61 4.01716
2.613 4.01749
2.616 4.01782
2.619 4.01813
2.622 4.01843
2.625 4.01872
2.628 4.01901
2.631 4.01928
2.634 4.01955
2.637 4.0198
2.64 4.02005
2.643 4.02029
2.646 4.02053
2.649 4.02075
2.652 4.02096
2.655 4.02117
2.658 4.02137
2.661 4.02156
2.664 4.02175
2.667 4.02192
2.67 4.02209
2.673 4.02225
2.676 4.02241
2.679 4.02255
2.682 4.02269
2.685 4.02283
2.688 4.02295
2.691 4.02307
2.694 4.02319
2.697 4.02329
2.7 4.02339
2.703 4.02348
2.706 4.02357
2.709 4.02365
2.712 4.02373
2.715 4.0238
2.718 4.02386
2.721 4.02392
2.724 4.02397
2.727 4.02401
2.73 4.02405
2.733 4.02409
2.736 4.02412
2.739 4.02414
2.742 4.02416
2.745 4.02417
2.748 4.02418
2.751 4.02419
2.754 4.02419
2.757 4.02418
2.76 4.02417
2.763 4.02415
2.766 4.02413
2.769 4.02411
2.772 4.02408
2.775 4.02405
2.778 4.02401
2.781 4.02397
2.784 4.02392
2.787 4.02387
2.79 4.02382
2.793 4.02376
2.796 4.0237
2.799 4.02363
2.802 4.02356
2.805 4.02349
2.808 4.02341
2.811 4.02333
2.814 4.02325
2.817 4.02316
2.82 4.02307
2.823 4.02298
2.826 4.02288
2.829 4.02278
2.832 4.02268
2.835 4.02257
2.838 4.02246
2.841 4.02235
2.844 4.02223
2.847 4.02211
2.85 4.02199
2.853 4.02187
2.856 4.02174
2.859 4.02161
2.862 4.02148
2.865 4.02134
2.868 4.02121
2.871 4.02107
2.874 4.02092
2.877 4.02078
2.88 4.02063
2.883 4.02048
2.886 4.02033
2.889 4.02018
2.892 4.02002
2.895 4.01986
2.898 4.0197
2.901 4.01954
2.904 4.01938
2.907 4.01921
2.91 4.01904
2.913 4.01887
2.916 4.0187
2.919 4.01853
2.922 4.01835
2.925 4.01817
2.928 4.018
2.931 4.01782
2.934 4.01763
2.937 4.01745
2.94 4.01726
2.943 4.01708
2.946 4.01689
2.949 4.0167
2.952 4.01651
2.955 4.01632
2.958 4.01612
2.961 4.01593
2.964 4.01573
2.967 4.01553
2.97 4.01533
2.973 4.01513
2.976 4.01493
2.979 4.01473
2.982 4.01453
2.985 4.01432
2.988 4.01412
2.991 4.01391
2.994 4.0137
2.997 4.01349
3 4.01328
3.001 0
