0 -10
0.003 -7.0629
0.006 -7.06154
0.009 -7.06016
0.012 -7.05878
0.015 -7.05739
0.018 -7.05598
0.021 -7.05457
0.024 -7.05315
0.027 -7.05172
0.03 -7.05027
0.033 -7.04882
0.036 -7.04736
0.039 -7.04588
0.042 -7.0444
0.045 -7.0429
0.048 -7.0414
0.051 -7.03988
0.054 -7.03836
0.057 -7.03682
0.06 -7.03527
0.063 -7.03372
0.066 -7.03215
0.069 -7.03057
0.072 -7.02898
0.075 -7.02738
0.078 -7.02576
0.081 -7.02414
0.084 -7.02251
0.087 -7.02086
0.09 -7.01921
0.093 -7.01754
0.096 -7.01586
0.099 -7.01417
0.102 -7.01247
0.105 -7.01076
0.108 -7.00903
0.111 -7.0073
0.114 -7.00555
0.117 -7.00379
0.12 -7.00202
0.123 -7.00024
0.126 -6.99844
0.129 -6.99664
0.132 -6.99482
0.135 -6.99299
0.138 -6.99115
0.141 -6.98929
0.144 -6.98743
0.147 -6.98555
0.15 -6.98366
0.153 -6.98176
0.156 -6.97984
0.159 -6.97792
0.162 -6.97598
0.165 -6.97403
0.168 -6.97206
0.171 -6.97008
0.174 -6.96809
0.177 -6.96609
0.18 -6.96408
0.183 -6.96205
0.186 -6.96001
0.189 -6.95796
0.192 -6.95589
0.195 -6.95381
0.198 -6.95172
0.201 -6.94961
0.204 -6.9475
0.207 -6.94536
0.21 -6.94322
0.213 -6.94106
0.216 -6.93889
0.219 -6.9367
0.222 -6.93451
0.225 -6.9323
0.228 -6.93007
0.231 -6.92783
0.234 -6.92558
0.237 -6.92331
0.24 -6.92103
0.243 -6.91874
0.246 -6.91643
0.249 -6.91411
0.252 -6.91178
0.255 -6.90943
0.258 -6.90707
0.261 -6.90469
0.264 -6.9023
0.267 -6.89989
0.27 -6.89747
0.273 -6.89504
0.276 -6.89259
0.279 -6.89013
0.282 -6.88766
0.285 -6.88516
0.288 -6.88266
0.291 -6.88014
0.294 -6.87761
0.297 -6.87506
0.3 -6.87249
0.303 -6.86992
0.306 -6.86732
0.309 -6.86472
0.312 -6.86209
0.315 -6.85946
0.318 -6.85681
0.321 -6.85414
0.324 -6.85146
0.327 -6.84876
0.33 -6.84605
0.333 -6.84332
0.336 -6.84058
0.339 -6.83783
0.342 -6.83505
0.345 -6.83227
0.348 -6.82946
0.351 -6.82665
0.354 -6.82381
0.357 -6.82097
0.36 -6.8181
0.363 -6.81523
0.366 -6.81233
0.369 -6.80942
0.372 -6.8065
0.375 -6.80356
0.378 -6.8006
0.381 -6.79763
0.384 -6.79464
0.387 -6.79164
0.39 -6.78862
0.393 -6.78559
0.396 -6.78254
0.399 -6.77947
0.402 -6.77639
0.405 -6.7733
0.408 -6.77019
0.411 -6.76706
0.414 -6.76391
0.417 -6.76075
0.42 -6.75758
0.423 -6.75439
0.426 -6.75118
0.429 -6.74796
0.432 -6.74472
0.435 -6.74146
0.438 -6.73819
0.441 -6.73491
0.444 -6.73161
0.447 -6.72829
0.45 -6.72495
0.453 -6.7216
0.456 -6.71824
0.459 -6.71485
0.462 -6.71146
0.465 -6.70804
0.468 -6.70461
0.471 -6.70117
0.474 -6.6977
0.477 -6.69423
0.48 -6.69073
0.483 -6.68722
0.486 -6.6837
0.489 -6.68015
0.492 -6.6766
0.495 -6.67302
0.498 -6.66943
0.501 -6.66583
0.504 -6.6622
0.507 -6.65857
0.51 -6.65491
0.513 -6.65124
0.516 -6.64756
0.519 -6.64386
0.522 -6.64014
0.525 -6.63641
0.528 -6.63266
0.531 -6.62889
0.534 -6.62511
0.537 -6.62131
0.54 -6.6175
0.543 -6.61367
0.546 -6.60983
0.549 -6.60597
0.552 -6.60209
0.555 -6.5982
0.558 -6.59429
0.561 -6.59037
0.564 -6.58643
0.567 -6.58248
0.57 -6.57851
0.573 -6.57452
0.576 -6.57052
0.579 -6.56651
0.582 -6.56247
0.585 -6.55843
0.588 -6.55436
0.591 -6.55029
0.594 -6.54619
0.597 -6.54208
0.6 -6.53796
0.603 -6.53382
0.606 -6.52967
0.609 -6.5255
0.612 -6.52131
0.615 -6.51711
0.618 -6.5129
0.621 -6.50867
0.624 -6.50442
0.627 -6.50016
0.63 -6.49589
0.633 -6.4916
0.636 -6.4873
0.639 -6.48298
0.642 -6.47864
0.645 -6.4743
0.648 -6.46993
0.651 -6.46556
0.654 -6.46116
0.657 -6.45676
0.66 -6.45234
0.663 -6.4479
0.666 -6.44345
0.669 -6.43899
0.672 -6.43451
0.675 -6.43002
0.678 -6.42552
0.681 -6.421
0.684 -6.41646
0.687 -6.41192
0.69 -6.40735
0.693 -6.40278
0.696 -6.39819
0.699 -6.39359
0.702 -6.38897
0.705 -6.38434
0.708 -6.3797
0.711 -6.37505
0.714 -6.37038
0.717 -6.36569
0.72 -6.361
0.723 -6.35629
0.726 -6.35157
0.729 -6.34683
0.732 -6.34209
0.735 -6.33732
0.738 -6.33255
0.741 -6.32777
0.744 -6.32297
0.747 -6.31816
0.75 -6.31333
0.753 -6.3085
0.756 -6.30365
0.759 -6.29879
0.762 -6.29392
0.765 -6.28903
0.768 -6.28413
0.771 -6.27922
0.774 -6.2743
0.777 -6.26937
0.78 -6.26443
0.783 -6.25947
0.786 -6.2545
0.789 -6.24952
0.792 -6.24453
0.795 -6.23953
0.798 -6.23452
0.801 -6.22949
0.804 -6.22446
0.807 -6.21941
0.81 -6.21436
0.813 -6.20929
0.816 -6.20421
0.819 -6.19912
0.822 -6.19402
0.825 -6.18891
0.828 -6.18378
0.831 -6.17865
0.834 -6.17351
0.837 -6.16836
0.84 -6.16319
0.843 -6.15802
0.846 -6.15284
0.849 -6.14765
0.852 -6.14244
0.855 -6.13723
0.858 -6.13201
0.861 -6.12678
0.864 -6.12153
0.867 -6.11628
0.87 -6.11102
0.873 -6.10575
0.876 -6.10047
0.879 -6.09519
0.882 -6.08989
0.885 -6.08458
0.888 -6.07927
0.891 -6.07394
0.894 -6.06861
0.897 -6.06327
0.9 -6.05792
0.903 -6.05256
0.906 -6.0472
0.909 -6.04182
0.912 -6.03644
0.915 -6.03105
0.918 -6.02565
0.921 -6.02024
0.924 -6.01482
0.927 -6.0094
0.93 -6.00397
0.933 -5.99853
0.936 -5.99309
0.939 -5.98763
0.942 -5.98217
0.945 -5.9767
0.948 -5.97123
0.951 -5.96574
0.954 -5.96025
0.957 -5.95475
0.96 -5.94925
0.963 -5.94374
0.966 -5.93822
0.969 -5.93269
0.972 -5.92716
0.975 -5.92162
0.978 -5.91608
0.981 -5.91053
0.984 -5.90497
0.987 -5.89941
0.99 -5.89384
0.993 -5.88826
0.996 -5.88268
0.999 -5.87709
1.002 -5.8715
1.005 -5.8659
1.008 -5.86029
1.011 -5.85468
1.014 -5.84906
1.017 -5.84344
1.02 -5.83781
1.023 -5.83218
1.026 -5.82654
1.029 -5.82089
1.032 -5.81524
1.035 -5.80959
1.038 -5.80393
1.041 -5.79827
1.044 -5.7926
1.047 -5.78692
1.05 -5.78125
1.053 -5.77556
1.056 -5.76987
1.059 -5.76418
1.062 -5.75848
1.065 -5.75278
1.068 -5.74708
1.071 -5.74137
1.074 -5.73565
1.077 -5.72994
1.08 -5.72421
1.083 -5.71849
1.086 -5.71276
1.089 -5.70702
1.092 -5.70129
1.095 -5.69554
1.098 -5.6898
1.101 -5.68405
1.104 -5.6783
1.107 -5.67254
1.11 -5.66679
1.113 -5.66102
1.116 -5.65526
1.119 -5.64949
1.122 -5.64372
1.125 -5.63795
1.128 -5.63217
1.131 -5.62639
1.134 -5.62061
1.137 -5.61482
1.14 -5.60903
1.143 -5.60324
1.146 -5.59745
1.149 -5.59165
1.152 -5.58585
1.155 -5.58005
1.158 -5.57425
1.161 -5.56844
1.164 -5.56264
1.167 -5.55683
1.17 -5.55101
1.173 -5.5452
1.176 -5.53939
1.179 -5.53357
1.182 -5.52775
1.185 -5.52193
1.188 -5.5161
1.191 -5.51028
1.194 -5.50445
1.197 -5.49863
1.2 -5.4928
1.203 -5.48697
1.206 -5.48114
1.209 -5.4753
1.212 -5.46947
1.215 -5.46363
1.218 -5.4578
1.221 -5.45196
1.224 -5.44612
1.227 -5.44028
1.23 -5.43444
1.233 -5.4286
1.236 -5.42276
1.239 -5.41692
1.242 -5.41107
1.245 -5.40523
1.248 -5.39939
1.251 -5.39354
1.254 -5.3877
1.257 -5.38185
1.26 -5.376
1.263 -5.37016
1.266 -5.36431
1.269 -5.35847
1.272 -5.35262
1.275 -5.34677
1.278 -5.34092
1.281 -5.33508
1.284 -5.32923
1.287 -5.32338
1.29 -5.31754
1.293 -5.31169
1.296 -5.30585
1.299 -5.3
1.302 -5.29415
1.305 -5.28831
1.308 -5.28247
1.311 -5.27662
1.314 -5.27078
1.317 -5.26494
1.32 -5.25909
1.323 -5.25325
1.326 -5.24741
1.329 -5.24157
1.332 -5.23573
1.335 -5.2299
1.338 -5.22406
1.341 -5.21822
1.344 -5.21239
1.347 -5.20655
1.35 -5.20072
1.353 -5.19489
1.356 -5.18906
1.359 -5.18323
1.362 -5.1774
1.365 -5.17157
1.368 -5.16575
1.371 -5.15992
1.374 -5.1541
1.377 -5.14828
1.38 -5.14246
1.383 -5.13664
1.386 -5.13082
1.389 -5.12501
1.392 -5.1192
1.395 -5.11338
1.398 -5.10757
1.401 -5.10177
1.404 -5.09596
1.407 -5.09016
1.41 -5.08435
1.413 -5.07855
1.416 -5.07275
1.419 -5.06696
1.422 -5.06116
1.425 -5.05537
1.428 -5.04958
1.431 -5.04379
1.434 -5.038
1.437 -5.03222
1.44 -5.02644
1.443 -5.02066
1.446 -5.01488
1.449 -5.00911
1.452 -5.00333
1.455 -4.99756
1.458 -4.99179
1.461 -4.98603
1.464 -4.98027
1.467 -4.97451
1.47 -4.96875
1.473 -4.96299
1.476 -4.95724
1.479 -4.95149
1.482 -4.94574
1.485 -4.94
1.488 -4.93425
1.491 -4.92851
1.494 -4.92278
1.497 -4.91704
1.5 -4.91131
1.503 -4.90558
1.506 -4.89986
1.509 -4.89413
1.512 -4.88841
1.515 -4.8827
1.518 -4.87698
1.521 -4.87127
1.524 -4.86556
1.527 -4.85986
1.53 -4.85415
1.533 -4.84845
1.536 -4.84276
1.539 -4.83706
1.542 -4.83137
1.545 -4.82569
1.548 -4.82
1.551 -4.81432
1.554 -4.80864
1.557 -4.80297
1.56 -4.7973
1.563 -4.79163
1.566 -4.78597
1.569 -4.7803
1.572 -4.77465
1.575 -4.76899
1.578 -4.76334
1.581 -4.75769
1.584 -4.75205
1.587 -4.74641
1.59 -4.74077
1.593 -4.73513
1.596 -4.7295
1.599 -4.72387
1.602 -4.71825
1.605 -4.71263
1.608 -4.70701
1.611 -4.7014
1.614 -4.69579
1.617 -4.69018
1.62 -4.68458
1.623 -4.67898
1.626 -4.67338
1.629 -4.66779
1.632 -4.6622
1.635 -4.65661
1.638 -4.65103
1.641 -4.64545
1.644 -4.63988
1.647 -4.63431
1.65 -4.62874
1.653 -4.62318
1.656 -4.61762
1.659 -4.61206
1.662 -4.60651
1.665 -4.60096
1.668 -4.59542
1.671 -4.58988
1.674 -4.58434
1.677 -4.57881
1.68 -4.57328
1.683 -4.56776
1.686 -4.56223
1.689 -4.55672
1.692 -4.5512
1.695 -4.54569
1.698 -4.54019
1.701 -4.53469
1.704 -4.52919
1.707 -4.52369
1.71 -4.5182
1.713 -4.51272
1.716 -4.50724
1.719 -4.50176
1.722 -4.49629
1.725 -4.49082
1.728 -4.48535
1.731 -4.47989
1.734 -4.47443
1.737 -4.46898
1.74 -4.46353
1.743 -4.45808
1.746 -4.45264
1.749 -4.44721
1.752 -4.44177
1.755 -4.43635
1.758 -4.43092
1.761 -4.4255
1.764 -4.42009
1.767 -4.41468
1.77 -4.40927
1.773 -4.40387
1.776 -4.39847
1.779 -4.39307
1.782 -4.38769
1.785 -4.3823
1.788 -4.37692
1.791 -4.37154
1.794 -4.36617
1.797 -4.3608
1.8 -4.35544
1.803 -4.35008
1.806 -4.34473
1.809 -4.33938
1.812 -4.33404
1.815 -4.3287
1.818 -4.32336
1.821 -4.31803
1.824 -4.3127
1.827 -4.30738
1.83 -4.30207
1.833 -4.29675
1.836 -4.29145
1.839 -4.28614
1.842 -4.28085
1.845 -4.27555
1.848 -4.27027
1.851 -4.26498
1.854 -4.2597
1.857 -4.25443
1.86 -4.24916
1.863 -4.2439
1.866 -4.23864
1.869 -4.23339
1.872 -4.22814
1.875 -4.2229
1.878 -4.21766
1.881 -4.21243
1.884 -4.2072
1.887 -4.20197
1.89 -4.19676
1.893 -4.19155
1.896 -4.18634
1.899 -4.18114
1.902 -4.17594
1.905 -4.17075
1.908 -4.16556
1.911 -4.16039
1.914 -4.15521
1.917 -4.15004
1.92 -4.14488
1.923 -4.13972
1.926 -4.13457
1.929 -4.12942
1.932 -4.12428
1.935 -4.11915
1.938 -4.11402
1.941 -4.10889
1.944 -4.10377
1.947 -4.09866
1.95 -4.09356
1.953 -4.08846
1.956 -4.08336
1.959 -4.07827
1.962 -4.07319
1.965 -4.06811
1.968 -4.06304
1.971 -4.05798
1.974 -4.05292
1.977 -4.04787
1.98 -4.04282
1.983 -4.03779
1.986 -4.03275
1.989 -4.02773
1.992 -4.02271
1.995 -4.01769
1.998 -4.01269
2.001 -4.00768
2.004 -4.00269
2.007 -3.9977
2.01 -3.99272
2.013 -3.98775
2.016 -3.98278
2.019 -3.97782
2.022 -3.97287
2.025 -3.96792
2.028 -3.96298
2.031 -3.95805
2.034 -3.95312
2.037 -3.9482
2.04 -3.94329
2.043 -3.93839
2.046 -3.93349
2.049 -3.9286
2.052 -3.92371
2.055 -3.91884
2.058 -3.91397
2.061 -3.90911
2.064 -3.90426
2.067 -3.89941
2.07 -3.89457
2.073 -3.88974
2.076 -3.88492
2.079 -3.8801
2.082 -3.87529
2.085 -3.87049
2.088 -3.8657
2.091 -3.86091
2.094 -3.85614
2.097 -3.85137
2.1 -3.84661
2.103 -3.84185
2.106 -3.83711
2.109 -3.83237
2.112 -3.82764
2.115 -3.82292
2.118 -3.81821
2.121 -3.81351
2.124 -3.80881
2.127 -3.80413
2.13 -3.79945
2.133 -3.79478
2.136 -3.79012
2.139 -3.78546
2.142 -3.78082
2.145 -3.77619
2.148 -3.77156
2.151 -3.76694
2.154 -3.76233
2.157 -3.75773
2.16 -3.75314
2.163 -3.74856
2.166 -3.74399
2.169 -3.73942
2.172 -3.73487
2.175 -3.73032
2.178 -3.72579
2.181 -3.72126
2.184 -3.71674
2.187 -3.71223
2.19 -3.70773
2.193 -3.70325
2.196 -3.69877
2.199 -3.6943
2.202 -3.68984
2.205 -3.68539
2.208 -3.68094
2.211 -3.67651
2.214 -3.67209
2.217 -3.66768
2.22 -3.66328
2.223 -3.65889
2.226 -3.65451
2.229 -3.65014
2.232 -3.64578
2.235 -3.64143
2.238 -3.63709
2.241 -3.63276
2.244 -3.62844
2.247 -3.62413
2.25 -3.61983
2.253 -3.61554
2.256 -3.61126
2.259 -3.607
2.262 -3.60274
2.265 -3.5985
2.268 -3.59426
2.271 -3.59004
2.274 -3.58583
2.277 -3.58163
2.28 -3.57744
2.283 -3.57326
2.286 -3.56909
2.289 -3.56494
2.292 -3.56079
2.295 -3.55666
2.298 -3.55254
2.301 -3.54843
2.304 -3.54433
2.307 -3.54024
2.31 -3.53617
2.313 -3.5321
2.316 -3.52805
2.319 -3.52401
2.322 -3.51999
2.325 -3.51597
2.328 -3.51197
2.331 -3.50798
2.334 -3.504
2.337 -3.50003
2.34 -3.49608
2.343 -3.49214
2.346 -3.48821
2.349 -3.48429
2.352 -3.48039
2.355 -3.4765
2.358 -3.47262
2.361 -3.46876
2.364 -3.46491
2.367 -3.46107
2.37 -3.45724
2.373 -3.45343
2.376 -3.44963
2.379 -3.44585
2.382 -3.44208
2.385 -3.43832
2.388 -3.43458
2.391 -3.43085
2.394 -3.42713
2.397 -3.42343
2.4 -3.41974
2.403 -3.41606
2.406 -3.41241
2.409 -3.40876
2.412 -3.40513
2.415 -3.40151
2.418 -3.39791
2.421 -3.39432
2.424 -3.39075
2.427 -3.38719
2.43 -3.38365
2.433 -3.38012
2.436 -3.37661
2.439 -3.37311
2.442 -3.36963
2.445 -3.36616
2.448 -3.36271
2.451 -3.35928
2.454 -3.35586
2.457 -3.35246
2.46 -3.34907
2.463 -3.3457
2.466 -3.34234
2.469 -3.339
2.472 -3.33568
2.475 -3.33237
2.478 -3.32908
2.481 -3.32581
2.484 -3.32255
2.487 -3.31932
2.49 -3.31609
2.493 -3.31289
2.496 -3.3097
2.499 -3.30653
2.502 -3.30338
2.505 -3.30024
2.508 -3.29712
2.511 -3.29403
2.514 -3.29094
2.517 -3.28788
2.52 -3.28483
2.523 -3.28181
2.526 -3.2788
2.529 -3.2758
2.532 -3.27283
2.535 -3.26988
2.538 -3.26694
2.541 -3.26403
2.544 -3.26113
2.547 -3.25825
2.55 -3.25539
2.553 -3.25255
2.556 -3.24973
2.559 -3.24693
2.562 -3.24415
2.565 -3.24139
2.568 -3.23865
2.571 -3.23592
2.574 -3.23322
2.577 -3.23054
2.58 -3.22788
2.583 -3.22524
2.586 -3.22262
2.589 -3.22001
2.592 -3.21743
2.595 -3.21487
2.598 -3.21234
2.601 -3.20982
2.604 -3.20732
2.607 -3.20484
2.61 -3.20239
2.613 -3.19996
2.616 -3.19754
2.619 -3.19515
2.622 -3.19278
2.625 -3.19043
2.628 -3.18811
2.631 -3.1858
2.634 -3.18352
2.637 -3.18126
2.64 -3.17902
2.643 -3.1768
2.646 -3.1746
2.649 -3.17243
2.652 -3.17028
2.655 -3.16815
2.658 -3.16604
2.661 -3.16395
2.664 -3.16189
2.667 -3.15985
2.67 -3.15783
2.673 -3.15583
2.676 -3.15386
2.679 -3.15191
2.682 -3.14998
2.685 -3.14807
2.688 -3.14619
2.691 -3.14433
2.694 -3.14249
2.697 -3.14068
2.7 -3.13888
2.703 -3.13711
2.706 -3.13537
2.709 -3.13364
2.712 -3.13194
2.715 -3.13026
2.718 -3.1286
2.721 -3.12697
2.724 -3.12536
2.727 -3.12377
2.73 -3.1222
2.733 -3.12066
2.736 -3.11914
2.739 -3.11764
2.742 -3.11617
2.745 -3.11472
2.748 -3.11329
2.751 -3.11188
2.754 -3.1105
2.757 -3.10913
2.76 -3.10779
2.763 -3.10648
2.766 -3.10518
2.769 -3.10391
2.772 -3.10266
2.775 -3.10143
2.778 -3.10023
2.781 -3.09905
2.784 -3.09788
2.787 -3.09675
2.79 -3.09563
2.793 -3.09453
2.796 -3.09346
2.799 -3.09241
2.802 -3.09138
2.805 -3.09037
2.808 -3.08939
2.811 -3.08842
2.814 -3.08748
2.817 -3.08656
2.82 -3.08566
2.823 -3.08478
2.826 -3.08392
2.829 -3.08308
2.832 -3.08227
2.835 -3.08147
2.838 -3.0807
2.841 -3.07994
2.844 -3.07921
2.847 -3.07849
2.85 -3.0778
2.853 -3.07713
2.856 -3.07648
2.859 -3.07584
2.862 -3.07523
2.865 -3.07464
2.868 -3.07406
2.871 -3.07351
2.874 -3.07297
2.877 -3.07246
2.88 -3.07196
2.883 -3.07149
2.886 -3.07103
2.889 -3.07059
2.892 -3.07017
2.895 -3.06976
2.898 -3.06938
2.901 -3.06901
2.904 -3.06867
2.907 -3.06834
2.91 -3.06803
2.913 -3.06773
2.916 -3.06746
2.919 -3.0672
2.922 -3.06695
2.925 -3.06673
2.928 -3.06652
2.931 -3.06633
2.934 -3.06616
2.937 -3.066
2.94 -3.06586
2.943 -3.06573
2.946 -3.06563
2.949 -3.06553
2.952 -3.06546
2.955 -3.0654
2.958 -3.06535
2.961 -3.06532
2.964 -3.06531
2.967 -3.06531
2.97 -3.06532
2.973 -3.06535
2.976 -3.0654
2.979 -3.06546
2.982 -3.06553
2.985 -3.06562
2.988 -3.06572
2.991 -3.06584
2.994 -3.06597
2.997 -3.06611
3 -3.06627
3.001 -10
