0 0
0.003 0.397309
0.006 0.397797
0.009 0.398288
0.012 0.398782
0.015 0.39928
0.018 0.399782
0.021 0.400287
0.024 0.400795
0.027 0.401308
0.03 0.401824
0.033 0.402343
0.036 0.402866
0.039 0.403393
0.042 0.403924
0.045 0.404458
0.048 0.404996
0.051 0.405538
0.054 0.406084
0.057 0.406633
0.06 0.407187
0.063 0.407744
0.066 0.408305
0.069 0.40887
0.072 0.409438
0.075 0.410011
0.078 0.410588
0.081 0.411169
0.084 0.411753
0.087 0.412342
0.09 0.412935
0.093 0.413532
0.096 0.414133
0.099 0.414738
0.102 0.415347
0.105 0.415961
0.108 0.416578
0.111 0.4172
0.114 0.417826
0.117 0.418456
0.12 0.419091
0.123 0.41973
0.126 0.420373
0.129 0.421021
0.132 0.421672
0.135 0.422329
0.138 0.422989
0.141 0.423655
0.144 0.424324
0.147 0.424998
0.15 0.425677
0.153 0.42636
0.156 0.427048
0.159 0.42774
0.162 0.428437
0.165 0.429138
0.168 0.429844
0.171 0.430555
0.174 0.43127
0.177 0.431991
0.18 0.432715
0.183 0.433445
0.186 0.43418
0.189 0.434919
0.192 0.435663
0.195 0.436412
0.198 0.437166
0.201 0.437924
0.204 0.438688
0.207 0.439457
0.21 0.44023
0.213 0.441009
0.216 0.441793
0.219 0.442581
0.222 0.443375
0.225 0.444174
0.228 0.444978
0.231 0.445787
0.234 0.446601
0.237 0.447421
0.24 0.448245
0.243 0.449075
0.246 0.44991
0.249 0.450751
0.252 0.451597
0.255 0.452448
0.258 0.453304
0.261 0.454166
0.264 0.455033
0.267 0.455906
0.27 0.456784
0.273 0.457668
0.276 0.458557
0.279 0.459451
0.282 0.460352
0.285 0.461257
0.288 0.462169
0.291 0.463085
0.294 0.464008
0.297 0.464936
0.3 0.46587
0.303 0.46681
0.306 0.467755
0.309 0.468706
0.312 0.469663
0.315 0.470626
0.318 0.471594
0.321 0.472568
0.324 0.473548
0.327 0.474534
0.33 0.475526
0.333 0.476524
0.336 0.477528
0.339 0.478538
0.342 0.479554
0.345 0.480575
0.348 0.481603
0.351 0.482637
0.354 0.483677
0.357 0.484723
0.36 0.485775
0.363 0.486834
0.366 0.487898
0.369 0.488969
0.372 0.490045
0.375 0.491128
0.378 0.492218
0.381 0.493313
0.384 0.494415
0.387 0.495523
0.39 0.496638
0.393 0.497759
0.396 0.498886
0.399 0.500019
0.402 0.501159
0.405 0.502305
0.408 0.503458
0.411 0.504617
0.414 0.505783
0.417 0.506955
0.42 0.508134
0.423 0.509319
0.426 0.51051
0.429 0.511709
0.432 0.512914
0.435 0.514125
0.438 0.515343
0.441 0.516567
0.444 0.517799
0.447 0.519036
0.45 0.520281
0.453 0.521532
0.456 0.52279
0.459 0.524055
0.462 0.525326
0.465 0.526604
0.468 0.527889
0.471 0.52918
0.474 0.530479
0.477 0.531784
0.48 0.533095
0.483 0.534414
0.486 0.53574
0.489 0.537072
0.492 0.538411
0.495 0.539757
0.498 0.54111
0.501 0.54247
0.504 0.543837
0.507 0.54521
0.51 0.546591
0.513 0.547978
0.516 0.549372
0.519 0.550774
0.522 0.552182
0.525 0.553597
0.528 0.555019
0.531 0.556448
0.534 0.557884
0.537 0.559327
0.54 0.560777
0.543 0.562234
0.546 0.563698
0.549 0.565169
0.552 0.566648
0.555 0.568133
0.558 0.569625
0.561 0.571124
0.564 0.57263
0.567 0.574143
0.57 0.575664
0.573 0.577191
0.576 0.578725
0.579 0.580267
0.582 0.581815
0.585 0.583371
0.588 0.584933
0.591 0.586503
0.594 0.58808
0.597 0.589664
0.6 0.591254
0.603 0.592852
0.606 0.594457
0.609 0.596069
0.612 0.597689
0.615 0.599315
0.618 0.600948
0.621 0.602588
0.624 0.604236
0.627 0.60589
0.63 0.607552
0.633 0.609221
0.636 0.610896
0.639 0.612579
0.642 0.614269
0.645 0.615966
0.648 0.617669
0.651 0.61938
0.654 0.621098
0.657 0.622823
0.66 0.624555
0.663 0.626294
0.666 0.62804
0.669 0.629793
0.672 0.631553
0.675 0.633321
0.678 0.635095
0.681 0.636876
0.684 0.638664
0.687 0.640459
0.69 0.642261
0.693 0.64407
0.696 0.645886
0.699 0.647708
0.702 0.649538
0.705 0.651375
0.708 0.653219
0.711 0.655069
0.714 0.656927
0.717 0.658791
0.72 0.660662
0.723 0.66254
0.726 0.664425
0.729 0.666317
0.732 0.668216
0.735 0.670121
0.738 0.672034
0.741 0.673953
0.744 0.675879
0.747 0.677811
0.75 0.679751
0.753 0.681697
0.756 0.68365
0.759 0.68561
0.762 0.687577
0.765 0.68955
0.768 0.69153
0.771 0.693517
0.774 0.69551
0.777 0.69751
0.78 0.699517
0.783 0.70153
0.786 0.70355
0.789 0.705576
0.792 0.70761
0.795 0.709649
0.798 0.711696
0.801 0.713749
0.804 0.715808
0.807 0.717874
0.81 0.719947
0.813 0.722026
0.816 0.724111
0.819 0.726203
0.822 0.728302
0.825 0.730407
0.828 0.732518
0.831 0.734636
0.834 0.73676
0.837 0.738891
0.84 0.741028
0.843 0.743171
0.846 0.745321
0.849 0.747477
0.852 0.74964
0.855 0.751808
0.858 0.753983
0.861 0.756165
0.864 0.758352
0.867 0.760546
0.87 0.762746
0.873 0.764952
0.876 0.767165
0.879 0.769383
0.882 0.771608
0.885 0.773839
0.888 0.776076
0.891 0.77832
0.894 0.780569
0.897 0.782825
0.9 0.785086
0.903 0.787354
0.906 0.789627
0.909 0.791907
0.912 0.794193
0.915 0.796485
0.918 0.798782
0.921 0.801086
0.924 0.803396
0.927 0.805711
0.93 0.808033
0.933 0.810361
0.936 0.812694
0.939 0.815033
0.942 0.817378
0.945 0.819729
0.948 0.822086
0.951 0.824449
0.954 0.826818
0.957 0.829192
0.96 0.831572
0.963 0.833958
0.966 0.83635
0.969 0.838747
0.972 0.84115
0.975 0.843559
0.978 0.845974
0.981 0.848394
0.984 0.85082
0.987 0.853251
0.99 0.855689
0.993 0.858131
0.996 0.86058
0.999 0.863034
1.002 0.865494
1.005 0.867959
1.008 0.87043
1.011 0.872906
1.014 0.875388
1.017 0.877876
1.02 0.880369
1.023 0.882867
1.026 0.885371
1.029 0.887881
1.032 0.890396
1.035 0.892916
1.038 0.895442
1.041 0.897973
1.044 0.90051
1.047 0.903052
1.05 0.9056
1.053 0.908153
1.056 0.910711
1.059 0.913275
1.062 0.915844
1.065 0.918418
1.068 0.920998
1.071 0.923583
1.074 0.926173
1.077 0.928769
1.08 0.93137
1.083 0.933976
1.086 0.936587
1.089 0.939204
1.092 0.941826
1.095 0.944453
1.098 0.947085
1.101 0.949723
1.104 0.952366
1.107 0.955014
1.11 0.957667
1.113 0.960326
1.116 0.962989
1.119 0.965658
1.122 0.968332
1.125 0.971011
1.128 0.973695
1.131 0.976385
1.134 0.979079
1.137 0.981779
1.14 0.984483
1.143 0.987193
1.146 0.989908
1.149 0.992628
1.152 0.995353
1.155 0.998083
1.158 1.00082
1.161 1.00356
1.164 1.0063
1.167 1.00905
1.17 1.01181
1.173 1.01457
1.176 1.01734
1.179 1.02011
1.182 1.02288
1.185 1.02566
1.188 1.02845
1.191 1.03124
1.194 1.03403
1.197 1.03683
1.2 1.03964
1.203 1.04245
1.206 1.04527
1.209 1.04809
1.212 1.05091
1.215 1.05374
1.218 1.05658
1.221 1.05942
1.224 1.06226
1.227 1.06512
1.23 1.06797
1.233 1.07083
1.236 1.0737
1.239 1.07657
1.242 1.07944
1.245 1.08232
1.248 1.08521
1.251 1.0881
1.254 1.09099
1.257 1.09389
1.26 1.0968
1.263 1.09971
1.266 1.10262
1.269 1.10554
1.272 1.10847
1.275 1.1114
1.278 1.11433
1.281 1.11727
1.284 1.12022
1.287 1.12317
1.29 1.12612
1.293 1.12908
1.296 1.13205
1.299 1.13502
1.302 1.13799
1.305 1.14097
1.308 1.14396
1.311 1.14695
1.314 1.14994
1.317 1.15294
1.32 1.15595
1.323 1.15896
1.326 1.16197
1.329 1.16499
1.332 1.16802
1.335 1.17105
1.338 1.17408
1.341 1.17712
1.344 1.18017
1.347 1.18322
1.35 1.18627
1.353 1.18934
1.356 1.1924
1.359 1.19547
1.362 1.19855
1.365 1.20163
1.368 1.20472
1.371 1.20781
1.374 1.21091
1.377 1.21401
1.38 1.21712
1.383 1.22023
1.386 1.22335
1.389 1.22647
1.392 1.2296
1.395 1.23273
1.398 1.23587
1.401 1.23902
1.404 1.24217
1.407 1.24532
1.41 1.24848
1.413 1.25165
1.416 1.25482
1.419 1.258
1.422 1.26118
1.425 1.26437
1.428 1.26756
1.431 1.27076
1.434 1.27397
1.437 1.27718
1.44 1.28039
1.443 1.28361
1.446 1.28684
1.449 1.29007
1.452 1.29331
1.455 1.29655
1.458 1.2998
1.461 1.30306
1.464 1.30632
1.467 1.30959
1.47 1.31286
1.473 1.31614
1.476 1.31942
1.479 1.32271
1.482 1.32601
1.485 1.32931
1.488 1.33262
1.491 1.33594
1.494 1.33926
1.497 1.34258
1.5 1.34591
1.503 1.34925
1.506 1.3526
1.509 1.35595
1.512 1.35931
1.515 1.36267
1.518 1.36604
1.521 1.36942
1.524 1.3728
1.527 1.37619
1.53 1.37958
1.533 1.38298
1.536 1.38639
1.539 1.38981
1.542 1.39323
1.545 1.39666
1.548 1.40009
1.551 1.40353
1.554 1.40698
1.557 1.41044
1.56 1.4139
1.563 1.41737
1.566 1.42084
1.569 1.42433
1.572 1.42782
1.575 1.43131
1.578 1.43482
1.581 1.43833
1.584 1.44185
1.587 1.44537
1.59 1.4489
1.593 1.45244
1.596 1.45599
1.599 1.45954
1.602 1.46311
1.605 1.46668
1.608 1.47025
1.611 1.47384
1.614 1.47743
1.617 1.48103
1.62 1.48464
1.623 1.48825
1.626 1.49188
1.629 1.49551
1.632 1.49915
1.635 1.50279
1.638 1.50645
1.641 1.51011
1.644 1.51379
1.647 1.51747
1.65 1.52115
1.653 1.52485
1.656 1.52856
1.659 1.53227
1.662 1.53599
1.665 1.53972
1.668 1.54346
1.671 1.54721
1.674 1.55096
1.677 1.55473
1.68 1.5585
1.683 1.56229
1.686 1.56608
1.689 1.56988
1.692 1.57369
1.695 1.57751
1.698 1.58134
1.701 1.58518
1.704 1.58903
1.707 1.59288
1.71 1.59675
1.713 1.60063
1.716 1.60451
1.719 1.60841
1.722 1.61231
1.725 1.61623
1.728 1.62015
1.731 1.62409
1.734 1.62803
1.737 1.63199
1.74 1.63595
1.743 1.63993
1.746 1.64392
1.749 1.64791
1.752 1.65192
1.755 1.65594
1.758 1.65997
1.761 1.664
1.764 1.66805
1.767 1.67212
1.77 1.67619
1.773 1.68027
1.776 1.68436
1.779 1.68847
1.782 1.69258
1.785 1.69671
1.788 1.70085
1.791 1.705
1.794 1.70916
1.797 1.71333
1.8 1.71752
1.803 1.72171
1.806 1.72592
1.809 1.73014
1.812 1.73437
1.815 1.73862
1.818 1.74287
1.821 1.74714
1.824 1.75142
1.827 1.75572
1.83 1.76002
1.833 1.76434
1.836 1.76867
1.839 1.77301
1.842 1.77737
1.845 1.78174
1.848 1.78612
1.851 1.79052
1.854 1.79492
1.857 1.79934
1.86 1.80378
1.863 1.80823
1.866 1.81269
1.869 1.81716
1.872 1.82165
1.875 1.82615
1.878 1.83067
1.881 1.83519
1.884 1.83974
1.887 1.84429
1.89 1.84886
1.893 1.85345
1.896 1.85805
1.899 1.86266
1.902 1.86729
1.905 1.87193
1.908 1.87659
1.911 1.88126
1.914 1.88594
1.917 1.89064
1.92 1.89536
1.923 1.90009
1.926 1.90483
1.929 1.90959
1.932 1.91437
1.935 1.91916
1.938 1.92396
1.941 1.92878
1.944 1.93362
1.947 1.93847
1.95 1.94333
1.953 1.94822
1.956 1.95311
1.959 1.95803
1.962 1.96296
1.965 1.9679
1.968 1.97286
1.971 1.97784
1.974 1.98283
1.977 1.98784
1.98 1.99287
1.983 1.99791
1.986 2.00297
1.989 2.00804
1.992 2.01313
1.995 2.01824
1.998 2.02336
2.001 2.0285
2.004 2.03366
2.007 2.03883
2.01 2.04402
2.013 2.04923
2.016 2.05445
2.019 2.0597
2.022 2.06495
2.025 2.07023
2.028 2.07552
2.031 2.08083
2.034 2.08616
2.037 2.0915
2.04 2.09686
2.043 2.10224
2.046 2.10764
2.049 2.11305
2.052 2.11848
2.055 2.12393
2.058 2.12939
2.061 2.13488
2.064 2.14038
2.067 2.1459
2.07 2.15143
2.073 2.15699
2.076 2.16256
2.079 2.16815
2.082 2.17376
2.085 2.17938
2.088 2.18502
2.091 2.19068
2.094 2.19636
2.097 2.20206
2.1 2.20777
2.103 2.2135
2.106 2.21925
2.109 2.22502
2.112 2.23081
2.115 2.23661
2.118 2.24243
2.121 2.24827
2.124 2.25413
2.127 2.26001
2.13 2.2659
2.133 2.27181
2.136 2.27774
2.139 2.28369
2.142 2.28966
2.145 2.29564
2.148 2.30164
2.151 2.30766
2.154 2.3137
2.157 2.31975
2.16 2.32582
2.163 2.33191
2.166 2.33802
2.169 2.34415
2.172 2.35029
2.175 2.35645
2.178 2.36263
2.181 2.36883
2.184 2.37504
2.187 2.38127
2.19 2.38752
2.193 2.39378
2.196 2.40007
2.199 2.40637
2.202 2.41268
2.205 2.41902
2.208 2.42537
2.211 2.43173
2.214 2.43812
2.217 2.44452
2.22 2.45094
2.223 2.45737
2.226 2.46382
2.229 2.47029
2.232 2.47677
2.235 2.48327
2.238 2.48979
2.241 2.49632
2.244 2.50287
2.247 2.50943
2.25 2.51601
2.253 2.5226
2.256 2.52921
2.259 2.53584
2.262 2.54248
2.265 2.54913
2.268 2.5558
2.271 2.56248
2.274 2.56918
2.277 2.57589
2.28 2.58262
2.283 2.58936
2.286 2.59612
2.289 2.60288
2.292 2.60967
2.295 2.61646
2.298 2.62327
2.301 2.63009
2.304 2.63692
2.307 2.64377
2.31 2.65063
2.313 2.6575
2.316 2.66438
2.319 2.67127
2.322 2.67818
2.325 2.6851
2.328 2.69202
2.331 2.69896
2.334 2.70591
2.337 2.71287
2.34 2.71984
2.343 2.72682
2.346 2.73381
2.349 2.7408
2.352 2.74781
2.355 2.75482
2.358 2.76185
2.361 2.76888
2.364 2.77592
2.367 2.78297
2.37 2.79002
2.373 2.79708
2.376 2.80415
2.379 2.81122
2.382 2.8183
2.385 2.82539
2.388 2.83248
2.391 2.83958
2.394 2.84668
2.397 2.85379
2.4 2.8609
2.403 2.86801
2.406 2.87512
2.409 2.88224
2.412 2.88937
2.415 2.89649
2.418 2.90362
2.421 2.91075
2.424 2.91787
2.427 2.925
2.43 2.93213
2.433 2.93926
2.436 2.94639
2.439 2.95352
2.442 2.96065
2.445 2.96778
2.448 2.9749
2.451 2.98202
2.454 2.98914
2.457 2.99626
2.46 3.00337
2.463 3.01048
2.466 3.01758
2.469 3.02468
2.472 3.03177
2.475 3.03886
2.478 3.04594
2.481 3.05301
2.484 3.06008
2.487 3.06714
2.49 3.07419
2.493 3.08123
2.496 3.08826
2.499 3.09529
2.502 3.1023
2.505 3.1093
2.508 3.1163
2.511 3.12328
2.514 3.13025
2.517 3.1372
2.52 3.14415
2.523 3.15108
2.526 3.158
2.529 3.1649
2.532 3.17179
2.535 3.17867
2.538 3.18553
2.541 3.19237
2.544 3.1992
2.547 3.20601
2.55 3.2128
2.553 3.21958
2.556 3.22634
2.559 3.23307
2.562 3.23979
2.565 3.24649
2.568 3.25317
2.571 3.25983
2.574 3.26647
2.577 3.27309
2.58 3.27968
2.583 3.28626
2.586 3.29281
2.589 3.29934
2.592 3.30584
2.595 3.31232
2.598 3.31878
2.601 3.32521
2.604 3.33161
2.607 3.33799
2.61 3.34435
2.613 3.35068
2.616 3.35698
2.619 3.36325
2.622 3.3695
2.625 3.37572
2.628 3.38191
2.631 3.38807
2.634 3.39421
2.637 3.40031
2.64 3.40638
2.643 3.41243
2.646 3.41844
2.649 3.42443
2.652 3.43038
2.655 3.4363
2.658 3.44219
2.661 3.44805
2.664 3.45387
2.667 3.45966
2.67 3.46542
2.673 3.47115
2.676 3.47685
2.679 3.48251
2.682 3.48813
2.685 3.49372
2.688 3.49928
2.691 3.50481
2.694 3.51029
2.697 3.51575
2.7 3.52117
2.703 3.52655
2.706 3.5319
2.709 3.53721
2.712 3.54249
2.715 3.54773
2.718 3.55293
2.721 3.5581
2.724 3.56323
2.727 3.56832
2.73 3.57338
2.733 3.5784
2.736 3.58338
2.739 3.58833
2.742 3.59324
2.745 3.59811
2.748 3.60295
2.751 3.60774
2.754 3.6125
2.757 3.61722
2.76 3.62191
2.763 3.62655
2.766 3.63116
2.769 3.63574
2.772 3.64027
2.775 3.64476
2.778 3.64922
2.781 3.65364
2.784 3.65803
2.787 3.66237
2.79 3.66668
2.793 3.67095
2.796 3.67518
2.799 3.67937
2.802 3.68353
2.805 3.68765
2.808 3.69173
2.811 3.69578
2.814 3.69978
2.817 3.70375
2.82 3.70769
2.823 3.71158
2.826 3.71544
2.829 3.71926
2.832 3.72305
2.835 3.7268
2.838 3.73051
2.841 3.73418
2.844 3.73782
2.847 3.74143
2.85 3.74499
2.853 3.74853
2.856 3.75202
2.859 3.75548
2.862 3.75891
2.865 3.7623
2.868 3.76565
2.871 3.76897
2.874 3.77226
2.877 3.77551
2.88 3.77872
2.883 3.78191
2.886 3.78505
2.889 3.78817
2.892 3.79125
2.895 3.7943
2.898 3.79731
2.901 3.80029
2.904 3.80324
2.907 3.80615
2.91 3.80904
2.913 3.81189
2.916 3.81471
2.919 3.81749
2.922 3.82025
2.925 3.82297
2.928 3.82566
2.931 3.82833
2.934 3.83096
2.937 3.83356
2.94 3.83613
2.943 3.83867
2.946 3.84118
2.949 3.84366
2.952 3.84611
2.955 3.84853
2.958 3.85093
2.961 3.85329
2.964 3.85563
2.967 3.85794
2.97 3.86022
2.973 3.86247
2.976 3.86469
2.979 3.86689
2.982 3.86906
2.985 3.8712
2.988 3.87332
2.991 3.87541
2.994 3.87748
2.997 3.87952
3 3.88153
3.001 0
