0 5
0.003 3.71568
0.006 3.71504
0.009 3.7144
0.012 3.71375
0.015 3.71309
0.018 3.71244
0.021 3.71178
0.024 3.71111
0.027 3.71044
0.03 3.70977
0.033 3.70909
0.036 3.7084
0.039 3.70772
0.042 3.70703
0.045 3.70633
0.048 3.70563
0.051 3.70493
0.054 3.70422
0.057 3.7035
0.06 3.70279
0.063 3.70207
0.066 3.70134
0.069 3.70061
0.072 3.69987
0.075 3.69914
0.078 3.69839
0.081 3.69765
0.084 3.69689
0.087 3.69614
0.09 3.69538
0.093 3.69461
0.096 3.69385
0.099 3.69307
0.102 3.6923
0.105 3.69151
0.108 3.69073
0.111 3.68994
0.114 3.68914
0.117 3.68835
0.12 3.68754
0.123 3.68674
0.126 3.68593
0.129 3.68511
0.132 3.68429
0.135 3.68347
0.138 3.68264
0.141 3.68181
0.144 3.68097
0.147 3.68013
0.15 3.67929
0.153 3.67844
0.156 3.67759
0.159 3.67673
0.162 3.67587
0.165 3.675
0.168 3.67414
0.171 3.67326
0.174 3.67239
0.177 3.67151
0.18 3.67062
0.183 3.66973
0.186 3.66884
0.189 3.66794
0.192 3.66704
0.195 3.66614
0.198 3.66523
0.201 3.66432
0.204 3.6634
0.207 3.66248
0.21 3.66156
0.213 3.66063
0.216 3.6597
0.219 3.65877
0.222 3.65783
0.225 3.65689
0.228 3.65594
0.231 3.65499
0.234 3.65404
0.237 3.65308
0.24 3.65212
0.243 3.65116
0.246 3.65019
0.249 3.64922
0.252 3.64824
0.255 3.64726
0.258 3.64628
0.261 3.6453
0.264 3.64431
0.267 3.64332
0.27 3.64232
0.273 3.64132
0.276 3.64032
0.279 3.63932
0.282 3.63831
0.285 3.6373
0.288 3.63628
0.291 3.63527
0.294 3.63424
0.297 3.63322
0.3 3.63219
0.303 3.63116
0.306 3.63013
0.309 3.62909
0.312 3.62805
0.315 3.62701
0.318 3.62597
0.321 3.62492
0.324 3.62387
0.327 3.62281
0.33 3.62175
0.333 3.62069
0.336 3.61963
0.339 3.61857
0.342 3.6175
0.345 3.61643
0.348 3.61535
0.351 3.61428
0.354 3.6132
0.357 3.61212
0.36 3.61103
0.363 3.60995
0.366 3.60886
0.369 3.60777
0.372 3.60667
0.375 3.60558
0.378 3.60448
0.381 3.60337
0.384 3.60227
0.387 3.60116
0.39 3.60006
0.393 3.59895
0.396 3.59783
0.399 3.59672
0.402 3.5956
0.405 3.59448
0.408 3.59336
0.411 3.59223
0.414 3.59111
0.417 3.58998
0.42 3.58885
0.423 3.58771
0.426 3.58658
0.429 3.58544
0.432 3.5843
0.435 3.58316
0.438 3.58202
0.441 3.58088
0.444 3.57973
0.447 3.57858
0.45 3.57743
0.453 3.57628
0.456 3.57513
0.459 3.57397
0.462 3.57281
0.465 3.57165
0.468 3.57049
0.471 3.56933
0.474 3.56817
0.477 3.567
0.48 3.56583
0.483 3.56466
0.486 3.56349
0.489 3.56232
0.492 3.56115
0.495 3.55997
0.498 3.55879
0.501 3.55762
0.504 3.55644
0.507 3.55526
0.51 3.55407
0.513 3.55289
0.516 3.5517
0.519 3.55052
0.522 3.54933
0.525 3.54814
0.528 3.54695
0.531 3.54576
0.534 3.54457
0.537 3.54337
0.54 3.54218
0.543 3.54098
0.546 3.53978
0.549 3.53858
0.552 3.53739
0.555 3.53618
0.558 3.53498
0.561 3.53378
0.564 3.53258
0.567 3.53137
0.57 3.53017
0.573 3.52896
0.576 3.52775
0.579 3.52654
0.582 3.52534
0.585 3.52413
0.588 3.52292
0.591 3.5217
0.594 3.52049
0.597 3.51928
0.6 3.51807
0.603 3.51685
0.606 3.51564
0.609 3.51442
0.612 3.51321
0.615 3.51199
0.618 3.51077
0.621 3.50956
0.624 3.50834
0.627 3.50712
0.63 3.5059
0.633 3.50468
0.636 3.50347
0.639 3.50225
0.642 3.50103
0.645 3.49981
0.648 3.49859
0.651 3.49737
0.654 3.49615
0.657 3.49493
0.66 3.4937
0.663 3.49248
0.666 3.49126
0.669 3.49004
0.672 3.48882
0.675 3.4876
0.678 3.48638
0.681 3.48516
0.684 3.48394
0.687 3.48272
0.69 3.4815
0.693 3.48028
0.696 3.47906
0.699 3.47784
0.702 3.47662
0.705 3.47541
0.708 3.47419
0.711 3.47297
0.714 3.47175
0.717 3.47054
0.72 3.46932
0.723 3.46811
0.726 3.46689
0.729 3.46568
0.732 3.46447
0.735 3.46325
0.738 3.46204
0.741 3.46083
0.744 3.45962
0.747 3.45841
0.75 3.4572
0.753 3.45599
0.756 3.45479
0.759 3.45358
0.762 3.45238
0.765 3.45117
0.768 3.44997
0.771 3.44877
0.774 3.44757
0.777 3.44637
0.78 3.44517
0.783 3.44398
0.786 3.44278
0.789 3.44159
0.792 3.4404
0.795 3.4392
0.798 3.43801
0.801 3.43683
0.804 3.43564
0.807 3.43445
0.81 3.43327
0.813 3.43209
0.816 3.43091
0.819 3.42973
0.822 3.42855
0.825 3.42737
0.828 3.4262
0.831 3.42503
0.834 3.42386
0.837 3.42269
0.84 3.42152
0.843 3.42035
0.846 3.41919
0.849 3.41803
0.852 3.41687
0.855 3.41571
0.858 3.41456
0.861 3.4134
0.864 3.41225
0.867 3.4111
0.87 3.40995
0.873 3.40881
0.876 3.40766
0.879 3.40652
0.882 3.40538
0.885 3.40425
0.888 3.40311
0.891 3.40198
0.894 3.40085
0.897 3.39972
0.9 3.39859
0.903 3.39747
0.906 3.39635
0.909 3.39523
0.912 3.39411
0.915 3.393
0.918 3.39189
0.921 3.39078
0.924 3.38967
0.927 3.38857
0.93 3.38746
0.933 3.38636
0.936 3.38527
0.939 3.38417
0.942 3.38308
0.945 3.38199
0.948 3.3809
0.951 3.37982
0.954 3.37874
0.957 3.37766
0.96 3.37658
0.963 3.37551
0.966 3.37444
0.969 3.37337
0.972 3.3723
0.975 3.37124
0.978 3.37018
0.981 3.36912
0.984 3.36806
0.987 3.36701
0.99 3.36596
0.993 3.36491
0.996 3.36386
0.999 3.36282
1.002 3.36178
1.005 3.36075
1.008 3.35971
1.011 3.35868
1.014 3.35765
1.017 3.35662
1.02 3.3556
1.023 3.35458
1.026 3.35356
1.029 3.35254
1.032 3.35153
1.035 3.35052
1.038 3.34951
1.041 3.34851
1.044 3.34751
1.047 3.34651
1.05 3.34551
1.053 3.34451
1.056 3.34352
1.059 3.34253
1.062 3.34155
1.065 3.34056
1.068 3.33958
1.071 3.3386
1.074 3.33763
1.077 3.33665
1.08 3.33568
1.083 3.33472
1.086 3.33375
1.089 3.33279
1.092 3.33183
1.095 3.33087
1.098 3.32991
1.101 3.32896
1.104 3.32801
1.107 3.32706
1.11 3.32612
1.113 3.32518
1.116 3.32424
1.119 3.3233
1.122 3.32236
1.125 3.32143
1.128 3.3205
1.131 3.31957
1.134 3.31865
1.137 3.31772
1.14 3.3168
1.143 3.31588
1.146 3.31497
1.149 3.31405
1.152 3.31314
1.155 3.31223
1.158 3.31133
1.161 3.31042
1.164 3.30952
1.167 3.30862
1.17 3.30772
1.173 3.30682
1.176 3.30593
1.179 3.30504
1.182 3.30415
1.185 3.30326
1.188 3.30238
1.191 3.30149
1.194 3.30061
1.197 3.29973
1.2 3.29886
1.203 3.29798
1.206 3.29711
1.209 3.29624
1.212 3.29537
1.215 3.2945
1.218 3.29364
1.221 3.29277
1.224 3.29191
1.227 3.29105
1.23 3.29019
1.233 3.28934
1.236 3.28848
1.239 3.28763
1.242 3.28678
1.245 3.28593
1.248 3.28508
1.251 3.28423
1.254 3.28339
1.257 3.28254
1.26 3.2817
1.263 3.28086
1.266 3.28002
1.269 3.27919
1.272 3.27835
1.275 3.27752
1.278 3.27668
1.281 3.27585
1.284 3.27502
1.287 3.27419
1.29 3.27337
1.293 3.27254
1.296 3.27171
1.299 3.27089
1.302 3.27007
1.305 3.26925
1.308 3.26843
1.311 3.26761
1.314 3.26679
1.317 3.26597
1.32 3.26516
1.323 3.26434
1.326 3.26353
1.329 3.26271
1.332 3.2619
1.335 3.26109
1.338 3.26028
1.341 3.25947
1.344 3.25866
1.347 3.25785
1.35 3.25705
1.353 3.25624
1.356 3.25543
1.359 3.25463
1.362 3.25382
1.365 3.25302
1.368 3.25221
1.371 3.25141
1.374 3.25061
1.377 3.24981
1.38 3.24901
1.383 3.2482
1.386 3.2474
1.389 3.2466
1.392 3.2458
1.395 3.245
1.398 3.2442
1.401 3.2434
1.404 3.2426
1.407 3.24181
1.41 3.24101
1.413 3.24021
1.416 3.23941
1.419 3.23861
1.422 3.23781
1.425 3.23701
1.428 3.23621
1.431 3.23542
1.434 3.23462
1.437 3.23382
1.44 3.23302
1.443 3.23222
1.446 3.23142
1.449 3.23062
1.452 3.22982
1.455 3.22902
1.458 3.22822
1.461 3.22741
1.464 3.22661
1.467 3.22581
1.47 3.22501
1.473 3.2242
1.476 3.2234
1.479 3.22259
1.482 3.22179
1.485 3.22098
1.488 3.22018
1.491 3.21937
1.494 3.21856
1.497 3.21775
1.5 3.21694
1.503 3.21613
1.506 3.21532
1.509 3.21451
1.512 3.21369
1.515 3.21288
1.518 3.21206
1.521 3.21124
1.524 3.21043
1.527 3.20961
1.53 3.20879
1.533 3.20797
1.536 3.20714
1.539 3.20632
1.542 3.20549
1.545 3.20467
1.548 3.20384
1.551 3.20301
1.554 3.20218
1.557 3.20134
1.56 3.20051
1.563 3.19967
1.566 3.19884
1.569 3.198
1.572 3.19716
1.575 3.19631
1.578 3.19547
1.581 3.19462
1.584 3.19377
1.587 3.19293
1.59 3.19207
1.593 3.19122
1.596 3.19036
1.599 3.18951
1.602 3.18865
1.605 3.18779
1.608 3.18692
1.611 3.18606
1.614 3.18519
1.617 3.18432
1.62 3.18344
1.623 3.18257
1.626 3.18169
1.629 3.18081
1.632 3.17993
1.635 3.17905
1.638 3.17816
1.641 3.17727
1.644 3.17638
1.647 3.17548
1.65 3.17459
1.653 3.17369
1.656 3.17278
1.659 3.17188
1.662 3.17097
1.665 3.17006
1.668 3.16915
1.671 3.16823
1.674 3.16731
1.677 3.16639
1.68 3.16547
1.683 3.16454
1.686 3.16361
1.689 3.16267
1.692 3.16174
1.695 3.1608
1.698 3.15985
1.701 3.15891
1.704 3.15796
1.707 3.157
1.71 3.15605
1.713 3.15509
1.716 3.15413
1.719 3.15316
1.722 3.15219
1.725 3.15122
1.728 3.15024
1.731 3.14926
1.734 3.14828
1.737 3.14729
1.74 3.1463
1.743 3.14531
1.746 3.14431
1.749 3.14331
1.752 3.1423
1.755 3.14129
1.758 3.14028
1.761 3.13926
1.764 3.13824
1.767 3.13722
1.77 3.13619
1.773 3.13516
1.776 3.13413
1.779 3.13309
1.782 3.13204
1.785 3.131
1.788 3.12994
1.791 3.12889
1.794 3.12783
1.797 3.12677
1.8 3.1257
1.803 3.12463
1.806 3.12355
1.809 3.12247
1.812 3.12139
1.815 3.1203
1.818 3.11921
1.821 3.11811
1.824 3.11701
1.827 3.1159
1.83 3.11479
1.833 3.11368
1.836 3.11256
1.839 3.11144
1.842 3.11031
1.845 3.10918
1.848 3.10805
1.851 3.10691
1.854 3.10576
1.857 3.10461
1.86 3.10346
1.863 3.1023
1.866 3.10114
1.869 3.09997
1.872 3.0988
1.875 3.09763
1.878 3.09644
1.881 3.09526
1.884 3.09407
1.887 3.09288
1.89 3.09168
1.893 3.09048
1.896 3.08927
1.899 3.08806
1.902 3.08684
1.905 3.08562
1.908 3.08439
1.911 3.08316
1.914 3.08193
1.917 3.08069
1.92 3.07945
1.923 3.0782
1.926 3.07695
1.929 3.07569
1.932 3.07443
1.935 3.07316
1.938 3.07189
1.941 3.07061
1.944 3.06933
1.947 3.06805
1.95 3.06676
1.953 3.06547
1.956 3.06417
1.959 3.06287
1.962 3.06156
1.965 3.06025
1.968 3.05893
1.971 3.05761
1.974 3.05629
1.977 3.05496
1.98 3.05363
1.983 3.05229
1.986 3.05095
1.989 3.0496
1.992 3.04825
1.995 3.0469
1.998 3.04554
2.001 3.04418
2.004 3.04281
2.007 3.04144
2.01 3.04006
2.013 3.03868
2.016 3.0373
2.019 3.03591
2.022 3.03452
2.025 3.03312
2.028 3.03172
2.031 3.03032
2.034 3.02891
2.037 3.0275
2.04 3.02608
2.043 3.02466
2.046 3.02324
2.049 3.02181
2.052 3.02038
2.055 3.01895
2.058 3.01751
2.061 3.01607
2.064 3.01462
2.067 3.01317
2.07 3.01172
2.073 3.01026
2.076 3.0088
2.079 3.00734
2.082 3.00588
2.085 3.00441
2.088 3.00293
2.091 3.00146
2.094 2.99998
2.097 2.9985
2.1 2.99701
2.103 2.99552
2.106 2.99403
2.109 2.99254
2.112 2.99104
2.115 2.98954
2.118 2.98804
2.121 2.98654
2.124 2.98503
2.127 2.98352
2.13 2.982
2.133 2.98049
2.136 2.97897
2.139 2.97745
2.142 2.97593
2.145 2.9744
2.148 2.97288
2.151 2.97135
2.154 2.96982
2.157 2.96828
2.16 2.96675
2.163 2.96521
2.166 2.96367
2.169 2.96213
2.172 2.96059
2.175 2.95904
2.178 2.9575
2.181 2.95595
2.184 2.9544
2.187 2.95285
2.19 2.9513
2.193 2.94974
2.196 2.94819
2.199 2.94663
2.202 2.94508
2.205 2.94352
2.208 2.94196
2.211 2.9404
2.214 2.93884
2.217 2.93728
2.22 2.93572
2.223 2.93415
2.226 2.93259
2.229 2.93103
2.232 2.92946
2.235 2.9279
2.238 2.92633
2.241 2.92477
2.244 2.9232
2.247 2.92163
2.25 2.92007
2.253 2.9185
2.256 2.91694
2.259 2.91537
2.262 2.91381
2.265 2.91224
2.268 2.91068
2.271 2.90912
2.274 2.90755
2.277 2.90599
2.28 2.90443
2.283 2.90287
2.286 2.90131
2.289 2.89975
2.292 2.89819
2.295 2.89663
2.298 2.89507
2.301 2.89352
2.304 2.89197
2.307 2.89041
2.31 2.88886
2.313 2.88731
2.316 2.88576
2.319 2.88422
2.322 2.88267
2.325 2.88113
2.328 2.87959
2.331 2.87805
2.334 2.87651
2.337 2.87498
2.34 2.87344
2.343 2.87191
2.346 2.87038
2.349 2.86886
2.352 2.86733
2.355 2.86581
2.358 2.86429
2.361 2.86278
2.364 2.86126
2.367 2.85975
2.37 2.85824
2.373 2.85674
2.376 2.85524
2.379 2.85374
2.382 2.85224
2.385 2.85075
2.388 2.84926
2.391 2.84777
2.394 2.84629
2.397 2.84481
2.4 2.84333
2.403 2.84186
2.406 2.84039
2.409 2.83893
2.412 2.83747
2.415 2.83601
2.418 2.83455
2.421 2.8331
2.424 2.83166
2.427 2.83022
2.43 2.82878
2.433 2.82735
2.436 2.82592
2.439 2.82449
2.442 2.82307
2.445 2.82166
2.448 2.82025
2.451 2.81884
2.454 2.81744
2.457 2.81604
2.46 2.81465
2.463 2.81326
2.466 2.81188
2.469 2.8105
2.472 2.80913
2.475 2.80776
2.478 2.80639
2.481 2.80504
2.484 2.80368
2.487 2.80234
2.49 2.80099
2.493 2.79966
2.496 2.79833
2.499 2.797
2.502 2.79568
2.505 2.79436
2.508 2.79305
2.511 2.79175
2.514 2.79045
2.517 2.78916
2.52 2.78787
2.523 2.78659
2.526 2.78531
2.529 2.78404
2.532 2.78278
2.535 2.78152
2.538 2.78027
2.541 2.77903
2.544 2.77779
2.547 2.77655
2.55 2.77532
2.553 2.7741
2.556 2.77289
2.559 2.77168
2.562 2.77048
2.565 2.76928
2.568 2.76809
2.571 2.7669
2.574 2.76573
2.577 2.76455
2.58 2.76339
2.583 2.76223
2.586 2.76108
2.589 2.75993
2.592 2.75879
2.595 2.75766
2.598 2.75654
2.601 2.75542
2.604 2.7543
2.607 2.7532
2.61 2.7521
2.613 2.751
2.616 2.74992
2.619 2.74884
2.622 2.74776
2.625 2.7467
2.628 2.74564
2.631 2.74458
2.634 2.74354
2.637 2.7425
2.64 2.74146
2.643 2.74043
2.646 2.73942
2.649 2.7384
2.652 2.7374
2.655 2.7364
2.658 2.7354
2.661 2.73442
2.664 2.73344
2.667 2.73246
2.67 2.7315
2.673 2.73054
2.676 2.72959
2.679 2.72864
2.682 2.7277
2.685 2.72677
2.688 2.72584
2.691 2.72492
2.694 2.72401
2.697 2.7231
2.7 2.72221
2.703 2.72131
2.706 2.72043
2.709 2.71955
2.712 2.71868
2.715 2.71781
2.718 2.71695
2.721 2.7161
2.724 2.71525
2.727 2.71441
2.73 2.71358
2.733 2.71275
2.736 2.71193
2.739 2.71112
2.742 2.71031
2.745 2.70951
2.748 2.70872
2.751 2.70793
2.754 2.70715
2.757 2.70638
2.76 2.70561
2.763 2.70485
2.766 2.70409
2.769 2.70334
2.772 2.7026
2.775 2.70186
2.778 2.70113
2.781 2.70041
2.784 2.69969
2.787 2.69898
2.79 2.69827
2.793 2.69757
2.796 2.69688
2.799 2.69619
2.802 2.69551
2.805 2.69484
2.808 2.69417
2.811 2.6935
2.814 2.69285
2.817 2.6922
2.82 2.69155
2.823 2.69091
2.826 2.69028
2.829 2.68965
2.832 2.68903
2.835 2.68841
2.838 2.6878
2.841 2.68719
2.844 2.68659
2.847 2.686
2.85 2.68541
2.853 2.68483
2.856 2.68425
2.859 2.68368
2.862 2.68311
2.865 2.68255
2.868 2.682
2.871 2.68145
2.874 2.6809
2.877 2.68036
2.88 2.67983
2.883 2.6793
2.886 2.67877
2.889 2.67826
2.892 2.67774
2.895 2.67723
2.898 2.67673
2.901 2.67623
2.904 2.67574
2.907 2.67525
2.91 2.67477
2.913 2.67429
2.916 2.67381
2.919 2.67334
2.922 2.67288
2.925 2.67242
2.928 2.67197
2.931 2.67152
2.934 2.67107
2.937 2.67063
2.94 2.67019
2.943 2.66976
2.946 2.66933
2.949 2.66891
2.952 2.66849
2.955 2.66808
2.958 2.66767
2.961 2.66726
2.964 2.66686
2.967 2.66647
2.97 2.66608
2.973 2.66569
2.976 2.6653
2.979 2.66492
2.982 2.66455
2.985 2.66418
2.988 2.66381
2.991 2.66345
2.994 2.66309
2.997 2.66273
3 2.66238
3.001 5
