0 0
0.003 0.509232
0.006 0.51103
0.009 0.512843
0.012 0.514671
0.015 0.516513
0.018 0.518372
0.021 0.520245
0.024 0.522133
0.027 0.524037
0.03 0.525957
0.033 0.527892
0.036 0.529843
0.039 0.531809
0.042 0.533792
0.045 0.53579
0.048 0.537804
0.051 0.539834
0.054 0.541881
0.057 0.543943
0.06 0.546022
0.063 0.548118
0.066 0.550229
0.069 0.552358
0.072 0.554503
0.075 0.556664
0.078 0.558843
0.081 0.561038
0.084 0.56325
0.087 0.56548
0.09 0.567726
0.093 0.569989
0.096 0.57227
0.099 0.574568
0.102 0.576883
0.105 0.579216
0.108 0.581566
0.111 0.583934
0.114 0.58632
0.117 0.588723
0.12 0.591144
0.123 0.593582
0.126 0.596039
0.129 0.598514
0.132 0.601006
0.135 0.603517
0.138 0.606045
0.141 0.608592
0.144 0.611157
0.147 0.613741
0.15 0.616343
0.153 0.618963
0.156 0.621601
0.159 0.624258
0.162 0.626934
0.165 0.629628
0.168 0.632341
0.171 0.635072
0.174 0.637822
0.177 0.640591
0.18 0.643378
0.183 0.646185
0.186 0.64901
0.189 0.651854
0.192 0.654717
0.195 0.657598
0.198 0.660499
0.201 0.663419
0.204 0.666358
0.207 0.669315
0.21 0.672292
0.213 0.675288
0.216 0.678302
0.219 0.681336
0.222 0.684389
0.225 0.687461
0.228 0.690552
0.231 0.693662
0.234 0.696791
0.237 0.699939
0.24 0.703107
0.243 0.706293
0.246 0.709498
0.249 0.712723
0.252 0.715966
0.255 0.719228
0.258 0.72251
0.261 0.72581
0.264 0.729129
0.267 0.732468
0.27 0.735825
0.273 0.7392
0.276 0.742595
0.279 0.746009
0.282 0.749441
0.285 0.752892
0.288 0.756361
0.291 0.759849
0.294 0.763356
0.297 0.766881
0.3 0.770424
0.303 0.773986
0.306 0.777567
0.309 0.781165
0.312 0.784782
0.315 0.788417
0.318 0.79207
0.321 0.79574
0.324 0.799429
0.327 0.803136
0.33 0.80686
0.333 0.810602
0.336 0.814361
0.339 0.818138
0.342 0.821932
0.345 0.825744
0.348 0.829573
0.351 0.833418
0.354 0.837281
0.357 0.841161
0.36 0.845057
0.363 0.84897
0.366 0.8529
0.369 0.856846
0.372 0.860808
0.375 0.864787
0.378 0.868781
0.381 0.872792
0.384 0.876818
0.387 0.88086
0.39 0.884917
0.393 0.88899
0.396 0.893078
0.399 0.897182
0.402 0.9013
0.405 0.905433
0.408 0.909581
0.411 0.913743
0.414 0.917919
0.417 0.92211
0.42 0.926315
0.423 0.930534
0.426 0.934767
0.429 0.939013
0.432 0.943272
0.435 0.947545
0.438 0.951831
0.441 0.95613
0.444 0.960442
0.447 0.964766
0.45 0.969102
0.453 0.973451
0.456 0.977812
0.459 0.982185
0.462 0.986569
0.465 0.990965
0.468 0.995372
0.471 0.999791
0.474 1.00422
0.477 1.00866
0.48 1.01311
0.483 1.01757
0.486 1.02204
0.489 1.02652
0.492 1.03101
0.495 1.03552
0.498 1.04003
0.501 1.04454
0.504 1.04907
0.507 1.05361
0.51 1.05816
0.513 1.06271
0.516 1.06727
0.519 1.07184
0.522 1.07642
0.525 1.08101
0.528 1.0856
0.531 1.0902
0.534 1.09481
0.537 1.09942
0.54 1.10404
0.543 1.10867
0.546 1.1133
0.549 1.11794
0.552 1.12258
0.555 1.12723
0.558 1.13189
0.561 1.13655
0.564 1.14122
0.567 1.14589
0.57 1.15056
0.573 1.15524
0.576 1.15992
0.579 1.16461
0.582 1.1693
0.585 1.174
0.588 1.17869
0.591 1.18339
0.594 1.1881
0.597 1.1928
0.6 1.19751
0.603 1.20222
0.606 1.20694
0.609 1.21165
0.612 1.21637
0.615 1.22108
0.618 1.2258
0.621 1.23052
0.624 1.23524
0.627 1.23997
0.63 1.24469
0.633 1.24941
0.636 1.25413
0.639 1.25885
0.642 1.26358
0.645 1.2683
0.648 1.27302
0.651 1.27774
0.654 1.28245
0.657 1.28717
0.66 1.29189
0.663 1.2966
0.666 1.30131
0.669 1.30602
0.672 1.31073
0.675 1.31544
0.678 1.32014
0.681 1.32484
0.684 1.32954
0.687 1.33423
0.69 1.33892
0.693 1.34361
0.696 1.34829
0.699 1.35297
0.702 1.35765
0.705 1.36232
0.708 1.36699
0.711 1.37165
0.714 1.37631
0.717 1.38096
0.72 1.38561
0.723 1.39025
0.726 1.39489
0.729 1.39952
0.732 1.40415
0.735 1.40877
0.738 1.41338
0.741 1.41799
0.744 1.42259
0.747 1.42719
0.75 1.43178
0.753 1.43636
0.756 1.44094
0.759 1.44551
0.762 1.45007
0.765 1.45463
0.768 1.45918
0.771 1.46372
0.774 1.46825
0.777 1.47278
0.78 1.47729
0.783 1.4818
0.786 1.4863
0.789 1.4908
0.792 1.49528
0.795 1.49976
0.798 1.50423
0.801 1.50869
0.804 1.51314
0.807 1.51758
0.81 1.52201
0.813 1.52643
0.816 1.53085
0.819 1.53525
0.822 1.53965
0.825 1.54404
0.828 1.54841
0.831 1.55278
0.834 1.55714
0.837 1.56148
0.84 1.56582
0.843 1.57015
0.846 1.57446
0.849 1.57877
0.852 1.58307
0.855 1.58735
0.858 1.59163
0.861 1.5959
0.864 1.60015
0.867 1.60439
0.87 1.60863
0.873 1.61285
0.876 1.61706
0.879 1.62126
0.882 1.62545
0.885 1.62963
0.888 1.6338
0.891 1.63796
0.894 1.6421
0.897 1.64624
0.9 1.65036
0.903 1.65447
0.906 1.65858
0.909 1.66266
0.912 1.66674
0.915 1.67081
0.918 1.67486
0.921 1.67891
0.924 1.68294
0.927 1.68696
0.93 1.69097
0.933 1.69497
0.936 1.69895
0.939 1.70292
0.942 1.70689
0.945 1.71084
0.948 1.71478
0.951 1.7187
0.954 1.72262
0.957 1.72652
0.96 1.73041
0.963 1.73429
0.966 1.73816
0.969 1.74202
0.972 1.74586
0.975 1.7497
0.978 1.75352
0.981 1.75733
0.984 1.76112
0.987 1.76491
0.99 1.76868
0.993 1.77245
0.996 1.7762
0.999 1.77994
1.002 1.78366
1.005 1.78738
1.008 1.79108
1.011 1.79477
1.014 1.79845
1.017 1.80212
1.02 1.80578
1.023 1.80943
1.026 1.81306
1.029 1.81668
1.032 1.8203
1.035 1.8239
1.038 1.82749
1.041 1.83106
1.044 1.83463
1.047 1.83818
1.05 1.84173
1.053 1.84526
1.056 1.84878
1.059 1.85229
1.062 1.85579
1.065 1.85928
1.068 1.86276
1.071 1.86622
1.074 1.86968
1.077 1.87312
1.08 1.87656
1.083 1.87998
1.086 1.88339
1.089 1.88679
1.092 1.89019
1.095 1.89357
1.098 1.89694
1.101 1.9003
1.104 1.90365
1.107 1.90699
1.11 1.91032
1.113 1.91363
1.116 1.91694
1.119 1.92024
1.122 1.92353
1.125 1.92681
1.128 1.93008
1.131 1.93334
1.134 1.93659
1.137 1.93983
1.14 1.94306
1.143 1.94629
1.146 1.9495
1.149 1.9527
1.152 1.9559
1.155 1.95908
1.158 1.96226
1.161 1.96542
1.164 1.96858
1.167 1.97173
1.17 1.97487
1.173 1.978
1.176 1.98113
1.179 1.98424
1.182 1.98735
1.185 1.99045
1.188 1.99354
1.191 1.99662
1.194 1.99969
1.197 2.00276
1.2 2.00582
1.203 2.00887
1.206 2.01191
1.209 2.01494
1.212 2.01797
1.215 2.02099
1.218 2.024
1.221 2.02701
1.224 2.03
1.227 2.033
1.23 2.03598
1.233 2.03896
1.236 2.04193
1.239 2.04489
1.242 2.04785
1.245 2.0508
1.248 2.05374
1.251 2.05668
1.254 2.05961
1.257 2.06253
1.26 2.06545
1.263 2.06837
1.266 2.07127
1.269 2.07417
1.272 2.07707
1.275 2.07996
1.278 2.08284
1.281 2.08572
1.284 2.0886
1.287 2.09147
1.29 2.09433
1.293 2.09719
1.296 2.10004
1.299 2.10289
1.302 2.10574
1.305 2.10858
1.308 2.11141
1.311 2.11424
1.314 2.11707
1.317 2.11989
1.32 2.12271
1.323 2.12552
1.326 2.12834
1.329 2.13114
1.332 2.13395
1.335 2.13675
1.338 2.13954
1.341 2.14233
1.344 2.14512
1.347 2.14791
1.35 2.15069
1.353 2.15348
1.356 2.15625
1.359 2.15903
1.362 2.1618
1.365 2.16457
1.368 2.16734
1.371 2.1701
1.374 2.17287
1.377 2.17563
1.38 2.17839
1.383 2.18114
1.386 2.1839
1.389 2.18665
1.392 2.18941
1.395 2.19216
1.398 2.19491
1.401 2.19766
1.404 2.2004
1.407 2.20315
1.41 2.2059
1.413 2.20864
1.416 2.21139
1.419 2.21413
1.422 2.21687
1.425 2.21962
1.428 2.22236
1.431 2.2251
1.434 2.22784
1.437 2.23059
1.44 2.23333
1.443 2.23607
1.446 2.23882
1.449 2.24156
1.452 2.24431
1.455 2.24705
1.458 2.2498
1.461 2.25255
1.464 2.2553
1.467 2.25805
1.47 2.2608
1.473 2.26355
1.476 2.26631
1.479 2.26907
1.482 2.27182
1.485 2.27459
1.488 2.27735
1.491 2.28011
1.494 2.28288
1.497 2.28565
1.5 2.28842
1.503 2.2912
1.506 2.29397
1.509 2.29675
1.512 2.29954
1.515 2.30232
1.518 2.30511
1.521 2.30791
1.524 2.3107
1.527 2.3135
1.53 2.3163
1.533 2.31911
1.536 2.32192
1.539 2.32474
1.542 2.32756
1.545 2.33038
1.548 2.33321
1.551 2.33604
1.554 2.33888
1.557 2.34172
1.56 2.34457
1.563 2.34742
1.566 2.35027
1.569 2.35314
1.572 2.356
1.575 2.35887
1.578 2.36175
1.581 2.36464
1.584 2.36752
1.587 2.37042
1.59 2.37332
1.593 2.37623
1.596 2.37914
1.599 2.38206
1.602 2.38498
1.605 2.38792
1.608 2.39086
1.611 2.3938
1.614 2.39675
1.617 2.39971
1.62 2.40268
1.623 2.40565
1.626 2.40863
1.629 2.41162
1.632 2.41462
1.635 2.41762
1.638 2.42063
1.641 2.42365
1.644 2.42668
1.647 2.42971
1.65 2.43275
1.653 2.43581
1.656 2.43886
1.659 2.44193
1.662 2.44501
1.665 2.44809
1.668 2.45119
1.671 2.45429
1.674 2.4574
1.677 2.46052
1.68 2.46365
1.683 2.46679
1.686 2.46994
1.689 2.4731
1.692 2.47626
1.695 2.47944
1.698 2.48263
1.701 2.48582
1.704 2.48903
1.707 2.49225
1.71 2.49547
1.713 2.49871
1.716 2.50196
1.719 2.50521
1.722 2.50848
1.725 2.51176
1.728 2.51505
1.731 2.51835
1.734 2.52166
1.737 2.52498
1.74 2.52831
1.743 2.53165
1.746 2.53501
1.749 2.53837
1.752 2.54175
1.755 2.54514
1.758 2.54854
1.761 2.55195
1.764 2.55537
1.767 2.5588
1.77 2.56225
1.773 2.5657
1.776 2.56917
1.779 2.57265
1.782 2.57615
1.785 2.57965
1.788 2.58317
1.791 2.58669
1.794 2.59023
1.797 2.59379
1.8 2.59735
1.803 2.60093
1.806 2.60452
1.809 2.60812
1.812 2.61173
1.815 2.61536
1.818 2.619
1.821 2.62265
1.824 2.62631
1.827 2.62999
1.83 2.63368
1.833 2.63738
1.836 2.64109
1.839 2.64482
1.842 2.64856
1.845 2.65231
1.848 2.65607
1.851 2.65985
1.854 2.66364
1.857 2.66744
1.86 2.67126
1.863 2.67508
1.866 2.67892
1.869 2.68278
1.872 2.68664
1.875 2.69052
1.878 2.69441
1.881 2.69832
1.884 2.70223
1.887 2.70616
1.89 2.7101
1.893 2.71406
1.896 2.71803
1.899 2.722
1.902 2.726
1.905 2.73
1.908 2.73402
1.911 2.73805
1.914 2.74209
1.917 2.74614
1.92 2.75021
1.923 2.75429
1.926 2.75838
1.929 2.76248
1.932 2.76659
1.935 2.77072
1.938 2.77486
1.941 2.77901
1.944 2.78317
1.947 2.78735
1.95 2.79153
1.953 2.79573
1.956 2.79994
1.959 2.80416
1.962 2.80839
1.965 2.81263
1.968 2.81688
1.971 2.82115
1.974 2.82542
1.977 2.82971
1.98 2.83401
1.983 2.83831
1.986 2.84263
1.989 2.84696
1.992 2.8513
1.995 2.85565
1.998 2.86001
2.001 2.86438
2.004 2.86875
2.007 2.87314
2.01 2.87754
2.013 2.88195
2.016 2.88636
2.019 2.89079
2.022 2.89522
2.025 2.89967
2.028 2.90412
2.031 2.90858
2.034 2.91305
2.037 2.91753
2.04 2.92201
2.043 2.92651
2.046 2.93101
2.049 2.93552
2.052 2.94003
2.055 2.94455
2.058 2.94908
2.061 2.95362
2.064 2.95816
2.067 2.96272
2.07 2.96727
2.073 2.97183
2.076 2.9764
2.079 2.98098
2.082 2.98556
2.085 2.99014
2.088 2.99473
2.091 2.99933
2.094 3.00393
2.097 3.00853
2.1 3.01314
2.103 3.01776
2.106 3.02238
2.109 3.027
2.112 3.03162
2.115 3.03625
2.118 3.04088
2.121 3.04552
2.124 3.05015
2.127 3.05479
2.13 3.05943
2.133 3.06408
2.136 3.06872
2.139 3.07337
2.142 3.07802
2.145 3.08267
2.148 3.08732
2.151 3.09197
2.154 3.09662
2.157 3.10127
2.16 3.10593
2.163 3.11058
2.166 3.11523
2.169 3.11988
2.172 3.12453
2.175 3.12918
2.178 3.13382
2.181 3.13847
2.184 3.14311
2.187 3.14775
2.19 3.15239
2.193 3.15703
2.196 3.16166
2.199 3.16629
2.202 3.17092
2.205 3.17555
2.208 3.18017
2.211 3.18478
2.214 3.18939
2.217 3.194
2.22 3.1986
2.223 3.2032
2.226 3.20779
2.229 3.21238
2.232 3.21696
2.235 3.22153
2.238 3.2261
2.241 3.23067
2.244 3.23522
2.247 3.23977
2.25 3.24431
2.253 3.24885
2.256 3.25337
2.259 3.25789
2.262 3.2624
2.265 3.26691
2.268 3.2714
2.271 3.27589
2.274 3.28036
2.277 3.28483
2.28 3.28929
2.283 3.29374
2.286 3.29818
2.289 3.3026
2.292 3.30702
2.295 3.31143
2.298 3.31583
2.301 3.32021
2.304 3.32459
2.307 3.32895
2.31 3.3333
2.313 3.33764
2.316 3.34197
2.319 3.34629
2.322 3.35059
2.325 3.35488
2.328 3.35916
2.331 3.36342
2.334 3.36767
2.337 3.37191
2.34 3.37614
2.343 3.38035
2.346 3.38454
2.349 3.38873
2.352 3.39289
2.355 3.39705
2.358 3.40119
2.361 3.40531
2.364 3.40942
2.367 3.41351
2.37 3.41759
2.373 3.42166
2.376 3.4257
2.379 3.42973
2.382 3.43375
2.385 3.43775
2.388 3.44173
2.391 3.4457
2.394 3.44964
2.397 3.45358
2.4 3.45749
2.403 3.46139
2.406 3.46527
2.409 3.46914
2.412 3.47298
2.415 3.47681
2.418 3.48062
2.421 3.48441
2.424 3.48819
2.427 3.49194
2.43 3.49568
2.433 3.4994
2.436 3.5031
2.439 3.50678
2.442 3.51045
2.445 3.51409
2.448 3.51772
2.451 3.52133
2.454 3.52491
2.457 3.52848
2.46 3.53203
2.463 3.53556
2.466 3.53907
2.469 3.54256
2.472 3.54603
2.475 3.54948
2.478 3.55291
2.481 3.55633
2.484 3.55972
2.487 3.56309
2.49 3.56644
2.493 3.56977
2.496 3.57308
2.499 3.57638
2.502 3.57965
2.505 3.5829
2.508 3.58613
2.511 3.58934
2.514 3.59253
2.517 3.5957
2.52 3.59884
2.523 3.60197
2.526 3.60508
2.529 3.60817
2.532 3.61123
2.535 3.61428
2.538 3.6173
2.541 3.62031
2.544 3.62329
2.547 3.62625
2.55 3.6292
2.553 3.63212
2.556 3.63502
2.559 3.6379
2.562 3.64076
2.565 3.6436
2.568 3.64642
2.571 3.64922
2.574 3.65199
2.577 3.65475
2.58 3.65749
2.583 3.6602
2.586 3.6629
2.589 3.66557
2.592 3.66823
2.595 3.67086
2.598 3.67347
2.601 3.67607
2.604 3.67864
2.607 3.68119
2.61 3.68373
2.613 3.68624
2.616 3.68873
2.619 3.6912
2.622 3.69366
2.625 3.69609
2.628 3.6985
2.631 3.70089
2.634 3.70327
2.637 3.70562
2.64 3.70795
2.643 3.71027
2.646 3.71256
2.649 3.71484
2.652 3.71709
2.655 3.71933
2.658 3.72155
2.661 3.72374
2.664 3.72592
2.667 3.72808
2.67 3.73022
2.673 3.73235
2.676 3.73445
2.679 3.73653
2.682 3.7386
2.685 3.74065
2.688 3.74268
2.691 3.74469
2.694 3.74668
2.697 3.74866
2.7 3.75061
2.703 3.75255
2.706 3.75447
2.709 3.75638
2.712 3.75826
2.715 3.76013
2.718 3.76198
2.721 3.76381
2.724 3.76563
2.727 3.76743
2.73 3.76921
2.733 3.77097
2.736 3.77272
2.739 3.77445
2.742 3.77616
2.745 3.77786
2.748 3.77954
2.751 3.78121
2.754 3.78286
2.757 3.78449
2.76 3.78611
2.763 3.78771
2.766 3.78929
2.769 3.79086
2.772 3.79241
2.775 3.79395
2.778 3.79547
2.781 3.79698
2.784 3.79847
2.787 3.79995
2.79 3.80141
2.793 3.80286
2.796 3.80429
2.799 3.80571
2.802 3.80711
2.805 3.8085
2.808 3.80987
2.811 3.81123
2.814 3.81258
2.817 3.81391
2.82 3.81523
2.823 3.81653
2.826 3.81782
2.829 3.8191
2.832 3.82036
2.835 3.82161
2.838 3.82285
2.841 3.82407
2.844 3.82528
2.847 3.82648
2.85 3.82767
2.853 3.82884
2.856 3.83
2.859 3.83115
2.862 3.83228
2.865 3.8334
2.868 3.83451
2.871 3.83561
2.874 3.8367
2.877 3.83777
2.88 3.83884
2.883 3.83989
2.886 3.84093
2.889 3.84195
2.892 3.84297
2.895 3.84398
2.898 3.84497
2.901 3.84595
2.904 3.84693
2.907 3.84789
2.91 3.84884
2.913 3.84978
2.916 3.85071
2.919 3.85163
2.922 3.85254
2.925 3.85344
2.928 3.85432
2.931 3.8552
2.934 3.85607
2.937 3.85693
2.94 3.85778
2.943 3.85862
2.946 3.85945
2.949 3.86027
2.952 3.86108
2.955 3.86188
2.958 3.86267
2.961 3.86345
2.964 3.86423
2.967 3.86499
2.97 3.86575
2.973 3.86649
2.976 3.86723
2.979 3.86796
2.982 3.86868
2.985 3.8694
2.988 3.8701
2.991 3.8708
2.994 3.87149
2.997 3.87217
3 3.87284
3.001 0
