0 -10
0.003 -5.91194
0.006 -5.90769
0.009 -5.90342
0.012 -5.89912
0.015 -5.89479
0.018 -5.89042
0.021 -5.88603
0.024 -5.8816
0.027 -5.87714
0.03 -5.87266
0.033 -5.86814
0.036 -5.86359
0.039 -5.85901
0.042 -5.8544
0.045 -5.84976
0.048 -5.84508
0.051 -5.84038
0.054 -5.83564
0.057 -5.83087
0.06 -5.82608
0.063 -5.82125
0.066 -5.81639
0.069 -5.81149
0.072 -5.80657
0.075 -5.80161
0.078 -5.79663
0.081 -5.79161
0.084 -5.78656
0.087 -5.78148
0.09 -5.77636
0.093 -5.77122
0.096 -5.76604
0.099 -5.76084
0.102 -5.7556
0.105 -5.75033
0.108 -5.74503
0.111 -5.7397
0.114 -5.73433
0.117 -5.72894
0.12 -5.72351
0.123 -5.71806
0.126 -5.71257
0.129 -5.70705
0.132 -5.7015
0.135 -5.69592
0.138 -5.6903
0.141 -5.68466
0.144 -5.67899
0.147 -5.67328
0.15 -5.66755
0.153 -5.66179
0.156 -5.65599
0.159 -5.65017
0.162 -5.64431
0.165 -5.63843
0.168 -5.63251
0.171 -5.62657
0.174 -5.62059
0.177 -5.61459
0.18 -5.60856
0.183 -5.60249
0.186 -5.5964
0.189 -5.59028
0.192 -5.58414
0.195 -5.57796
0.198 -5.57175
0.201 -5.56552
0.204 -5.55926
0.207 -5.55297
0.21 -5.54666
0.213 -5.54031
0.216 -5.53394
0.219 -5.52755
0.222 -5.52112
0.225 -5.51467
0.228 -5.5082
0.231 -5.50169
0.234 -5.49517
0.237 -5.48861
0.24 -5.48203
0.243 -5.47543
0.246 -5.4688
0.249 -5.46215
0.252 -5.45548
0.255 -5.44878
0.258 -5.44205
0.261 -5.43531
0.264 -5.42854
0.267 -5.42175
0.27 -5.41493
0.273 -5.4081
0.276 -5.40124
0.279 -5.39436
0.282 -5.38746
0.285 -5.38054
0.288 -5.37361
0.291 -5.36665
0.294 -5.35967
0.297 -5.35267
0.3 -5.34565
0.303 -5.33862
0.306 -5.33157
0.309 -5.32449
0.312 -5.31741
0.315 -5.3103
0.318 -5.30318
0.321 -5.29605
0.324 -5.28889
0.327 -5.28173
0.33 -5.27455
0.333 -5.26735
0.336 -5.26014
0.339 -5.25292
0.342 -5.24568
0.345 -5.23843
0.348 -5.23117
0.351 -5.2239
0.354 -5.21662
0.357 -5.20932
0.36 -5.20202
0.363 -5.1947
0.366 -5.18738
0.369 -5.18005
0.372 -5.1727
0.375 -5.16536
0.378 -5.158
0.381 -5.15064
0.384 -5.14327
0.387 -5.13589
0.39 -5.12851
0.393 -5.12112
0.396 -5.11373
0.399 -5.10634
0.402 -5.09894
0.405 -5.09154
0.408 -5.08413
0.411 -5.07672
0.414 -5.06932
0.417 -5.06191
0.42 -5.0545
0.423 -5.04709
0.426 -5.03968
0.429 -5.03227
0.432 -5.02486
0.435 -5.01745
0.438 -5.01005
0.441 -5.00265
0.444 -4.99525
0.447 -4.98785
0.45 -4.98046
0.453 -4.97308
0.456 -4.9657
0.459 -4.95833
0.462 -4.95096
0.465 -4.9436
0.468 -4.93624
0.471 -4.92889
0.474 -4.92156
0.477 -4.91423
0.48 -4.9069
0.483 -4.89959
0.486 -4.89229
0.489 -4.885
0.492 -4.87772
0.495 -4.87045
0.498 -4.86319
0.501 -4.85595
0.504 -4.84871
0.507 -4.84149
0.51 -4.83429
0.513 -4.8271
0.516 -4.81992
0.519 -4.81275
0.522 -4.80561
0.525 -4.79847
0.528 -4.79136
0.531 -4.78426
0.534 -4.77718
0.537 -4.77011
0.54 -4.76306
0.543 -4.75603
0.546 -4.74902
0.549 -4.74203
0.552 -4.73505
0.555 -4.7281
0.558 -4.72116
0.561 -4.71425
0.564 -4.70735
0.567 -4.70048
0.57 -4.69363
0.573 -4.6868
0.576 -4.67999
0.579 -4.6732
0.582 -4.66644
0.585 -4.65969
0.588 -4.65298
0.591 -4.64628
0.594 -4.63961
0.597 -4.63296
0.6 -4.62634
0.603 -4.61974
0.606 -4.61317
0.609 -4.60662
0.612 -4.60009
0.615 -4.5936
0.618 -4.58712
0.621 -4.58068
0.624 -4.57426
0.627 -4.56786
0.63 -4.5615
0.633 -4.55516
0.636 -4.54884
0.639 -4.54256
0.642 -4.5363
0.645 -4.53007
0.648 -4.52386
0.651 -4.51769
0.654 -4.51154
0.657 -4.50542
0.66 -4.49933
0.663 -4.49327
0.666 -4.48724
0.669 -4.48123
0.672 -4.47526
0.675 -4.46931
0.678 -4.4634
0.681 -4.45751
0.684 -4.45165
0.687 -4.44583
0.69 -4.44003
0.693 -4.43426
0.696 -4.42852
0.699 -4.42281
0.702 -4.41713
0.705 -4.41148
0.708 -4.40587
0.711 -4.40028
0.714 -4.39472
0.717 -4.38919
0.72 -4.3837
0.723 -4.37823
0.726 -4.37279
0.729 -4.36739
0.732 -4.36201
0.735 -4.35667
0.738 -4.35135
0.741 -4.34607
0.744 -4.34082
0.747 -4.3356
0.75 -4.3304
0.753 -4.32524
0.756 -4.32011
0.759 -4.31501
0.762 -4.30994
0.765 -4.3049
0.768 -4.2999
0.771 -4.29492
0.774 -4.28997
0.777 -4.28505
0.78 -4.28017
0.783 -4.27531
0.786 -4.27048
0.789 -4.26569
0.792 -4.26092
0.795 -4.25618
0.798 -4.25148
0.801 -4.2468
0.804 -4.24215
0.807 -4.23754
0.81 -4.23295
0.813 -4.22839
0.816 -4.22387
0.819 -4.21937
0.822 -4.2149
0.825 -4.21046
0.828 -4.20605
0.831 -4.20167
0.834 -4.19732
0.837 -4.19299
0.84 -4.1887
0.843 -4.18443
0.846 -4.18019
0.849 -4.17599
0.852 -4.17181
0.855 -4.16765
0.858 -4.16353
0.861 -4.15943
0.864 -4.15537
0.867 -4.15132
0.87 -4.14731
0.873 -4.14333
0.876 -4.13937
0.879 -4.13544
0.882 -4.13154
0.885 -4.12766
0.888 -4.12381
0.891 -4.11999
0.894 -4.11619
0.897 -4.11242
0.9 -4.10868
0.903 -4.10496
0.906 -4.10127
0.909 -4.09761
0.912 -4.09397
0.915 -4.09035
0.918 -4.08676
0.921 -4.0832
0.924 -4.07966
0.927 -4.07615
0.93 -4.07266
0.933 -4.0692
0.936 -4.06576
0.939 -4.06235
0.942 -4.05896
0.945 -4.05559
0.948 -4.05225
0.951 -4.04893
0.954 -4.04564
0.957 -4.04237
0.96 -4.03912
0.963 -4.0359
0.966 -4.0327
0.969 -4.02952
0.972 -4.02636
0.975 -4.02323
0.978 -4.02012
0.981 -4.01703
0.984 -4.01396
0.987 -4.01092
0.99 -4.0079
0.993 -4.0049
0.996 -4.00192
0.999 -3.99896
1.002 -3.99602
1.005 -3.99311
1.008 -3.99021
1.011 -3.98734
1.014 -3.98448
1.017 -3.98165
1.02 -3.97884
1.023 -3.97604
1.026 -3.97327
1.029 -3.97052
1.032 -3.96778
1.035 -3.96507
1.038 -3.96237
1.041 -3.9597
1.044 -3.95704
1.047 -3.9544
1.05 -3.95178
1.053 -3.94918
1.056 -3.9466
1.059 -3.94403
1.062 -3.94148
1.065 -3.93895
1.068 -3.93644
1.071 -3.93395
1.074 -3.93147
1.077 -3.92901
1.08 -3.92657
1.083 -3.92415
1.086 -3.92174
1.089 -3.91935
1.092 -3.91697
1.095 -3.91461
1.098 -3.91227
1.101 -3.90994
1.104 -3.90763
1.107 -3.90534
1.11 -3.90306
1.113 -3.90079
1.116 -3.89855
1.119 -3.89631
1.122 -3.89409
1.125 -3.89189
1.128 -3.8897
1.131 -3.88753
1.134 -3.88537
1.137 -3.88322
1.14 -3.88109
1.143 -3.87898
1.146 -3.87687
1.149 -3.87478
1.152 -3.87271
1.155 -3.87065
1.158 -3.8686
1.161 -3.86656
1.164 -3.86454
1.167 -3.86253
1.17 -3.86053
1.173 -3.85855
1.176 -3.85658
1.179 -3.85462
1.182 -3.85268
1.185 -3.85074
1.188 -3.84882
1.191 -3.84691
1.194 -3.84501
1.197 -3.84312
1.2 -3.84125
1.203 -3.83939
1.206 -3.83753
1.209 -3.83569
1.212 -3.83386
1.215 -3.83204
1.218 -3.83024
1.221 -3.82844
1.224 -3.82665
1.227 -3.82488
1.23 -3.82311
1.233 -3.82136
1.236 -3.81961
1.239 -3.81788
1.242 -3.81615
1.245 -3.81443
1.248 -3.81273
1.251 -3.81103
1.254 -3.80935
1.257 -3.80767
1.26 -3.806
1.263 -3.80434
1.266 -3.80269
1.269 -3.80105
1.272 -3.79942
1.275 -3.79779
1.278 -3.79618
1.281 -3.79457
1.284 -3.79298
1.287 -3.79139
1.29 -3.7898
1.293 -3.78823
1.296 -3.78667
1.299 -3.78511
1.302 -3.78356
1.305 -3.78202
1.308 -3.78048
1.311 -3.77895
1.314 -3.77744
1.317 -3.77592
1.32 -3.77442
1.323 -3.77292
1.326 -3.77143
1.329 -3.76995
1.332 -3.76847
1.335 -3.767
1.338 -3.76553
1.341 -3.76408
1.344 -3.76263
1.347 -3.76118
1.35 -3.75974
1.353 -3.75831
1.356 -3.75689
1.359 -3.75547
1.362 -3.75405
1.365 -3.75264
1.368 -3.75124
1.371 -3.74985
1.374 -3.74846
1.377 -3.74707
1.38 -3.74569
1.383 -3.74432
1.386 -3.74295
1.389 -3.74158
1.392 -3.74022
1.395 -3.73887
1.398 -3.73752
1.401 -3.73617
1.404 -3.73483
1.407 -3.7335
1.41 -3.73217
1.413 -3.73084
1.416 -3.72952
1.419 -3.72821
1.422 -3.72689
1.425 -3.72558
1.428 -3.72428
1.431 -3.72298
1.434 -3.72168
1.437 -3.72039
1.44 -3.7191
1.443 -3.71782
1.446 -3.71654
1.449 -3.71526
1.452 -3.71399
1.455 -3.71272
1.458 -3.71145
1.461 -3.71018
1.464 -3.70892
1.467 -3.70767
1.47 -3.70641
1.473 -3.70516
1.476 -3.70391
1.479 -3.70267
1.482 -3.70143
1.485 -3.70019
1.488 -3.69895
1.491 -3.69772
1.494 -3.69649
1.497 -3.69526
1.5 -3.69403
1.503 -3.69281
1.506 -3.69159
1.509 -3.69037
1.512 -3.68915
1.515 -3.68794
1.518 -3.68672
1.521 -3.68551
1.524 -3.6843
1.527 -3.6831
1.53 -3.68189
1.533 -3.68069
1.536 -3.67949
1.539 -3.67829
1.542 -3.67709
1.545 -3.67589
1.548 -3.6747
1.551 -3.6735
1.554 -3.67231
1.557 -3.67112
1.56 -3.66993
1.563 -3.66874
1.566 -3.66755
1.569 -3.66637
1.572 -3.66518
1.575 -3.664
1.578 -3.66282
1.581 -3.66163
1.584 -3.66045
1.587 -3.65927
1.59 -3.65809
1.593 -3.65691
1.596 -3.65574
1.599 -3.65456
1.602 -3.65338
1.605 -3.6522
1.608 -3.65103
1.611 -3.64985
1.614 -3.64868
1.617 -3.6475
1.62 -3.64633
1.623 -3.64515
1.626 -3.64398
1.629 -3.6428
1.632 -3.64163
1.635 -3.64045
1.638 -3.63928
1.641 -3.63811
1.644 -3.63693
1.647 -3.63576
1.65 -3.63458
1.653 -3.63341
1.656 -3.63223
1.659 -3.63106
1.662 -3.62988
1.665 -3.62871
1.668 -3.62753
1.671 -3.62636
1.674 -3.62518
1.677 -3.624
1.68 -3.62282
1.683 -3.62165
1.686 -3.62047
1.689 -3.61929
1.692 -3.61811
1.695 -3.61693
1.698 -3.61575
1.701 -3.61456
1.704 -3.61338
1.707 -3.6122
1.71 -3.61101
1.713 -3.60983
1.716 -3.60864
1.719 -3.60745
1.722 -3.60627
1.725 -3.60508
1.728 -3.60389
1.731 -3.6027
1.734 -3.6015
1.737 -3.60031
1.74 -3.59912
1.743 -3.59792
1.746 -3.59673
1.749 -3.59553
1.752 -3.59433
1.755 -3.59313
1.758 -3.59193
1.761 -3.59073
1.764 -3.58953
1.767 -3.58832
1.77 -3.58712
1.773 -3.58591
1.776 -3.5847
1.779 -3.58349
1.782 -3.58228
1.785 -3.58107
1.788 -3.57986
1.791 -3.57864
1.794 -3.57743
1.797 -3.57621
1.8 -3.57499
1.803 -3.57377
1.806 -3.57255
1.809 -3.57133
1.812 -3.57011
1.815 -3.56888
1.818 -3.56766
1.821 -3.56643
1.824 -3.5652
1.827 -3.56397
1.83 -3.56274
1.833 -3.56151
1.836 -3.56028
1.839 -3.55904
1.842 -3.55781
1.845 -3.55657
1.848 -3.55533
1.851 -3.55409
1.854 -3.55285
1.857 -3.55161
1.86 -3.55036
1.863 -3.54912
1.866 -3.54787
1.869 -3.54662
1.872 -3.54537
1.875 -3.54412
1.878 -3.54287
1.881 -3.54162
1.884 -3.54037
1.887 -3.53911
1.89 -3.53786
1.893 -3.5366
1.896 -3.53534
1.899 -3.53409
1.902 -3.53283
1.905 -3.53157
1.908 -3.5303
1.911 -3.52904
1.914 -3.52778
1.917 -3.52651
1.92 -3.52525
1.923 -3.52398
1.926 -3.52272
1.929 -3.52145
1.932 -3.52018
1.935 -3.51891
1.938 -3.51764
1.941 -3.51637
1.944 -3.5151
1.947 -3.51383
1.95 -3.51255
1.953 -3.51128
1.956 -3.51001
1.959 -3.50873
1.962 -3.50746
1.965 -3.50618
1.968 -3.50491
1.971 -3.50363
1.974 -3.50236
1.977 -3.50108
1.98 -3.4998
1.983 -3.49853
1.986 -3.49725
1.989 -3.49597
1.992 -3.4947
1.995 -3.49342
1.998 -3.49214
2.001 -3.49086
2.004 -3.48959
2.007 -3.48831
2.01 -3.48703
2.013 -3.48575
2.016 -3.48448
2.019 -3.4832
2.022 -3.48193
2.025 -3.48065
2.028 -3.47937
2.031 -3.4781
2.034 -3.47683
2.037 -3.47555
2.04 -3.47428
2.043 -3.473
2.046 -3.47173
2.049 -3.47046
2.052 -3.46919
2.055 -3.46792
2.058 -3.46665
2.061 -3.46538
2.064 -3.46412
2.067 -3.46285
2.07 -3.46158
2.073 -3.46032
2.076 -3.45906
2.079 -3.45779
2.082 -3.45653
2.085 -3.45527
2.088 -3.45401
2.091 -3.45276
2.094 -3.4515
2.097 -3.45025
2.1 -3.44899
2.103 -3.44774
2.106 -3.44649
2.109 -3.44524
2.112 -3.444
2.115 -3.44275
2.118 -3.44151
2.121 -3.44027
2.124 -3.43903
2.127 -3.43779
2.13 -3.43656
2.133 -3.43532
2.136 -3.43409
2.139 -3.43286
2.142 -3.43163
2.145 -3.43041
2.148 -3.42918
2.151 -3.42796
2.154 -3.42674
2.157 -3.42552
2.16 -3.42431
2.163 -3.4231
2.166 -3.42189
2.169 -3.42068
2.172 -3.41948
2.175 -3.41827
2.178 -3.41708
2.181 -3.41588
2.184 -3.41468
2.187 -3.41349
2.19 -3.4123
2.193 -3.41112
2.196 -3.40994
2.199 -3.40876
2.202 -3.40758
2.205 -3.40641
2.208 -3.40523
2.211 -3.40407
2.214 -3.4029
2.217 -3.40174
2.22 -3.40058
2.223 -3.39943
2.226 -3.39827
2.229 -3.39713
2.232 -3.39598
2.235 -3.39484
2.238 -3.3937
2.241 -3.39257
2.244 -3.39143
2.247 -3.39031
2.25 -3.38918
2.253 -3.38806
2.256 -3.38694
2.259 -3.38583
2.262 -3.38472
2.265 -3.38362
2.268 -3.38252
2.271 -3.38142
2.274 -3.38032
2.277 -3.37923
2.28 -3.37815
2.283 -3.37707
2.286 -3.37599
2.289 -3.37491
2.292 -3.37385
2.295 -3.37278
2.298 -3.37172
2.301 -3.37066
2.304 -3.36961
2.307 -3.36856
2.31 -3.36752
2.313 -3.36648
2.316 -3.36544
2.319 -3.36441
2.322 -3.36339
2.325 -3.36237
2.328 -3.36135
2.331 -3.36034
2.334 -3.35933
2.337 -3.35833
2.34 -3.35733
2.343 -3.35634
2.346 -3.35535
2.349 -3.35437
2.352 -3.35339
2.355 -3.35242
2.358 -3.35145
2.361 -3.35049
2.364 -3.34953
2.367 -3.34858
2.37 -3.34763
2.373 -3.34669
2.376 -3.34575
2.379 -3.34482
2.382 -3.34389
2.385 -3.34297
2.388 -3.34206
2.391 -3.34115
2.394 -3.34024
2.397 -3.33935
2.4 -3.33845
2.403 -3.33756
2.406 -3.33668
2.409 -3.33581
2.412 -3.33494
2.415 -3.33407
2.418 -3.33321
2.421 -3.33236
2.424 -3.33151
2.427 -3.33067
2.43 -3.32984
2.433 -3.32901
2.436 -3.32818
2.439 -3.32737
2.442 -3.32655
2.445 -3.32575
2.448 -3.32495
2.451 -3.32416
2.454 -3.32337
2.457 -3.32259
2.46 -3.32182
2.463 -3.32105
2.466 -3.32029
2.469 -3.31954
2.472 -3.31879
2.475 -3.31805
2.478 -3.31731
2.481 -3.31658
2.484 -3.31586
2.487 -3.31514
2.49 -3.31444
2.493 -3.31373
2.496 -3.31304
2.499 -3.31235
2.502 -3.31167
2.505 -3.31099
2.508 -3.31033
2.511 -3.30966
2.514 -3.30901
2.517 -3.30836
2.52 -3.30772
2.523 -3.30709
2.526 -3.30646
2.529 -3.30584
2.532 -3.30523
2.535 -3.30462
2.538 -3.30402
2.541 -3.30343
2.544 -3.30285
2.547 -3.30227
2.55 -3.3017
2.553 -3.30114
2.556 -3.30058
2.559 -3.30003
2.562 -3.29949
2.565 -3.29896
2.568 -3.29843
2.571 -3.29791
2.574 -3.2974
2.577 -3.2969
2.58 -3.2964
2.583 -3.29591
2.586 -3.29542
2.589 -3.29495
2.592 -3.29448
2.595 -3.29402
2.598 -3.29357
2.601 -3.29312
2.604 -3.29268
2.607 -3.29225
2.61 -3.29182
2.613 -3.29141
2.616 -3.291
2.619 -3.2906
2.622 -3.2902
2.625 -3.28981
2.628 -3.28943
2.631 -3.28906
2.634 -3.28869
2.637 -3.28834
2.64 -3.28799
2.643 -3.28764
2.646 -3.28731
2.649 -3.28698
2.652 -3.28666
2.655 -3.28634
2.658 -3.28604
2.661 -3.28574
2.664 -3.28544
2.667 -3.28516
2.67 -3.28488
2.673 -3.28461
2.676 -3.28435
2.679 -3.28409
2.682 -3.28384
2.685 -3.2836
2.688 -3.28336
2.691 -3.28314
2.694 -3.28292
2.697 -3.2827
2.7 -3.2825
2.703 -3.2823
2.706 -3.28211
2.709 -3.28192
2.712 -3.28174
2.715 -3.28157
2.718 -3.28141
2.721 -3.28125
2.724 -3.2811
2.727 -3.28095
2.73 -3.28082
2.733 -3.28069
2.736 -3.28056
2.739 -3.28044
2.742 -3.28033
2.745 -3.28023
2.748 -3.28013
2.751 -3.28004
2.754 -3.27996
2.757 -3.27988
2.76 -3.27981
2.763 -3.27975
2.766 -3.27969
2.769 -3.27963
2.772 -3.27959
2.775 -3.27955
2.778 -3.27952
2.781 -3.27949
2.784 -3.27947
2.787 -3.27945
2.79 -3.27945
2.793 -3.27944
2.796 -3.27945
2.799 -3.27946
2.802 -3.27947
2.805 -3.27949
2.808 -3.27952
2.811 -3.27955
2.814 -3.27959
2.817 -3.27963
2.82 -3.27968
2.823 -3.27974
2.826 -3.2798
2.829 -3.27987
2.832 -3.27994
2.835 -3.28002
2.838 -3.2801
2.841 -3.28019
2.844 -3.28028
2.847 -3.28038
2.85 -3.28048
2.853 -3.28059
2.856 -3.28071
2.859 -3.28083
2.862 -3.28095
2.865 -3.28108
2.868 -3.28121
2.871 -3.28135
2.874 -3.2815
2.877 -3.28164
2.88 -3.2818
2.883 -3.28195
2.886 -3.28212
2.889 -3.28228
2.892 -3.28246
2.895 -3.28263
2.898 -3.28281
2.901 -3.283
2.904 -3.28319
2.907 -3.28338
2.91 -3.28358
2.913 -3.28378
2.916 -3.28399
2.919 -3.2842
2.922 -3.28441
2.925 -3.28463
2.928 -3.28485
2.931 -3.28508
2.934 -3.28531
2.937 -3.28554
2.94 -3.28578
2.943 -3.28602
2.946 -3.28626
2.949 -3.28651
2.952 -3.28676
2.955 -3.28702
2.958 -3.28728
2.961 -3.28754
2.964 -3.28781
2.967 -3.28808
2.97 -3.28835
2.973 -3.28862
2.976 -3.2889
2.979 -3.28919
2.982 -3.28947
2.985 -3.28976
2.988 -3.29005
2.991 -3.29035
2.994 -3.29064
2.997 -3.29094
3 -3.29125
3.001 -10
