0 -10
0.003 -6.05195
0.006 -6.04691
0.009 -6.04186
0.012 -6.03678
0.015 -6.03168
0.018 -6.02655
0.021 -6.02141
0.024 -6.01624
0.027 -6.01105
0.03 -6.00584
0.033 -6.00061
0.036 -5.99535
0.039 -5.99007
0.042 -5.98477
0.045 -5.97945
0.048 -5.9741
0.051 -5.96874
0.054 -5.96335
0.057 -5.95794
0.06 -5.95251
0.063 -5.94706
0.066 -5.94158
0.069 -5.93609
0.072 -5.93057
0.075 -5.92503
0.078 -5.91947
0.081 -5.91389
0.084 -5.90829
0.087 -5.90267
0.09 -5.89702
0.093 -5.89136
0.096 -5.88567
0.099 -5.87997
0.102 -5.87424
0.105 -5.86849
0.108 -5.86272
0.111 -5.85694
0.114 -5.85113
0.117 -5.8453
0.12 -5.83945
0.123 -5.83359
0.126 -5.8277
0.129 -5.82179
0.132 -5.81587
0.135 -5.80992
0.138 -5.80396
0.141 -5.79797
0.144 -5.79197
0.147 -5.78595
0.15 -5.77991
0.153 -5.77385
0.156 -5.76777
0.159 -5.76168
0.162 -5.75556
0.165 -5.74943
0.168 -5.74328
0.171 -5.73712
0.174 -5.73093
0.177 -5.72473
0.18 -5.71852
0.183 -5.71228
0.186 -5.70603
0.189 -5.69976
0.192 -5.69348
0.195 -5.68718
0.198 -5.68086
0.201 -5.67453
0.204 -5.66818
0.207 -5.66181
0.21 -5.65544
0.213 -5.64904
0.216 -5.64263
0.219 -5.63621
0.222 -5.62977
0.225 -5.62332
0.228 -5.61685
0.231 -5.61037
0.234 -5.60388
0.237 -5.59737
0.24 -5.59085
0.243 -5.58432
0.246 -5.57777
0.249 -5.57121
0.252 -5.56464
0.255 -5.55806
0.258 -5.55146
0.261 -5.54486
0.264 -5.53824
0.267 -5.53161
0.27 -5.52497
0.273 -5.51832
0.276 -5.51166
0.279 -5.50499
0.282 -5.49831
0.285 -5.49161
0.288 -5.48491
0.291 -5.4782
0.294 -5.47149
0.297 -5.46476
0.3 -5.45802
0.303 -5.45128
0.306 -5.44453
0.309 -5.43777
0.312 -5.431
0.315 -5.42422
0.318 -5.41744
0.321 -5.41065
0.324 -5.40386
0.327 -5.39706
0.33 -5.39025
0.333 -5.38344
0.336 -5.37662
0.339 -5.3698
0.342 -5.36297
0.345 -5.35614
0.348 -5.3493
0.351 -5.34246
0.354 -5.33561
0.357 -5.32877
0.36 -5.32192
0.363 -5.31506
0.366 -5.3082
0.369 -5.30134
0.372 -5.29448
0.375 -5.28762
0.378 -5.28075
0.381 -5.27389
0.384 -5.26702
0.387 -5.26015
0.39 -5.25328
0.393 -5.24641
0.396 -5.23954
0.399 -5.23267
0.402 -5.2258
0.405 -5.21894
0.408 -5.21207
0.411 -5.2052
0.414 -5.19834
0.417 -5.19148
0.42 -5.18461
0.423 -5.17776
0.426 -5.1709
0.429 -5.16405
0.432 -5.1572
0.435 -5.15035
0.438 -5.14351
0.441 -5.13667
0.444 -5.12983
0.447 -5.123
0.45 -5.11618
0.453 -5.10936
0.456 -5.10254
0.459 -5.09573
0.462 -5.08892
0.465 -5.08213
0.468 -5.07533
0.471 -5.06854
0.474 -5.06176
0.477 -5.05499
0.48 -5.04822
0.483 -5.04146
0.486 -5.03471
0.489 -5.02797
0.492 -5.02123
0.495 -5.0145
0.498 -5.00778
0.501 -5.00107
0.504 -4.99437
0.507 -4.98767
0.51 -4.98099
0.513 -4.97431
0.516 -4.96765
0.519 -4.96099
0.522 -4.95435
0.525 -4.94771
0.528 -4.94109
0.531 -4.93447
0.534 -4.92787
0.537 -4.92128
0.54 -4.9147
0.543 -4.90813
0.546 -4.90157
0.549 -4.89502
0.552 -4.88849
0.555 -4.88196
0.558 -4.87545
0.561 -4.86895
0.564 -4.86247
0.567 -4.856
0.57 -4.84954
0.573 -4.84309
0.576 -4.83666
0.579 -4.83024
0.582 -4.82383
0.585 -4.81744
0.588 -4.81106
0.591 -4.80469
0.594 -4.79834
0.597 -4.79201
0.6 -4.78568
0.603 -4.77938
0.606 -4.77308
0.609 -4.76681
0.612 -4.76054
0.615 -4.75429
0.618 -4.74806
0.621 -4.74184
0.624 -4.73564
0.627 -4.72945
0.63 -4.72328
0.633 -4.71713
0.636 -4.71099
0.639 -4.70486
0.642 -4.69875
0.645 -4.69266
0.648 -4.68659
0.651 -4.68053
0.654 -4.67448
0.657 -4.66846
0.66 -4.66245
0.663 -4.65645
0.666 -4.65048
0.669 -4.64452
0.672 -4.63857
0.675 -4.63265
0.678 -4.62674
0.681 -4.62084
0.684 -4.61497
0.687 -4.60911
0.69 -4.60327
0.693 -4.59745
0.696 -4.59164
0.699 -4.58585
0.702 -4.58008
0.705 -4.57432
0.708 -4.56859
0.711 -4.56287
0.714 -4.55717
0.717 -4.55148
0.72 -4.54581
0.723 -4.54017
0.726 -4.53453
0.729 -4.52892
0.732 -4.52332
0.735 -4.51775
0.738 -4.51218
0.741 -4.50664
0.744 -4.50112
0.747 -4.49561
0.75 -4.49012
0.753 -4.48465
0.756 -4.47919
0.759 -4.47376
0.762 -4.46834
0.765 -4.46294
0.768 -4.45756
0.771 -4.45219
0.774 -4.44684
0.777 -4.44151
0.78 -4.4362
0.783 -4.43091
0.786 -4.42563
0.789 -4.42038
0.792 -4.41513
0.795 -4.40991
0.798 -4.40471
0.801 -4.39952
0.804 -4.39435
0.807 -4.3892
0.81 -4.38406
0.813 -4.37895
0.816 -4.37385
0.819 -4.36876
0.822 -4.3637
0.825 -4.35865
0.828 -4.35362
0.831 -4.34861
0.834 -4.34361
0.837 -4.33864
0.84 -4.33368
0.843 -4.32873
0.846 -4.32381
0.849 -4.3189
0.852 -4.31401
0.855 -4.30913
0.858 -4.30427
0.861 -4.29943
0.864 -4.29461
0.867 -4.2898
0.87 -4.28501
0.873 -4.28024
0.876 -4.27548
0.879 -4.27074
0.882 -4.26602
0.885 -4.26131
0.888 -4.25662
0.891 -4.25195
0.894 -4.24729
0.897 -4.24265
0.9 -4.23802
0.903 -4.23341
0.906 -4.22882
0.909 -4.22424
0.912 -4.21968
0.915 -4.21514
0.918 -4.21061
0.921 -4.20609
0.924 -4.2016
0.927 -4.19711
0.93 -4.19265
0.933 -4.1882
0.936 -4.18376
0.939 -4.17934
0.942 -4.17494
0.945 -4.17055
0.948 -4.16617
0.951 -4.16181
0.954 -4.15747
0.957 -4.15314
0.96 -4.14882
0.963 -4.14452
0.966 -4.14024
0.969 -4.13597
0.972 -4.13171
0.975 -4.12747
0.978 -4.12325
0.981 -4.11903
0.984 -4.11484
0.987 -4.11065
0.99 -4.10648
0.993 -4.10233
0.996 -4.09819
0.999 -4.09406
1.002 -4.08994
1.005 -4.08584
1.008 -4.08176
1.011 -4.07768
1.014 -4.07363
1.017 -4.06958
1.02 -4.06555
1.023 -4.06153
1.026 -4.05752
1.029 -4.05353
1.032 -4.04955
1.035 -4.04558
1.038 -4.04163
1.041 -4.03769
1.044 -4.03376
1.047 -4.02984
1.05 -4.02594
1.053 -4.02205
1.056 -4.01817
1.059 -4.01431
1.062 -4.01045
1.065 -4.00661
1.068 -4.00278
1.071 -3.99896
1.074 -3.99516
1.077 -3.99137
1.08 -3.98758
1.083 -3.98381
1.086 -3.98006
1.089 -3.97631
1.092 -3.97257
1.095 -3.96885
1.098 -3.96514
1.101 -3.96144
1.104 -3.95775
1.107 -3.95407
1.11 -3.9504
1.113 -3.94674
1.116 -3.94309
1.119 -3.93946
1.122 -3.93583
1.125 -3.93222
1.128 -3.92862
1.131 -3.92502
1.134 -3.92144
1.137 -3.91787
1.14 -3.91431
1.143 -3.91075
1.146 -3.90721
1.149 -3.90368
1.152 -3.90016
1.155 -3.89665
1.158 -3.89314
1.161 -3.88965
1.164 -3.88617
1.167 -3.8827
1.17 -3.87923
1.173 -3.87578
1.176 -3.87233
1.179 -3.8689
1.182 -3.86547
1.185 -3.86205
1.188 -3.85865
1.191 -3.85525
1.194 -3.85186
1.197 -3.84847
1.2 -3.8451
1.203 -3.84174
1.206 -3.83838
1.209 -3.83504
1.212 -3.8317
1.215 -3.82837
1.218 -3.82505
1.221 -3.82173
1.224 -3.81843
1.227 -3.81513
1.23 -3.81184
1.233 -3.80856
1.236 -3.80529
1.239 -3.80203
1.242 -3.79877
1.245 -3.79552
1.248 -3.79228
1.251 -3.78905
1.254 -3.78582
1.257 -3.7826
1.26 -3.77939
1.263 -3.77619
1.266 -3.77299
1.269 -3.7698
1.272 -3.76662
1.275 -3.76345
1.278 -3.76028
1.281 -3.75712
1.284 -3.75397
1.287 -3.75082
1.29 -3.74768
1.293 -3.74455
1.296 -3.74143
1.299 -3.73831
1.302 -3.7352
1.305 -3.73209
1.308 -3.72899
1.311 -3.7259
1.314 -3.72281
1.317 -3.71973
1.32 -3.71666
1.323 -3.71359
1.326 -3.71053
1.329 -3.70748
1.332 -3.70443
1.335 -3.70139
1.338 -3.69835
1.341 -3.69532
1.344 -3.6923
1.347 -3.68928
1.35 -3.68627
1.353 -3.68326
1.356 -3.68026
1.359 -3.67727
1.362 -3.67428
1.365 -3.6713
1.368 -3.66832
1.371 -3.66535
1.374 -3.66238
1.377 -3.65942
1.38 -3.65646
1.383 -3.65351
1.386 -3.65057
1.389 -3.64763
1.392 -3.6447
1.395 -3.64177
1.398 -3.63885
1.401 -3.63593
1.404 -3.63301
1.407 -3.63011
1.41 -3.6272
1.413 -3.62431
1.416 -3.62141
1.419 -3.61853
1.422 -3.61564
1.425 -3.61277
1.428 -3.60989
1.431 -3.60703
1.434 -3.60416
1.437 -3.60131
1.44 -3.59845
1.443 -3.59561
1.446 -3.59276
1.449 -3.58993
1.452 -3.58709
1.455 -3.58426
1.458 -3.58144
1.461 -3.57862
1.464 -3.57581
1.467 -3.573
1.47 -3.57019
1.473 -3.56739
1.476 -3.56459
1.479 -3.5618
1.482 -3.55902
1.485 -3.55623
1.488 -3.55346
1.491 -3.55068
1.494 -3.54791
1.497 -3.54515
1.5 -3.54239
1.503 -3.53964
1.506 -3.53689
1.509 -3.53414
1.512 -3.5314
1.515 -3.52866
1.518 -3.52593
1.521 -3.52321
1.524 -3.52048
1.527 -3.51776
1.53 -3.51505
1.533 -3.51234
1.536 -3.50964
1.539 -3.50694
1.542 -3.50424
1.545 -3.50155
1.548 -3.49887
1.551 -3.49618
1.554 -3.49351
1.557 -3.49083
1.56 -3.48817
1.563 -3.4855
1.566 -3.48285
1.569 -3.48019
1.572 -3.47754
1.575 -3.4749
1.578 -3.47226
1.581 -3.46962
1.584 -3.46699
1.587 -3.46437
1.59 -3.46175
1.593 -3.45913
1.596 -3.45652
1.599 -3.45392
1.602 -3.45132
1.605 -3.44872
1.608 -3.44613
1.611 -3.44354
1.614 -3.44096
1.617 -3.43839
1.62 -3.43582
1.623 -3.43325
1.626 -3.43069
1.629 -3.42814
1.632 -3.42559
1.635 -3.42304
1.638 -3.4205
1.641 -3.41797
1.644 -3.41544
1.647 -3.41292
1.65 -3.4104
1.653 -3.40789
1.656 -3.40539
1.659 -3.40288
1.662 -3.40039
1.665 -3.3979
1.668 -3.39542
1.671 -3.39294
1.674 -3.39047
1.677 -3.388
1.68 -3.38555
1.683 -3.38309
1.686 -3.38065
1.689 -3.3782
1.692 -3.37577
1.695 -3.37334
1.698 -3.37092
1.701 -3.3685
1.704 -3.3661
1.707 -3.36369
1.71 -3.3613
1.713 -3.35891
1.716 -3.35653
1.719 -3.35415
1.722 -3.35178
1.725 -3.34942
1.728 -3.34707
1.731 -3.34472
1.734 -3.34238
1.737 -3.34005
1.74 -3.33772
1.743 -3.3354
1.746 -3.33309
1.749 -3.33079
1.752 -3.32849
1.755 -3.32621
1.758 -3.32393
1.761 -3.32165
1.764 -3.31939
1.767 -3.31713
1.77 -3.31489
1.773 -3.31265
1.776 -3.31042
1.779 -3.30819
1.782 -3.30598
1.785 -3.30377
1.788 -3.30158
1.791 -3.29939
1.794 -3.29721
1.797 -3.29504
1.8 -3.29288
1.803 -3.29072
1.806 -3.28858
1.809 -3.28644
1.812 -3.28432
1.815 -3.2822
1.818 -3.2801
1.821 -3.278
1.824 -3.27592
1.827 -3.27384
1.83 -3.27177
1.833 -3.26971
1.836 -3.26767
1.839 -3.26563
1.842 -3.2636
1.845 -3.26159
1.848 -3.25958
1.851 -3.25759
1.854 -3.2556
1.857 -3.25363
1.86 -3.25167
1.863 -3.24972
1.866 -3.24777
1.869 -3.24584
1.872 -3.24393
1.875 -3.24202
1.878 -3.24012
1.881 -3.23824
1.884 -3.23636
1.887 -3.2345
1.89 -3.23265
1.893 -3.23082
1.896 -3.22899
1.899 -3.22718
1.902 -3.22537
1.905 -3.22358
1.908 -3.22181
1.911 -3.22004
1.914 -3.21829
1.917 -3.21655
1.92 -3.21482
1.923 -3.21311
1.926 -3.2114
1.929 -3.20972
1.932 -3.20804
1.935 -3.20638
1.938 -3.20473
1.941 -3.20309
1.944 -3.20147
1.947 -3.19986
1.95 -3.19826
1.953 -3.19668
1.956 -3.19511
1.959 -3.19355
1.962 -3.19201
1.965 -3.19048
1.968 -3.18896
1.971 -3.18746
1.974 -3.18598
1.977 -3.1845
1.98 -3.18304
1.983 -3.1816
1.986 -3.18017
1.989 -3.17875
1.992 -3.17735
1.995 -3.17596
1.998 -3.17459
2.001 -3.17323
2.004 -3.17189
2.007 -3.17056
2.01 -3.16924
2.013 -3.16794
2.016 -3.16666
2.019 -3.16539
2.022 -3.16413
2.025 -3.16289
2.028 -3.16167
2.031 -3.16046
2.034 -3.15926
2.037 -3.15808
2.04 -3.15692
2.043 -3.15577
2.046 -3.15463
2.049 -3.15351
2.052 -3.15241
2.055 -3.15132
2.058 -3.15024
2.061 -3.14918
2.064 -3.14814
2.067 -3.14711
2.07 -3.1461
2.073 -3.1451
2.076 -3.14412
2.079 -3.14315
2.082 -3.1422
2.085 -3.14126
2.088 -3.14034
2.091 -3.13943
2.094 -3.13854
2.097 -3.13767
2.1 -3.13681
2.103 -3.13596
2.106 -3.13514
2.109 -3.13432
2.112 -3.13352
2.115 -3.13274
2.118 -3.13197
2.121 -3.13122
2.124 -3.13048
2.127 -3.12976
2.13 -3.12905
2.133 -3.12836
2.136 -3.12768
2.139 -3.12702
2.142 -3.12638
2.145 -3.12574
2.148 -3.12513
2.151 -3.12453
2.154 -3.12394
2.157 -3.12337
2.16 -3.12281
2.163 -3.12227
2.166 -3.12174
2.169 -3.12123
2.172 -3.12073
2.175 -3.12025
2.178 -3.11978
2.181 -3.11933
2.184 -3.11889
2.187 -3.11846
2.19 -3.11805
2.193 -3.11765
2.196 -3.11727
2.199 -3.1169
2.202 -3.11655
2.205 -3.11621
2.208 -3.11588
2.211 -3.11557
2.214 -3.11527
2.217 -3.11498
2.22 -3.11471
2.223 -3.11446
2.226 -3.11421
2.229 -3.11398
2.232 -3.11376
2.235 -3.11356
2.238 -3.11337
2.241 -3.11319
2.244 -3.11303
2.247 -3.11287
2.25 -3.11274
2.253 -3.11261
2.256 -3.1125
2.259 -3.11239
2.262 -3.11231
2.265 -3.11223
2.268 -3.11217
2.271 -3.11211
2.274 -3.11208
2.277 -3.11205
2.28 -3.11203
2.283 -3.11203
2.286 -3.11204
2.289 -3.11206
2.292 -3.11209
2.295 -3.11213
2.298 -3.11219
2.301 -3.11225
2.304 -3.11233
2.307 -3.11242
2.31 -3.11251
2.313 -3.11262
2.316 -3.11274
2.319 -3.11288
2.322 -3.11302
2.325 -3.11317
2.328 -3.11333
2.331 -3.1135
2.334 -3.11369
2.337 -3.11388
2.34 -3.11408
2.343 -3.11429
2.346 -3.11451
2.349 -3.11475
2.352 -3.11499
2.355 -3.11524
2.358 -3.1155
2.361 -3.11577
2.364 -3.11604
2.367 -3.11633
2.37 -3.11663
2.373 -3.11693
2.376 -3.11724
2.379 -3.11756
2.382 -3.11789
2.385 -3.11823
2.388 -3.11858
2.391 -3.11893
2.394 -3.1193
2.397 -3.11967
2.4 -3.12004
2.403 -3.12043
2.406 -3.12082
2.409 -3.12122
2.412 -3.12163
2.415 -3.12205
2.418 -3.12247
2.421 -3.1229
2.424 -3.12334
2.427 -3.12378
2.43 -3.12423
2.433 -3.12469
2.436 -3.12515
2.439 -3.12562
2.442 -3.12609
2.445 -3.12658
2.448 -3.12706
2.451 -3.12756
2.454 -3.12806
2.457 -3.12856
2.46 -3.12908
2.463 -3.12959
2.466 -3.13012
2.469 -3.13064
2.472 -3.13118
2.475 -3.13172
2.478 -3.13226
2.481 -3.13281
2.484 -3.13336
2.487 -3.13392
2.49 -3.13449
2.493 -3.13505
2.496 -3.13563
2.499 -3.1362
2.502 -3.13679
2.505 -3.13737
2.508 -3.13796
2.511 -3.13856
2.514 -3.13915
2.517 -3.13976
2.52 -3.14036
2.523 -3.14097
2.526 -3.14159
2.529 -3.1422
2.532 -3.14283
2.535 -3.14345
2.538 -3.14408
2.541 -3.14471
2.544 -3.14534
2.547 -3.14598
2.55 -3.14662
2.553 -3.14726
2.556 -3.14791
2.559 -3.14856
2.562 -3.14921
2.565 -3.14987
2.568 -3.15052
2.571 -3.15118
2.574 -3.15185
2.577 -3.15251
2.58 -3.15318
2.583 -3.15385
2.586 -3.15452
2.589 -3.15519
2.592 -3.15587
2.595 -3.15655
2.598 -3.15723
2.601 -3.15791
2.604 -3.15859
2.607 -3.15927
2.61 -3.15996
2.613 -3.16065
2.616 -3.16134
2.619 -3.16203
2.622 -3.16272
2.625 -3.16342
2.628 -3.16411
2.631 -3.16481
2.634 -3.1655
2.637 -3.1662
2.64 -3.1669
2.643 -3.1676
2.646 -3.16831
2.649 -3.16901
2.652 -3.16971
2.655 -3.17042
2.658 -3.17112
2.661 -3.17183
2.664 -3.17253
2.667 -3.17324
2.67 -3.17395
2.673 -3.17466
2.676 -3.17536
2.679 -3.17607
2.682 -3.17678
2.685 -3.17749
2.688 -3.1782
2.691 -3.17891
2.694 -3.17962
2.697 -3.18033
2.7 -3.18104
2.703 -3.18175
2.706 -3.18246
2.709 -3.18317
2.712 -3.18388
2.715 -3.18459
2.718 -3.1853
2.721 -3.18601
2.724 -3.18672
2.727 -3.18743
2.73 -3.18814
2.733 -3.18885
2.736 -3.18956
2.739 -3.19027
2.742 -3.19097
2.745 -3.19168
2.748 -3.19239
2.751 -3.19309
2.754 -3.1938
2.757 -3.1945
2.76 -3.19521
2.763 -3.19591
2.766 -3.19662
2.769 -3.19732
2.772 -3.19802
2.775 -3.19872
2.778 -3.19942
2.781 -3.20012
2.784 -3.20082
2.787 -3.20151
2.79 -3.20221
2.793 -3.20291
2.796 -3.2036
2.799 -3.20429
2.802 -3.20499
2.805 -3.20568
2.808 -3.20637
2.811 -3.20706
2.814 -3.20775
2.817 -3.20844
2.82 -3.20912
2.823 -3.20981
2.826 -3.21049
2.829 -3.21117
2.832 -3.21186
2.835 -3.21254
2.838 -3.21321
2.841 -3.21389
2.844 -3.21457
2.847 -3.21524
2.85 -3.21592
2.853 -3.21659
2.856 -3.21726
2.859 -3.21793
2.862 -3.2186
2.865 -3.21927
2.868 -3.21993
2.871 -3.2206
2.874 -3.22126
2.877 -3.22192
2.88 -3.22258
2.883 -3.22324
2.886 -3.2239
2.889 -3.22455
2.892 -3.22521
2.895 -3.22586
2.898 -3.22651
2.901 -3.22716
2.904 -3.22781
2.907 -3.22845
2.91 -3.2291
2.913 -3.22974
2.916 -3.23038
2.919 -3.23102
2.922 -3.23166
2.925 -3.2323
2.928 -3.23293
2.931 -3.23357
2.934 -3.2342
2.937 -3.23483
2.94 -3.23546
2.943 -3.23608
2.946 -3.23671
2.949 -3.23733
2.952 -3.23795
2.955 -3.23857
2.958 -3.23919
2.961 -3.23981
2.964 -3.24042
2.967 -3.24104
2.97 -3.24165
2.973 -3.24226
2.976 -3.24287
2.979 -3.24347
2.982 -3.24408
2.985 -3.24468
2.988 -3.24528
2.991 -3.24588
2.994 -3.24648
2.997 -3.24707
3 -3.24767
3.001 -10
