0 5
0.003 3.83652
0.006 3.83593
0.009 3.83535
0.012 3.83476
0.015 3.83416
0.018 3.83357
0.021 3.83297
0.024 3.83237
0.027 3.83176
0.03 3.83116
0.033 3.83055
0.036 3.82994
0.039 3.82933
0.042 3.82871
0.045 3.82809
0.048 3.82747
0.051 3.82685
0.054 3.82622
0.057 3.82559
0.06 3.82496
0.063 3.82433
0.066 3.82369
0.069 3.82305
0.072 3.82241
0.075 3.82176
0.078 3.82112
0.081 3.82047
0.084 3.81981
0.087 3.81916
0.09 3.8185
0.093 3.81784
0.096 3.81718
0.099 3.81651
0.102 3.81585
0.105 3.81518
0.108 3.8145
0.111 3.81383
0.114 3.81315
0.117 3.81247
0.12 3.81179
0.123 3.8111
0.126 3.81041
0.129 3.80972
0.132 3.80903
0.135 3.80833
0.138 3.80763
0.141 3.80693
0.144 3.80623
0.147 3.80552
0.15 3.80481
0.153 3.8041
0.156 3.80339
0.159 3.80267
0.162 3.80195
0.165 3.80123
0.168 3.80051
0.171 3.79978
0.174 3.79905
0.177 3.79832
0.18 3.79758
0.183 3.79685
0.186 3.79611
0.189 3.79536
0.192 3.79462
0.195 3.79387
0.198 3.79312
0.201 3.79237
0.204 3.79161
0.207 3.79086
0.21 3.7901
0.213 3.78933
0.216 3.78857
0.219 3.7878
0.222 3.78703
0.225 3.78626
0.228 3.78548
0.231 3.78471
0.234 3.78393
0.237 3.78314
0.24 3.78236
0.243 3.78157
0.246 3.78078
0.249 3.77999
0.252 3.77919
0.255 3.77839
0.258 3.77759
0.261 3.77679
0.264 3.77598
0.267 3.77518
0.27 3.77437
0.273 3.77355
0.276 3.77274
0.279 3.77192
0.282 3.7711
0.285 3.77027
0.288 3.76945
0.291 3.76862
0.294 3.76779
0.297 3.76696
0.3 3.76612
0.303 3.76528
0.306 3.76444
0.309 3.7636
0.312 3.76275
0.315 3.76191
0.318 3.76106
0.321 3.7602
0.324 3.75935
0.327 3.75849
0.33 3.75763
0.333 3.75677
0.336 3.7559
0.339 3.75503
0.342 3.75416
0.345 3.75329
0.348 3.75241
0.351 3.75154
0.354 3.75066
0.357 3.74977
0.36 3.74889
0.363 3.748
0.366 3.74711
0.369 3.74622
0.372 3.74532
0.375 3.74442
0.378 3.74352
0.381 3.74262
0.384 3.74172
0.387 3.74081
0.39 3.7399
0.393 3.73899
0.396 3.73807
0.399 3.73715
0.402 3.73623
0.405 3.73531
0.408 3.73439
0.411 3.73346
0.414 3.73253
0.417 3.7316
0.42 3.73066
0.423 3.72973
0.426 3.72879
0.429 3.72784
0.432 3.7269
0.435 3.72595
0.438 3.725
0.441 3.72405
0.444 3.7231
0.447 3.72214
0.45 3.72118
0.453 3.72022
0.456 3.71925
0.459 3.71829
0.462 3.71732
0.465 3.71635
0.468 3.71537
0.471 3.7144
0.474 3.71342
0.477 3.71244
0.48 3.71145
0.483 3.71047
0.486 3.70948
0.489 3.70849
0.492 3.7075
0.495 3.7065
0.498 3.7055
0.501 3.7045
0.504 3.7035
0.507 3.70249
0.51 3.70148
0.513 3.70047
0.516 3.69946
0.519 3.69845
0.522 3.69743
0.525 3.69641
0.528 3.69539
0.531 3.69436
0.534 3.69333
0.537 3.69231
0.54 3.69127
0.543 3.69024
0.546 3.6892
0.549 3.68816
0.552 3.68712
0.555 3.68608
0.558 3.68503
0.561 3.68398
0.564 3.68293
0.567 3.68188
0.57 3.68082
0.573 3.67977
0.576 3.67871
0.579 3.67764
0.582 3.67658
0.585 3.67551
0.588 3.67444
0.591 3.67337
0.594 3.6723
0.597 3.67122
0.6 3.67014
0.603 3.66906
0.606 3.66798
0.609 3.66689
0.612 3.6658
0.615 3.66471
0.618 3.66362
0.621 3.66253
0.624 3.66143
0.627 3.66033
0.63 3.65923
0.633 3.65812
0.636 3.65702
0.639 3.65591
0.642 3.6548
0.645 3.65369
0.648 3.65257
0.651 3.65145
0.654 3.65033
0.657 3.64921
0.66 3.64809
0.663 3.64696
0.666 3.64584
0.669 3.6447
0.672 3.64357
0.675 3.64244
0.678 3.6413
0.681 3.64016
0.684 3.63902
0.687 3.63788
0.69 3.63673
0.693 3.63558
0.696 3.63443
0.699 3.63328
0.702 3.63213
0.705 3.63097
0.708 3.62981
0.711 3.62865
0.714 3.62749
0.717 3.62633
0.72 3.62516
0.723 3.62399
0.726 3.62282
0.729 3.62165
0.732 3.62048
0.735 3.6193
0.738 3.61812
0.741 3.61694
0.744 3.61576
0.747 3.61457
0.75 3.61339
0.753 3.6122
0.756 3.61101
0.759 3.60981
0.762 3.60862
0.765 3.60742
0.768 3.60623
0.771 3.60503
0.774 3.60382
0.777 3.60262
0.78 3.60141
0.783 3.6002
0.786 3.59899
0.789 3.59778
0.792 3.59657
0.795 3.59535
0.798 3.59414
0.801 3.59292
0.804 3.5917
0.807 3.59047
0.81 3.58925
0.813 3.58802
0.816 3.58679
0.819 3.58556
0.822 3.58433
0.825 3.5831
0.828 3.58186
0.831 3.58062
0.834 3.57938
0.837 3.57814
0.84 3.5769
0.843 3.57565
0.846 3.57441
0.849 3.57316
0.852 3.57191
0.855 3.57066
0.858 3.5694
0.861 3.56815
0.864 3.56689
0.867 3.56563
0.87 3.56437
0.873 3.56311
0.876 3.56185
0.879 3.56058
0.882 3.55931
0.885 3.55805
0.888 3.55678
0.891 3.5555
0.894 3.55423
0.897 3.55295
0.9 3.55168
0.903 3.5504
0.906 3.54912
0.909 3.54783
0.912 3.54655
0.915 3.54526
0.918 3.54398
0.921 3.54269
0.924 3.5414
0.927 3.54011
0.93 3.53881
0.933 3.53752
0.936 3.53622
0.939 3.53492
0.942 3.53362
0.945 3.53232
0.948 3.53101
0.951 3.52971
0.954 3.5284
0.957 3.52709
0.96 3.52578
0.963 3.52447
0.966 3.52316
0.969 3.52185
0.972 3.52053
0.975 3.51921
0.978 3.51789
0.981 3.51657
0.984 3.51525
0.987 3.51392
0.99 3.5126
0.993 3.51127
0.996 3.50994
0.999 3.50861
1.002 3.50728
1.005 3.50594
1.008 3.50461
1.011 3.50327
1.014 3.50193
1.017 3.50059
1.02 3.49925
1.023 3.49791
1.026 3.49656
1.029 3.49522
1.032 3.49387
1.035 3.49252
1.038 3.49117
1.041 3.48982
1.044 3.48846
1.047 3.48711
1.05 3.48575
1.053 3.48439
1.056 3.48303
1.059 3.48166
1.062 3.4803
1.065 3.47894
1.068 3.47757
1.071 3.4762
1.074 3.47483
1.077 3.47346
1.08 3.47208
1.083 3.47071
1.086 3.46933
1.089 3.46795
1.092 3.46657
1.095 3.46519
1.098 3.4638
1.101 3.46242
1.104 3.46103
1.107 3.45964
1.11 3.45825
1.113 3.45686
1.116 3.45547
1.119 3.45407
1.122 3.45267
1.125 3.45128
1.128 3.44988
1.131 3.44847
1.134 3.44707
1.137 3.44566
1.14 3.44426
1.143 3.44285
1.146 3.44144
1.149 3.44002
1.152 3.43861
1.155 3.43719
1.158 3.43577
1.161 3.43435
1.164 3.43293
1.167 3.43151
1.17 3.43008
1.173 3.42866
1.176 3.42723
1.179 3.4258
1.182 3.42436
1.185 3.42293
1.188 3.42149
1.191 3.42006
1.194 3.41862
1.197 3.41717
1.2 3.41573
1.203 3.41428
1.206 3.41284
1.209 3.41139
1.212 3.40994
1.215 3.40848
1.218 3.40703
1.221 3.40557
1.224 3.40411
1.227 3.40265
1.23 3.40119
1.233 3.39972
1.236 3.39825
1.239 3.39678
1.242 3.39531
1.245 3.39384
1.248 3.39236
1.251 3.39089
1.254 3.38941
1.257 3.38792
1.26 3.38644
1.263 3.38495
1.266 3.38347
1.269 3.38198
1.272 3.38048
1.275 3.37899
1.278 3.37749
1.281 3.37599
1.284 3.37449
1.287 3.37299
1.29 3.37148
1.293 3.36998
1.296 3.36847
1.299 3.36696
1.302 3.36544
1.305 3.36392
1.308 3.36241
1.311 3.36088
1.314 3.35936
1.317 3.35784
1.32 3.35631
1.323 3.35478
1.326 3.35324
1.329 3.35171
1.332 3.35017
1.335 3.34863
1.338 3.34709
1.341 3.34555
1.344 3.344
1.347 3.34245
1.35 3.3409
1.353 3.33934
1.356 3.33779
1.359 3.33623
1.362 3.33467
1.365 3.3331
1.368 3.33154
1.371 3.32997
1.374 3.3284
1.377 3.32682
1.38 3.32525
1.383 3.32367
1.386 3.32209
1.389 3.3205
1.392 3.31892
1.395 3.31733
1.398 3.31574
1.401 3.31414
1.404 3.31254
1.407 3.31094
1.41 3.30934
1.413 3.30774
1.416 3.30613
1.419 3.30452
1.422 3.30291
1.425 3.30129
1.428 3.29968
1.431 3.29806
1.434 3.29643
1.437 3.29481
1.44 3.29318
1.443 3.29155
1.446 3.28992
1.449 3.28828
1.452 3.28664
1.455 3.285
1.458 3.28335
1.461 3.28171
1.464 3.28006
1.467 3.27841
1.47 3.27675
1.473 3.27509
1.476 3.27343
1.479 3.27177
1.482 3.2701
1.485 3.26844
1.488 3.26677
1.491 3.26509
1.494 3.26342
1.497 3.26174
1.5 3.26006
1.503 3.25837
1.506 3.25668
1.509 3.25499
1.512 3.2533
1.515 3.25161
1.518 3.24991
1.521 3.24821
1.524 3.24651
1.527 3.2448
1.53 3.24309
1.533 3.24138
1.536 3.23967
1.539 3.23795
1.542 3.23623
1.545 3.23451
1.548 3.23279
1.551 3.23106
1.554 3.22934
1.557 3.2276
1.56 3.22587
1.563 3.22414
1.566 3.2224
1.569 3.22066
1.572 3.21891
1.575 3.21717
1.578 3.21542
1.581 3.21367
1.584 3.21191
1.587 3.21016
1.59 3.2084
1.593 3.20664
1.596 3.20488
1.599 3.20312
1.602 3.20135
1.605 3.19958
1.608 3.19781
1.611 3.19604
1.614 3.19426
1.617 3.19248
1.62 3.1907
1.623 3.18892
1.626 3.18714
1.629 3.18535
1.632 3.18357
1.635 3.18178
1.638 3.17998
1.641 3.17819
1.644 3.1764
1.647 3.1746
1.65 3.1728
1.653 3.171
1.656 3.1692
1.659 3.1674
1.662 3.16559
1.665 3.16379
1.668 3.16198
1.671 3.16017
1.674 3.15836
1.677 3.15655
1.68 3.15473
1.683 3.15292
1.686 3.1511
1.689 3.14928
1.692 3.14747
1.695 3.14565
1.698 3.14383
1.701 3.14201
1.704 3.14018
1.707 3.13836
1.71 3.13654
1.713 3.13471
1.716 3.13289
1.719 3.13106
1.722 3.12924
1.725 3.12741
1.728 3.12558
1.731 3.12375
1.734 3.12193
1.737 3.1201
1.74 3.11827
1.743 3.11644
1.746 3.11461
1.749 3.11278
1.752 3.11095
1.755 3.10913
1.758 3.1073
1.761 3.10547
1.764 3.10364
1.767 3.10182
1.77 3.09999
1.773 3.09816
1.776 3.09634
1.779 3.09451
1.782 3.09269
1.785 3.09087
1.788 3.08904
1.791 3.08722
1.794 3.0854
1.797 3.08358
1.8 3.08177
1.803 3.07995
1.806 3.07813
1.809 3.07632
1.812 3.07451
1.815 3.0727
1.818 3.07089
1.821 3.06908
1.824 3.06728
1.827 3.06548
1.83 3.06368
1.833 3.06188
1.836 3.06008
1.839 3.05829
1.842 3.0565
1.845 3.05471
1.848 3.05292
1.851 3.05114
1.854 3.04936
1.857 3.04758
1.86 3.0458
1.863 3.04403
1.866 3.04226
1.869 3.0405
1.872 3.03874
1.875 3.03698
1.878 3.03522
1.881 3.03347
1.884 3.03172
1.887 3.02998
1.89 3.02824
1.893 3.0265
1.896 3.02477
1.899 3.02304
1.902 3.02131
1.905 3.01959
1.908 3.01788
1.911 3.01617
1.914 3.01446
1.917 3.01276
1.92 3.01106
1.923 3.00937
1.926 3.00768
1.929 3.006
1.932 3.00432
1.935 3.00265
1.938 3.00098
1.941 2.99932
1.944 2.99767
1.947 2.99602
1.95 2.99437
1.953 2.99273
1.956 2.9911
1.959 2.98947
1.962 2.98785
1.965 2.98624
1.968 2.98463
1.971 2.98302
1.974 2.98143
1.977 2.97984
1.98 2.97825
1.983 2.97667
1.986 2.9751
1.989 2.97354
1.992 2.97198
1.995 2.97043
1.998 2.96889
2.001 2.96735
2.004 2.96582
2.007 2.9643
2.01 2.96278
2.013 2.96127
2.016 2.95977
2.019 2.95828
2.022 2.95679
2.025 2.95531
2.028 2.95384
2.031 2.95237
2.034 2.95092
2.037 2.94947
2.04 2.94803
2.043 2.9466
2.046 2.94517
2.049 2.94375
2.052 2.94235
2.055 2.94095
2.058 2.93955
2.061 2.93817
2.064 2.93679
2.067 2.93542
2.07 2.93406
2.073 2.93271
2.076 2.93137
2.079 2.93003
2.082 2.92871
2.085 2.92739
2.088 2.92608
2.091 2.92478
2.094 2.92349
2.097 2.92221
2.1 2.92093
2.103 2.91967
2.106 2.91841
2.109 2.91716
2.112 2.91592
2.115 2.91469
2.118 2.91347
2.121 2.91226
2.124 2.91105
2.127 2.90986
2.13 2.90867
2.133 2.90749
2.136 2.90633
2.139 2.90517
2.142 2.90402
2.145 2.90288
2.148 2.90174
2.151 2.90062
2.154 2.89951
2.157 2.8984
2.16 2.89731
2.163 2.89622
2.166 2.89514
2.169 2.89407
2.172 2.89301
2.175 2.89196
2.178 2.89092
2.181 2.88989
2.184 2.88887
2.187 2.88785
2.19 2.88685
2.193 2.88585
2.196 2.88486
2.199 2.88388
2.202 2.88292
2.205 2.88196
2.208 2.881
2.211 2.88006
2.214 2.87913
2.217 2.87821
2.22 2.87729
2.223 2.87638
2.226 2.87549
2.229 2.8746
2.232 2.87372
2.235 2.87285
2.238 2.87198
2.241 2.87113
2.244 2.87029
2.247 2.86945
2.25 2.86862
2.253 2.8678
2.256 2.86699
2.259 2.86619
2.262 2.8654
2.265 2.86462
2.268 2.86384
2.271 2.86307
2.274 2.86231
2.277 2.86156
2.28 2.86082
2.283 2.86009
2.286 2.85936
2.289 2.85864
2.292 2.85794
2.295 2.85723
2.298 2.85654
2.301 2.85586
2.304 2.85518
2.307 2.85451
2.31 2.85385
2.313 2.8532
2.316 2.85255
2.319 2.85192
2.322 2.85129
2.325 2.85066
2.328 2.85005
2.331 2.84944
2.334 2.84885
2.337 2.84825
2.34 2.84767
2.343 2.84709
2.346 2.84653
2.349 2.84596
2.352 2.84541
2.355 2.84486
2.358 2.84432
2.361 2.84379
2.364 2.84327
2.367 2.84275
2.37 2.84224
2.373 2.84173
2.376 2.84123
2.379 2.84074
2.382 2.84026
2.385 2.83978
2.388 2.83931
2.391 2.83885
2.394 2.83839
2.397 2.83794
2.4 2.83749
2.403 2.83706
2.406 2.83662
2.409 2.8362
2.412 2.83578
2.415 2.83537
2.418 2.83496
2.421 2.83456
2.424 2.83417
2.427 2.83378
2.43 2.83339
2.433 2.83302
2.436 2.83265
2.439 2.83228
2.442 2.83192
2.445 2.83157
2.448 2.83122
2.451 2.83088
2.454 2.83054
2.457 2.83021
2.46 2.82988
2.463 2.82956
2.466 2.82925
2.469 2.82894
2.472 2.82863
2.475 2.82833
2.478 2.82804
2.481 2.82775
2.484 2.82746
2.487 2.82718
2.49 2.82691
2.493 2.82664
2.496 2.82637
2.499 2.82611
2.502 2.82585
2.505 2.8256
2.508 2.82536
2.511 2.82511
2.514 2.82488
2.517 2.82464
2.52 2.82441
2.523 2.82419
2.526 2.82397
2.529 2.82375
2.532 2.82354
2.535 2.82333
2.538 2.82313
2.541 2.82293
2.544 2.82273
2.547 2.82254
2.55 2.82235
2.553 2.82217
2.556 2.82199
2.559 2.82181
2.562 2.82164
2.565 2.82147
2.568 2.82131
2.571 2.82114
2.574 2.82099
2.577 2.82083
2.58 2.82068
2.583 2.82053
2.586 2.82039
2.589 2.82025
2.592 2.82011
2.595 2.81997
2.598 2.81984
2.601 2.81971
2.604 2.81959
2.607 2.81947
2.61 2.81935
2.613 2.81923
2.616 2.81912
2.619 2.81901
2.622 2.8189
2.625 2.81879
2.628 2.81869
2.631 2.81859
2.634 2.8185
2.637 2.8184
2.64 2.81831
2.643 2.81823
2.646 2.81814
2.649 2.81806
2.652 2.81798
2.655 2.8179
2.658 2.81782
2.661 2.81775
2.664 2.81768
2.667 2.81761
2.67 2.81754
2.673 2.81748
2.676 2.81742
2.679 2.81736
2.682 2.8173
2.685 2.81724
2.688 2.81719
2.691 2.81714
2.694 2.81709
2.697 2.81704
2.7 2.817
2.703 2.81696
2.706 2.81691
2.709 2.81688
2.712 2.81684
2.715 2.8168
2.718 2.81677
2.721 2.81674
2.724 2.81671
2.727 2.81668
2.73 2.81665
2.733 2.81663
2.736 2.8166
2.739 2.81658
2.742 2.81656
2.745 2.81654
2.748 2.81653
2.751 2.81651
2.754 2.8165
2.757 2.81648
2.76 2.81647
2.763 2.81646
2.766 2.81646
2.769 2.81645
2.772 2.81644
2.775 2.81644
2.778 2.81644
2.781 2.81644
2.784 2.81644
2.787 2.81644
2.79 2.81644
2.793 2.81644
2.796 2.81645
2.799 2.81645
2.802 2.81646
2.805 2.81647
2.808 2.81648
2.811 2.81649
2.814 2.8165
2.817 2.81651
2.82 2.81653
2.823 2.81654
2.826 2.81656
2.829 2.81657
2.832 2.81659
2.835 2.81661
2.838 2.81663
2.841 2.81665
2.844 2.81667
2.847 2.81669
2.85 2.81672
2.853 2.81674
2.856 2.81677
2.859 2.81679
2.862 2.81682
2.865 2.81684
2.868 2.81687
2.871 2.8169
2.874 2.81693
2.877 2.81696
2.88 2.81699
2.883 2.81702
2.886 2.81706
2.889 2.81709
2.892 2.81712
2.895 2.81716
2.898 2.81719
2.901 2.81723
2.904 2.81726
2.907 2.8173
2.91 2.81734
2.913 2.81738
2.916 2.81741
2.919 2.81745
2.922 2.81749
2.925 2.81753
2.928 2.81757
2.931 2.81761
2.934 2.81766
2.937 2.8177
2.94 2.81774
2.943 2.81778
2.946 2.81783
2.949 2.81787
2.952 2.81791
2.955 2.81796
2.958 2.818
2.961 2.81805
2.964 2.8181
2.967 2.81814
2.97 2.81819
2.973 2.81824
2.976 2.81828
2.979 2.81833
2.982 2.81838
2.985 2.81843
2.988 2.81848
2.991 2.81853
2.994 2.81857
2.997 2.81862
3 2.81867
3.001 5
