0 0
0.003 0.586684
0.006 0.589156
0.009 0.591642
0.012 0.594141
0.015 0.596654
0.018 0.599181
0.021 0.601722
0.024 0.604276
0.027 0.606844
0.03 0.609426
0.033 0.612023
0.036 0.614632
0.039 0.617256
0.042 0.619894
0.045 0.622546
0.048 0.625212
0.051 0.627892
0.054 0.630586
0.057 0.633294
0.06 0.636016
0.063 0.638753
0.066 0.641503
0.069 0.644268
0.072 0.647047
0.075 0.64984
0.078 0.652647
0.081 0.655469
0.084 0.658305
0.087 0.661155
0.09 0.664019
0.093 0.666898
0.096 0.669791
0.099 0.672699
0.102 0.67562
0.105 0.678556
0.108 0.681506
0.111 0.684471
0.114 0.68745
0.117 0.690443
0.12 0.693451
0.123 0.696473
0.126 0.69951
0.129 0.70256
0.132 0.705625
0.135 0.708705
0.138 0.711799
0.141 0.714907
0.144 0.718029
0.147 0.721166
0.15 0.724317
0.153 0.727482
0.156 0.730662
0.159 0.733856
0.162 0.737064
0.165 0.740287
0.168 0.743523
0.171 0.746774
0.174 0.750039
0.177 0.753319
0.18 0.756612
0.183 0.75992
0.186 0.763241
0.189 0.766577
0.192 0.769927
0.195 0.773291
0.198 0.776669
0.201 0.780061
0.204 0.783467
0.207 0.786886
0.21 0.79032
0.213 0.793768
0.216 0.797229
0.219 0.800704
0.222 0.804193
0.225 0.807695
0.228 0.811212
0.231 0.814742
0.234 0.818285
0.237 0.821842
0.24 0.825413
0.243 0.828997
0.246 0.832594
0.249 0.836205
0.252 0.839829
0.255 0.843467
0.258 0.847117
0.261 0.850781
0.264 0.854458
0.267 0.858148
0.27 0.861851
0.273 0.865567
0.276 0.869296
0.279 0.873037
0.282 0.876792
0.285 0.880559
0.288 0.884339
0.291 0.888131
0.294 0.891936
0.297 0.895754
0.3 0.899584
0.303 0.903426
0.306 0.907281
0.309 0.911147
0.312 0.915026
0.315 0.918917
0.318 0.92282
0.321 0.926735
0.324 0.930662
0.327 0.9346
0.33 0.938551
0.333 0.942513
0.336 0.946486
0.339 0.950471
0.342 0.954468
0.345 0.958475
0.348 0.962494
0.351 0.966525
0.354 0.970566
0.357 0.974618
0.36 0.978682
0.363 0.982756
0.366 0.986841
0.369 0.990936
0.372 0.995043
0.375 0.99916
0.378 1.00329
0.381 1.00742
0.384 1.01157
0.387 1.01573
0.39 1.0199
0.393 1.02408
0.396 1.02827
0.399 1.03246
0.402 1.03667
0.405 1.04089
0.408 1.04512
0.411 1.04935
0.414 1.0536
0.417 1.05785
0.42 1.06212
0.423 1.06639
0.426 1.07067
0.429 1.07497
0.432 1.07927
0.435 1.08358
0.438 1.08789
0.441 1.09222
0.444 1.09656
0.447 1.1009
0.45 1.10525
0.453 1.10961
0.456 1.11398
0.459 1.11836
0.462 1.12274
0.465 1.12713
0.468 1.13153
0.471 1.13594
0.474 1.14036
0.477 1.14478
0.48 1.14921
0.483 1.15365
0.486 1.15809
0.489 1.16255
0.492 1.16701
0.495 1.17147
0.498 1.17594
0.501 1.18042
0.504 1.18491
0.507 1.1894
0.51 1.1939
0.513 1.19841
0.516 1.20292
0.519 1.20744
0.522 1.21197
0.525 1.2165
0.528 1.22103
0.531 1.22558
0.534 1.23013
0.537 1.23468
0.54 1.23924
0.543 1.24381
0.546 1.24838
0.549 1.25296
0.552 1.25754
0.555 1.26213
0.558 1.26672
0.561 1.27132
0.564 1.27592
0.567 1.28053
0.57 1.28514
0.573 1.28976
0.576 1.29438
0.579 1.299
0.582 1.30363
0.585 1.30827
0.588 1.31291
0.591 1.31755
0.594 1.3222
0.597 1.32685
0.6 1.33151
0.603 1.33617
0.606 1.34084
0.609 1.3455
0.612 1.35018
0.615 1.35485
0.618 1.35953
0.621 1.36421
0.624 1.3689
0.627 1.37359
0.63 1.37828
0.633 1.38298
0.636 1.38768
0.639 1.39238
0.642 1.39709
0.645 1.4018
0.648 1.40651
0.651 1.41122
0.654 1.41594
0.657 1.42066
0.66 1.42539
0.663 1.43011
0.666 1.43484
0.669 1.43957
0.672 1.4443
0.675 1.44904
0.678 1.45378
0.681 1.45852
0.684 1.46326
0.687 1.46801
0.69 1.47275
0.693 1.4775
0.696 1.48225
0.699 1.48701
0.702 1.49176
0.705 1.49652
0.708 1.50128
0.711 1.50604
0.714 1.5108
0.717 1.51556
0.72 1.52033
0.723 1.52509
0.726 1.52986
0.729 1.53463
0.732 1.5394
0.735 1.54418
0.738 1.54895
0.741 1.55373
0.744 1.5585
0.747 1.56328
0.75 1.56806
0.753 1.57284
0.756 1.57762
0.759 1.58241
0.762 1.58719
0.765 1.59197
0.768 1.59676
0.771 1.60155
0.774 1.60633
0.777 1.61112
0.78 1.61591
0.783 1.6207
0.786 1.62549
0.789 1.63028
0.792 1.63507
0.795 1.63987
0.798 1.64466
0.801 1.64946
0.804 1.65425
0.807 1.65905
0.81 1.66384
0.813 1.66864
0.816 1.67343
0.819 1.67823
0.822 1.68303
0.825 1.68783
0.828 1.69263
0.831 1.69742
0.834 1.70222
0.837 1.70702
0.84 1.71182
0.843 1.71662
0.846 1.72142
0.849 1.72623
0.852 1.73103
0.855 1.73583
0.858 1.74063
0.861 1.74543
0.864 1.75023
0.867 1.75503
0.87 1.75984
0.873 1.76464
0.876 1.76944
0.879 1.77425
0.882 1.77905
0.885 1.78385
0.888 1.78865
0.891 1.79346
0.894 1.79826
0.897 1.80306
0.9 1.80787
0.903 1.81267
0.906 1.81747
0.909 1.82228
0.912 1.82708
0.915 1.83189
0.918 1.83669
0.921 1.84149
0.924 1.8463
0.927 1.8511
0.93 1.85591
0.933 1.86071
0.936 1.86551
0.939 1.87032
0.942 1.87512
0.945 1.87993
0.948 1.88473
0.951 1.88954
0.954 1.89434
0.957 1.89914
0.96 1.90395
0.963 1.90875
0.966 1.91356
0.969 1.91836
0.972 1.92317
0.975 1.92797
0.978 1.93278
0.981 1.93759
0.984 1.94239
0.987 1.9472
0.99 1.952
0.993 1.95681
0.996 1.96162
0.999 1.96642
1.002 1.97123
1.005 1.97604
1.008 1.98084
1.011 1.98565
1.014 1.99046
1.017 1.99527
1.02 2.00008
1.023 2.00488
1.026 2.00969
1.029 2.0145
1.032 2.01931
1.035 2.02412
1.038 2.02893
1.041 2.03375
1.044 2.03856
1.047 2.04337
1.05 2.04818
1.053 2.053
1.056 2.05781
1.059 2.06262
1.062 2.06744
1.065 2.07225
1.068 2.07707
1.071 2.08189
1.074 2.08671
1.077 2.09152
1.08 2.09634
1.083 2.10116
1.086 2.10598
1.089 2.11081
1.092 2.11563
1.095 2.12045
1.098 2.12528
1.101 2.1301
1.104 2.13493
1.107 2.13976
1.11 2.14458
1.113 2.14941
1.116 2.15424
1.119 2.15908
1.122 2.16391
1.125 2.16874
1.128 2.17358
1.131 2.17841
1.134 2.18325
1.137 2.18809
1.14 2.19293
1.143 2.19777
1.146 2.20262
1.149 2.20746
1.152 2.21231
1.155 2.21716
1.158 2.22201
1.161 2.22686
1.164 2.23171
1.167 2.23657
1.17 2.24142
1.173 2.24628
1.176 2.25114
1.179 2.256
1.182 2.26087
1.185 2.26573
1.188 2.2706
1.191 2.27547
1.194 2.28034
1.197 2.28521
1.2 2.29009
1.203 2.29497
1.206 2.29985
1.209 2.30473
1.212 2.30962
1.215 2.3145
1.218 2.31939
1.221 2.32428
1.224 2.32918
1.227 2.33408
1.23 2.33897
1.233 2.34388
1.236 2.34878
1.239 2.35369
1.242 2.3586
1.245 2.36351
1.248 2.36843
1.251 2.37335
1.254 2.37827
1.257 2.38319
1.26 2.38812
1.263 2.39305
1.266 2.39798
1.269 2.40292
1.272 2.40786
1.275 2.4128
1.278 2.41775
1.281 2.4227
1.284 2.42765
1.287 2.4326
1.29 2.43756
1.293 2.44253
1.296 2.44749
1.299 2.45246
1.302 2.45743
1.305 2.46241
1.308 2.46739
1.311 2.47238
1.314 2.47736
1.317 2.48235
1.32 2.48735
1.323 2.49235
1.326 2.49735
1.329 2.50236
1.332 2.50737
1.335 2.51239
1.338 2.5174
1.341 2.52243
1.344 2.52745
1.347 2.53249
1.35 2.53752
1.353 2.54256
1.356 2.54761
1.359 2.55265
1.362 2.55771
1.365 2.56276
1.368 2.56782
1.371 2.57289
1.374 2.57796
1.377 2.58304
1.38 2.58811
1.383 2.5932
1.386 2.59829
1.389 2.60338
1.392 2.60848
1.395 2.61358
1.398 2.61869
1.401 2.6238
1.404 2.62892
1.407 2.63404
1.41 2.63916
1.413 2.64429
1.416 2.64943
1.419 2.65457
1.422 2.65972
1.425 2.66487
1.428 2.67002
1.431 2.67518
1.434 2.68035
1.437 2.68552
1.44 2.69069
1.443 2.69587
1.446 2.70106
1.449 2.70625
1.452 2.71144
1.455 2.71664
1.458 2.72185
1.461 2.72706
1.464 2.73227
1.467 2.73749
1.47 2.74272
1.473 2.74795
1.476 2.75319
1.479 2.75843
1.482 2.76367
1.485 2.76892
1.488 2.77418
1.491 2.77944
1.494 2.78471
1.497 2.78998
1.5 2.79525
1.503 2.80053
1.506 2.80582
1.509 2.81111
1.512 2.81641
1.515 2.82171
1.518 2.82701
1.521 2.83232
1.524 2.83764
1.527 2.84296
1.53 2.84828
1.533 2.85361
1.536 2.85895
1.539 2.86429
1.542 2.86963
1.545 2.87498
1.548 2.88033
1.551 2.88569
1.554 2.89105
1.557 2.89642
1.56 2.90179
1.563 2.90716
1.566 2.91254
1.569 2.91793
1.572 2.92331
1.575 2.92871
1.578 2.9341
1.581 2.9395
1.584 2.94491
1.587 2.95031
1.59 2.95572
1.593 2.96114
1.596 2.96656
1.599 2.97198
1.602 2.97741
1.605 2.98283
1.608 2.98827
1.611 2.9937
1.614 2.99914
1.617 3.00458
1.62 3.01003
1.623 3.01547
1.626 3.02092
1.629 3.02637
1.632 3.03183
1.635 3.03729
1.638 3.04275
1.641 3.04821
1.644 3.05367
1.647 3.05914
1.65 3.0646
1.653 3.07007
1.656 3.07554
1.659 3.08101
1.662 3.08649
1.665 3.09196
1.668 3.09744
1.671 3.10291
1.674 3.10839
1.677 3.11387
1.68 3.11934
1.683 3.12482
1.686 3.1303
1.689 3.13578
1.692 3.14126
1.695 3.14673
1.698 3.15221
1.701 3.15769
1.704 3.16316
1.707 3.16864
1.71 3.17411
1.713 3.17958
1.716 3.18505
1.719 3.19052
1.722 3.19598
1.725 3.20145
1.728 3.20691
1.731 3.21237
1.734 3.21782
1.737 3.22328
1.74 3.22873
1.743 3.23417
1.746 3.23962
1.749 3.24506
1.752 3.25049
1.755 3.25592
1.758 3.26135
1.761 3.26677
1.764 3.27219
1.767 3.2776
1.77 3.28301
1.773 3.28841
1.776 3.29381
1.779 3.2992
1.782 3.30458
1.785 3.30996
1.788 3.31533
1.791 3.32069
1.794 3.32605
1.797 3.3314
1.8 3.33674
1.803 3.34207
1.806 3.3474
1.809 3.35272
1.812 3.35803
1.815 3.36333
1.818 3.36862
1.821 3.3739
1.824 3.37917
1.827 3.38443
1.83 3.38969
1.833 3.39493
1.836 3.40016
1.839 3.40538
1.842 3.41059
1.845 3.41579
1.848 3.42098
1.851 3.42615
1.854 3.43131
1.857 3.43646
1.86 3.4416
1.863 3.44673
1.866 3.45184
1.869 3.45694
1.872 3.46202
1.875 3.4671
1.878 3.47215
1.881 3.4772
1.884 3.48222
1.887 3.48724
1.89 3.49224
1.893 3.49722
1.896 3.50219
1.899 3.50714
1.902 3.51207
1.905 3.51699
1.908 3.5219
1.911 3.52678
1.914 3.53165
1.917 3.5365
1.92 3.54134
1.923 3.54615
1.926 3.55095
1.929 3.55573
1.932 3.56049
1.935 3.56524
1.938 3.56996
1.941 3.57467
1.944 3.57935
1.947 3.58402
1.95 3.58866
1.953 3.59329
1.956 3.5979
1.959 3.60248
1.962 3.60705
1.965 3.61159
1.968 3.61612
1.971 3.62062
1.974 3.6251
1.977 3.62956
1.98 3.634
1.983 3.63841
1.986 3.64281
1.989 3.64718
1.992 3.65153
1.995 3.65585
1.998 3.66016
2.001 3.66444
2.004 3.6687
2.007 3.67293
2.01 3.67714
2.013 3.68133
2.016 3.68549
2.019 3.68963
2.022 3.69375
2.025 3.69784
2.028 3.70191
2.031 3.70595
2.034 3.70997
2.037 3.71396
2.04 3.71793
2.043 3.72188
2.046 3.7258
2.049 3.72969
2.052 3.73356
2.055 3.7374
2.058 3.74122
2.061 3.74502
2.064 3.74878
2.067 3.75253
2.07 3.75624
2.073 3.75993
2.076 3.7636
2.079 3.76724
2.082 3.77085
2.085 3.77444
2.088 3.778
2.091 3.78154
2.094 3.78505
2.097 3.78853
2.1 3.79199
2.103 3.79542
2.106 3.79883
2.109 3.80221
2.112 3.80556
2.115 3.80889
2.118 3.81219
2.121 3.81546
2.124 3.81871
2.127 3.82194
2.13 3.82513
2.133 3.8283
2.136 3.83145
2.139 3.83456
2.142 3.83766
2.145 3.84072
2.148 3.84376
2.151 3.84678
2.154 3.84976
2.157 3.85272
2.16 3.85566
2.163 3.85857
2.166 3.86146
2.169 3.86431
2.172 3.86715
2.175 3.86996
2.178 3.87274
2.181 3.87549
2.184 3.87823
2.187 3.88093
2.19 3.88361
2.193 3.88627
2.196 3.8889
2.199 3.8915
2.202 3.89409
2.205 3.89664
2.208 3.89917
2.211 3.90168
2.214 3.90416
2.217 3.90662
2.22 3.90905
2.223 3.91146
2.226 3.91385
2.229 3.91621
2.232 3.91855
2.235 3.92086
2.238 3.92315
2.241 3.92541
2.244 3.92766
2.247 3.92988
2.25 3.93207
2.253 3.93425
2.256 3.9364
2.259 3.93853
2.262 3.94063
2.265 3.94271
2.268 3.94477
2.271 3.94681
2.274 3.94883
2.277 3.95082
2.28 3.95279
2.283 3.95474
2.286 3.95667
2.289 3.95858
2.292 3.96047
2.295 3.96233
2.298 3.96418
2.301 3.966
2.304 3.9678
2.307 3.96958
2.31 3.97134
2.313 3.97308
2.316 3.97481
2.319 3.97651
2.322 3.97819
2.325 3.97985
2.328 3.98149
2.331 3.98311
2.334 3.98472
2.337 3.9863
2.34 3.98787
2.343 3.98941
2.346 3.99094
2.349 3.99245
2.352 3.99394
2.355 3.99542
2.358 3.99687
2.361 3.99831
2.364 3.99973
2.367 4.00113
2.37 4.00251
2.373 4.00388
2.376 4.00523
2.379 4.00656
2.382 4.00788
2.385 4.00918
2.388 4.01046
2.391 4.01173
2.394 4.01298
2.397 4.01422
2.4 4.01543
2.403 4.01664
2.406 4.01782
2.409 4.019
2.412 4.02015
2.415 4.02129
2.418 4.02242
2.421 4.02353
2.424 4.02463
2.427 4.02571
2.43 4.02678
2.433 4.02783
2.436 4.02887
2.439 4.0299
2.442 4.03091
2.445 4.03191
2.448 4.03289
2.451 4.03386
2.454 4.03482
2.457 4.03576
2.46 4.03669
2.463 4.03761
2.466 4.03852
2.469 4.03941
2.472 4.04029
2.475 4.04116
2.478 4.04201
2.481 4.04285
2.484 4.04369
2.487 4.04451
2.49 4.04531
2.493 4.04611
2.496 4.04689
2.499 4.04767
2.502 4.04843
2.505 4.04918
2.508 4.04992
2.511 4.05065
2.514 4.05137
2.517 4.05208
2.52 4.05277
2.523 4.05346
2.526 4.05414
2.529 4.0548
2.532 4.05546
2.535 4.05611
2.538 4.05674
2.541 4.05737
2.544 4.05799
2.547 4.0586
2.55 4.05919
2.553 4.05978
2.556 4.06036
2.559 4.06093
2.562 4.0615
2.565 4.06205
2.568 4.06259
2.571 4.06313
2.574 4.06366
2.577 4.06418
2.58 4.06469
2.583 4.06519
2.586 4.06569
2.589 4.06617
2.592 4.06665
2.595 4.06712
2.598 4.06758
2.601 4.06804
2.604 4.06849
2.607 4.06893
2.61 4.06936
2.613 4.06979
2.616 4.0702
2.619 4.07062
2.622 4.07102
2.625 4.07142
2.628 4.07181
2.631 4.07219
2.634 4.07257
2.637 4.07294
2.64 4.0733
2.643 4.07366
2.646 4.07401
2.649 4.07436
2.652 4.0747
2.655 4.07503
2.658 4.07536
2.661 4.07568
2.664 4.07599
2.667 4.0763
2.67 4.0766
2.673 4.0769
2.676 4.07719
2.679 4.07748
2.682 4.07776
2.685 4.07804
2.688 4.07831
2.691 4.07857
2.694 4.07883
2.697 4.07909
2.7 4.07934
2.703 4.07958
2.706 4.07982
2.709 4.08006
2.712 4.08029
2.715 4.08052
2.718 4.08074
2.721 4.08095
2.724 4.08116
2.727 4.08137
2.73 4.08158
2.733 4.08177
2.736 4.08197
2.739 4.08216
2.742 4.08234
2.745 4.08253
2.748 4.0827
2.751 4.08288
2.754 4.08305
2.757 4.08321
2.76 4.08338
2.763 4.08353
2.766 4.08369
2.769 4.08384
2.772 4.08399
2.775 4.08413
2.778 4.08427
2.781 4.08441
2.784 4.08454
2.787 4.08467
2.79 4.0848
2.793 4.08492
2.796 4.08504
2.799 4.08516
2.802 4.08527
2.805 4.08538
2.808 4.08549
2.811 4.08559
2.814 4.08569
2.817 4.08579
2.82 4.08588
2.823 4.08598
2.826 4.08607
2.829 4.08615
2.832 4.08624
2.835 4.08632
2.838 4.08639
2.841 4.08647
2.844 4.08654
2.847 4.08661
2.85 4.08668
2.853 4.08675
2.856 4.08681
2.859 4.08687
2.862 4.08693
2.865 4.08698
2.868 4.08704
2.871 4.08709
2.874 4.08714
2.877 4.08718
2.88 4.08723
2.883 4.08727
2.886 4.08731
2.889 4.08735
2.892 4.08739
2.895 4.08742
2.898 4.08745
2.901 4.08748
2.904 4.08751
2.907 4.08754
2.91 4.08756
2.913 4.08758
2.916 4.0876
2.919 4.08762
2.922 4.08764
2.925 4.08765
2.928 4.08767
2.931 4.08768
2.934 4.08769
2.937 4.0877
2.94 4.0877
2.943 4.08771
2.946 4.08771
2.949 4.08771
2.952 4.08771
2.955 4.08771
2.958 4.08771
2.961 4.0877
2.964 4.0877
2.967 4.08769
2.97 4.08768
2.973 4.08767
2.976 4.08766
2.979 4.08765
2.982 4.08764
2.985 4.08762
2.988 4.08761
2.991 4.08759
2.994 4.08757
2.997 4.08755
3 4.08753
3.001 0
