0 0
0.003 0.264369
0.006 0.266268
0.009 0.26818
0.012 0.270106
0.015 0.272045
0.018 0.273999
0.021 0.275966
0.024 0.277948
0.027 0.279944
0.03 0.281954
0.033 0.283978
0.036 0.286017
0.039 0.288071
0.042 0.290139
0.045 0.292221
0.048 0.294319
0.051 0.296431
0.054 0.298558
0.057 0.3007
0.06 0.302858
0.063 0.30503
0.066 0.307218
0.069 0.309421
0.072 0.311639
0.075 0.313873
0.078 0.316123
0.081 0.318388
0.084 0.320669
0.087 0.322966
0.09 0.325279
0.093 0.327607
0.096 0.329952
0.099 0.332313
0.102 0.33469
0.105 0.337083
0.108 0.339493
0.111 0.341919
0.114 0.344362
0.117 0.346821
0.12 0.349297
0.123 0.35179
0.126 0.354299
0.129 0.356825
0.132 0.359369
0.135 0.361929
0.138 0.364506
0.141 0.367101
0.144 0.369712
0.147 0.372341
0.15 0.374987
0.153 0.377651
0.156 0.380332
0.159 0.38303
0.162 0.385747
0.165 0.38848
0.168 0.391232
0.171 0.394001
0.174 0.396788
0.177 0.399593
0.18 0.402415
0.183 0.405256
0.186 0.408114
0.189 0.410991
0.192 0.413886
0.195 0.416799
0.198 0.41973
0.201 0.422679
0.204 0.425646
0.207 0.428632
0.21 0.431636
0.213 0.434659
0.216 0.437699
0.219 0.440759
0.222 0.443836
0.225 0.446932
0.228 0.450047
0.231 0.45318
0.234 0.456332
0.237 0.459502
0.24 0.462691
0.243 0.465898
0.246 0.469124
0.249 0.472369
0.252 0.475632
0.255 0.478914
0.258 0.482214
0.261 0.485533
0.264 0.488871
0.267 0.492227
0.27 0.495602
0.273 0.498996
0.276 0.502408
0.279 0.505839
0.282 0.509288
0.285 0.512756
0.288 0.516243
0.291 0.519747
0.294 0.523271
0.297 0.526813
0.3 0.530373
0.303 0.533952
0.306 0.537549
0.309 0.541165
0.312 0.544799
0.315 0.548451
0.318 0.552121
0.321 0.55581
0.324 0.559516
0.327 0.563241
0.33 0.566984
0.333 0.570745
0.336 0.574523
0.339 0.57832
0.342 0.582134
0.345 0.585966
0.348 0.589815
0.351 0.593682
0.354 0.597567
0.357 0.601469
0.36 0.605389
0.363 0.609325
0.366 0.613279
0.369 0.61725
0.372 0.621238
0.375 0.625243
0.378 0.629264
0.381 0.633302
0.384 0.637357
0.387 0.641429
0.39 0.645517
0.393 0.649621
0.396 0.653741
0.399 0.657877
0.402 0.662029
0.405 0.666197
0.408 0.670381
0.411 0.674581
0.414 0.678795
0.417 0.683026
0.42 0.687271
0.423 0.691531
0.426 0.695807
0.429 0.700097
0.432 0.704402
0.435 0.708721
0.438 0.713055
0.441 0.717403
0.444 0.721765
0.447 0.726141
0.45 0.730531
0.453 0.734934
0.456 0.739351
0.459 0.743782
0.462 0.748225
0.465 0.752682
0.468 0.757151
0.471 0.761633
0.474 0.766128
0.477 0.770635
0.48 0.775154
0.483 0.779685
0.486 0.784228
0.489 0.788783
0.492 0.793349
0.495 0.797927
0.498 0.802516
0.501 0.807115
0.504 0.811726
0.507 0.816347
0.51 0.820979
0.513 0.825621
0.516 0.830273
0.519 0.834935
0.522 0.839607
0.525 0.844289
0.528 0.84898
0.531 0.85368
0.534 0.858389
0.537 0.863107
0.54 0.867834
0.543 0.872569
0.546 0.877312
0.549 0.882064
0.552 0.886823
0.555 0.89159
0.558 0.896365
0.561 0.901147
0.564 0.905937
0.567 0.910733
0.57 0.915537
0.573 0.920346
0.576 0.925163
0.579 0.929986
0.582 0.934814
0.585 0.939649
0.588 0.94449
0.591 0.949336
0.594 0.954187
0.597 0.959044
0.6 0.963906
0.603 0.968772
0.606 0.973644
0.609 0.978519
0.612 0.9834
0.615 0.988284
0.618 0.993172
0.621 0.998064
0.624 1.00296
0.627 1.00786
0.63 1.01276
0.633 1.01767
0.636 1.02258
0.639 1.02749
0.642 1.0324
0.645 1.03732
0.648 1.04224
0.651 1.04716
0.654 1.05208
0.657 1.05701
0.66 1.06194
0.663 1.06687
0.666 1.0718
0.669 1.07673
0.672 1.08166
0.675 1.08659
0.678 1.09153
0.681 1.09646
0.684 1.1014
0.687 1.10634
0.69 1.11127
0.693 1.11621
0.696 1.12115
0.699 1.12608
0.702 1.13102
0.705 1.13596
0.708 1.14089
0.711 1.14583
0.714 1.15076
0.717 1.1557
0.72 1.16063
0.723 1.16556
0.726 1.17049
0.729 1.17542
0.732 1.18035
0.735 1.18528
0.738 1.1902
0.741 1.19513
0.744 1.20005
0.747 1.20497
0.75 1.20989
0.753 1.2148
0.756 1.21972
0.759 1.22463
0.762 1.22954
0.765 1.23445
0.768 1.23935
0.771 1.24425
0.774 1.24915
0.777 1.25405
0.78 1.25894
0.783 1.26383
0.786 1.26872
0.789 1.27361
0.792 1.27849
0.795 1.28337
0.798 1.28824
0.801 1.29312
0.804 1.29799
0.807 1.30285
0.81 1.30771
0.813 1.31257
0.816 1.31743
0.819 1.32228
0.822 1.32713
0.825 1.33197
0.828 1.33681
0.831 1.34165
0.834 1.34648
0.837 1.35131
0.84 1.35614
0.843 1.36096
0.846 1.36578
0.849 1.37059
0.852 1.3754
0.855 1.38021
0.858 1.38501
0.861 1.38981
0.864 1.3946
0.867 1.39939
0.87 1.40418
0.873 1.40896
0.876 1.41374
0.879 1.41851
0.882 1.42328
0.885 1.42805
0.888 1.43281
0.891 1.43756
0.894 1.44232
0.897 1.44707
0.9 1.45181
0.903 1.45655
0.906 1.46128
0.909 1.46602
0.912 1.47074
0.915 1.47547
0.918 1.48019
0.921 1.4849
0.924 1.48961
0.927 1.49432
0.93 1.49902
0.933 1.50372
0.936 1.50841
0.939 1.5131
0.942 1.51779
0.945 1.52247
0.948 1.52715
0.951 1.53182
0.954 1.53649
0.957 1.54116
0.96 1.54582
0.963 1.55048
0.966 1.55513
0.969 1.55978
0.972 1.56443
0.975 1.56907
0.978 1.57371
0.981 1.57834
0.984 1.58298
0.987 1.5876
0.99 1.59223
0.993 1.59685
0.996 1.60147
0.999 1.60608
1.002 1.61069
1.005 1.6153
1.008 1.6199
1.011 1.6245
1.014 1.6291
1.017 1.63369
1.02 1.63829
1.023 1.64287
1.026 1.64746
1.029 1.65204
1.032 1.65662
1.035 1.6612
1.038 1.66577
1.041 1.67034
1.044 1.67491
1.047 1.67947
1.05 1.68404
1.053 1.6886
1.056 1.69315
1.059 1.69771
1.062 1.70226
1.065 1.70681
1.068 1.71136
1.071 1.71591
1.074 1.72045
1.077 1.725
1.08 1.72954
1.083 1.73408
1.086 1.73861
1.089 1.74315
1.092 1.74768
1.095 1.75222
1.098 1.75675
1.101 1.76128
1.104 1.7658
1.107 1.77033
1.11 1.77486
1.113 1.77938
1.116 1.78391
1.119 1.78843
1.122 1.79295
1.125 1.79748
1.128 1.802
1.131 1.80652
1.134 1.81104
1.137 1.81556
1.14 1.82008
1.143 1.8246
1.146 1.82912
1.149 1.83364
1.152 1.83815
1.155 1.84267
1.158 1.84719
1.161 1.85172
1.164 1.85624
1.167 1.86076
1.17 1.86528
1.173 1.8698
1.176 1.87433
1.179 1.87885
1.182 1.88338
1.185 1.88791
1.188 1.89243
1.191 1.89696
1.194 1.90149
1.197 1.90603
1.2 1.91056
1.203 1.9151
1.206 1.91964
1.209 1.92418
1.212 1.92872
1.215 1.93327
1.218 1.93781
1.221 1.94236
1.224 1.94691
1.227 1.95147
1.23 1.95603
1.233 1.96059
1.236 1.96515
1.239 1.96972
1.242 1.97429
1.245 1.97886
1.248 1.98344
1.251 1.98802
1.254 1.9926
1.257 1.99719
1.26 2.00178
1.263 2.00638
1.266 2.01098
1.269 2.01558
1.272 2.02019
1.275 2.0248
1.278 2.02942
1.281 2.03404
1.284 2.03867
1.287 2.0433
1.29 2.04794
1.293 2.05259
1.296 2.05723
1.299 2.06189
1.302 2.06655
1.305 2.07121
1.308 2.07588
1.311 2.08056
1.314 2.08524
1.317 2.08993
1.32 2.09463
1.323 2.09933
1.326 2.10404
1.329 2.10875
1.332 2.11348
1.335 2.11821
1.338 2.12294
1.341 2.12769
1.344 2.13244
1.347 2.1372
1.35 2.14196
1.353 2.14674
1.356 2.15152
1.359 2.15631
1.362 2.1611
1.365 2.16591
1.368 2.17073
1.371 2.17555
1.374 2.18038
1.377 2.18522
1.38 2.19007
1.383 2.19493
1.386 2.19979
1.389 2.20467
1.392 2.20955
1.395 2.21445
1.398 2.21935
1.401 2.22427
1.404 2.22919
1.407 2.23413
1.41 2.23907
1.413 2.24402
1.416 2.24899
1.419 2.25396
1.422 2.25895
1.425 2.26394
1.428 2.26895
1.431 2.27397
1.434 2.279
1.437 2.28403
1.44 2.28909
1.443 2.29415
1.446 2.29922
1.449 2.30431
1.452 2.3094
1.455 2.31451
1.458 2.31963
1.461 2.32476
1.464 2.32991
1.467 2.33506
1.47 2.34023
1.473 2.34541
1.476 2.35061
1.479 2.35581
1.482 2.36103
1.485 2.36626
1.488 2.37151
1.491 2.37676
1.494 2.38203
1.497 2.38732
1.5 2.39261
1.503 2.39792
1.506 2.40324
1.509 2.40858
1.512 2.41393
1.515 2.41929
1.518 2.42467
1.521 2.43006
1.524 2.43547
1.527 2.44088
1.53 2.44632
1.533 2.45176
1.536 2.45722
1.539 2.4627
1.542 2.46819
1.545 2.47369
1.548 2.47921
1.551 2.48474
1.554 2.49028
1.557 2.49584
1.56 2.50142
1.563 2.50701
1.566 2.51261
1.569 2.51823
1.572 2.52386
1.575 2.52951
1.578 2.53517
1.581 2.54085
1.584 2.54654
1.587 2.55225
1.59 2.55797
1.593 2.56371
1.596 2.56946
1.599 2.57522
1.602 2.581
1.605 2.5868
1.608 2.59261
1.611 2.59843
1.614 2.60427
1.617 2.61012
1.62 2.61599
1.623 2.62188
1.626 2.62777
1.629 2.63369
1.632 2.63961
1.635 2.64556
1.638 2.65151
1.641 2.65748
1.644 2.66347
1.647 2.66947
1.65 2.67548
1.653 2.68151
1.656 2.68755
1.659 2.69361
1.662 2.69968
1.665 2.70576
1.668 2.71186
1.671 2.71797
1.674 2.7241
1.677 2.73024
1.68 2.73639
1.683 2.74256
1.686 2.74874
1.689 2.75493
1.692 2.76113
1.695 2.76735
1.698 2.77358
1.701 2.77983
1.704 2.78608
1.707 2.79235
1.71 2.79863
1.713 2.80493
1.716 2.81123
1.719 2.81755
1.722 2.82388
1.725 2.83021
1.728 2.83657
1.731 2.84293
1.734 2.8493
1.737 2.85568
1.74 2.86208
1.743 2.86848
1.746 2.8749
1.749 2.88132
1.752 2.88775
1.755 2.8942
1.758 2.90065
1.761 2.90711
1.764 2.91358
1.767 2.92006
1.77 2.92655
1.773 2.93304
1.776 2.93955
1.779 2.94606
1.782 2.95257
1.785 2.9591
1.788 2.96563
1.791 2.97217
1.794 2.97871
1.797 2.98526
1.8 2.99181
1.803 2.99837
1.806 3.00494
1.809 3.01151
1.812 3.01808
1.815 3.02466
1.818 3.03124
1.821 3.03783
1.824 3.04442
1.827 3.05101
1.83 3.0576
1.833 3.0642
1.836 3.07079
1.839 3.07739
1.842 3.08399
1.845 3.09059
1.848 3.09719
1.851 3.10379
1.854 3.11039
1.857 3.11699
1.86 3.12359
1.863 3.13018
1.866 3.13678
1.869 3.14337
1.872 3.14996
1.875 3.15654
1.878 3.16312
1.881 3.1697
1.884 3.17628
1.887 3.18284
1.89 3.18941
1.893 3.19597
1.896 3.20252
1.899 3.20906
1.902 3.2156
1.905 3.22213
1.908 3.22865
1.911 3.23517
1.914 3.24168
1.917 3.24817
1.92 3.25466
1.923 3.26114
1.926 3.26761
1.929 3.27407
1.932 3.28051
1.935 3.28695
1.938 3.29337
1.941 3.29978
1.944 3.30618
1.947 3.31256
1.95 3.31893
1.953 3.32529
1.956 3.33163
1.959 3.33795
1.962 3.34426
1.965 3.35056
1.968 3.35684
1.971 3.3631
1.974 3.36934
1.977 3.37557
1.98 3.38178
1.983 3.38797
1.986 3.39414
1.989 3.40029
1.992 3.40642
1.995 3.41253
1.998 3.41862
2.001 3.42469
2.004 3.43074
2.007 3.43677
2.01 3.44277
2.013 3.44876
2.016 3.45471
2.019 3.46065
2.022 3.46656
2.025 3.47245
2.028 3.47831
2.031 3.48415
2.034 3.48996
2.037 3.49575
2.04 3.50151
2.043 3.50725
2.046 3.51296
2.049 3.51864
2.052 3.52429
2.055 3.52992
2.058 3.53551
2.061 3.54108
2.064 3.54663
2.067 3.55214
2.07 3.55762
2.073 3.56307
2.076 3.5685
2.079 3.57389
2.082 3.57925
2.085 3.58459
2.088 3.58989
2.091 3.59516
2.094 3.6004
2.097 3.60561
2.1 3.61078
2.103 3.61592
2.106 3.62104
2.109 3.62611
2.112 3.63116
2.115 3.63617
2.118 3.64115
2.121 3.6461
2.124 3.65101
2.127 3.65589
2.13 3.66074
2.133 3.66555
2.136 3.67033
2.139 3.67507
2.142 3.67978
2.145 3.68445
2.148 3.68909
2.151 3.6937
2.154 3.69827
2.157 3.7028
2.16 3.70731
2.163 3.71177
2.166 3.7162
2.169 3.7206
2.172 3.72496
2.175 3.72928
2.178 3.73357
2.181 3.73783
2.184 3.74205
2.187 3.74623
2.19 3.75038
2.193 3.75449
2.196 3.75857
2.199 3.76261
2.202 3.76662
2.205 3.77059
2.208 3.77453
2.211 3.77843
2.214 3.7823
2.217 3.78613
2.22 3.78992
2.223 3.79369
2.226 3.79741
2.229 3.8011
2.232 3.80476
2.235 3.80838
2.238 3.81197
2.241 3.81552
2.244 3.81904
2.247 3.82252
2.25 3.82598
2.253 3.82939
2.256 3.83277
2.259 3.83612
2.262 3.83944
2.265 3.84272
2.268 3.84597
2.271 3.84918
2.274 3.85236
2.277 3.85551
2.28 3.85863
2.283 3.86171
2.286 3.86476
2.289 3.86778
2.292 3.87077
2.295 3.87372
2.298 3.87664
2.301 3.87954
2.304 3.8824
2.307 3.88522
2.31 3.88802
2.313 3.89079
2.316 3.89353
2.319 3.89623
2.322 3.89891
2.325 3.90155
2.328 3.90417
2.331 3.90676
2.334 3.90931
2.337 3.91184
2.34 3.91434
2.343 3.91681
2.346 3.91925
2.349 3.92167
2.352 3.92405
2.355 3.92641
2.358 3.92874
2.361 3.93104
2.364 3.93332
2.367 3.93557
2.37 3.93779
2.373 3.93999
2.376 3.94216
2.379 3.9443
2.382 3.94642
2.385 3.94851
2.388 3.95057
2.391 3.95261
2.394 3.95463
2.397 3.95662
2.4 3.95859
2.403 3.96053
2.406 3.96245
2.409 3.96435
2.412 3.96622
2.415 3.96807
2.418 3.96989
2.421 3.97169
2.424 3.97347
2.427 3.97523
2.43 3.97696
2.433 3.97868
2.436 3.98037
2.439 3.98204
2.442 3.98369
2.445 3.98531
2.448 3.98692
2.451 3.9885
2.454 3.99007
2.457 3.99161
2.46 3.99314
2.463 3.99464
2.466 3.99613
2.469 3.9976
2.472 3.99904
2.475 4.00047
2.478 4.00188
2.481 4.00327
2.484 4.00464
2.487 4.006
2.49 4.00733
2.493 4.00865
2.496 4.00995
2.499 4.01124
2.502 4.0125
2.505 4.01375
2.508 4.01499
2.511 4.0162
2.514 4.0174
2.517 4.01858
2.52 4.01975
2.523 4.0209
2.526 4.02204
2.529 4.02316
2.532 4.02427
2.535 4.02536
2.538 4.02643
2.541 4.02749
2.544 4.02854
2.547 4.02957
2.55 4.03059
2.553 4.03159
2.556 4.03258
2.559 4.03356
2.562 4.03452
2.565 4.03547
2.568 4.03641
2.571 4.03733
2.574 4.03824
2.577 4.03914
2.58 4.04002
2.583 4.0409
2.586 4.04176
2.589 4.0426
2.592 4.04344
2.595 4.04427
2.598 4.04508
2.601 4.04588
2.604 4.04667
2.607 4.04745
2.61 4.04822
2.613 4.04897
2.616 4.04972
2.619 4.05045
2.622 4.05118
2.625 4.05189
2.628 4.0526
2.631 4.05329
2.634 4.05398
2.637 4.05465
2.64 4.05531
2.643 4.05597
2.646 4.05661
2.649 4.05725
2.652 4.05788
2.655 4.0585
2.658 4.0591
2.661 4.0597
2.664 4.06029
2.667 4.06088
2.67 4.06145
2.673 4.06202
2.676 4.06257
2.679 4.06312
2.682 4.06366
2.685 4.0642
2.688 4.06472
2.691 4.06524
2.694 4.06575
2.697 4.06625
2.7 4.06674
2.703 4.06723
2.706 4.06771
2.709 4.06818
2.712 4.06865
2.715 4.0691
2.718 4.06956
2.721 4.07
2.724 4.07044
2.727 4.07087
2.73 4.07129
2.733 4.07171
2.736 4.07212
2.739 4.07253
2.742 4.07293
2.745 4.07332
2.748 4.07371
2.751 4.07409
2.754 4.07447
2.757 4.07483
2.76 4.0752
2.763 4.07556
2.766 4.07591
2.769 4.07626
2.772 4.0766
2.775 4.07693
2.778 4.07726
2.781 4.07759
2.784 4.07791
2.787 4.07823
2.79 4.07854
2.793 4.07884
2.796 4.07914
2.799 4.07944
2.802 4.07973
2.805 4.08002
2.808 4.0803
2.811 4.08058
2.814 4.08085
2.817 4.08112
2.82 4.08138
2.823 4.08164
2.826 4.0819
2.829 4.08215
2.832 4.0824
2.835 4.08264
2.838 4.08288
2.841 4.08311
2.844 4.08334
2.847 4.08357
2.85 4.0838
2.853 4.08401
2.856 4.08423
2.859 4.08444
2.862 4.08465
2.865 4.08486
2.868 4.08506
2.871 4.08526
2.874 4.08545
2.877 4.08564
2.88 4.08583
2.883 4.08602
2.886 4.0862
2.889 4.08638
2.892 4.08655
2.895 4.08673
2.898 4.0869
2.901 4.08706
2.904 4.08723
2.907 4.08739
2.91 4.08754
2.913 4.0877
2.916 4.08785
2.919 4.088
2.922 4.08815
2.925 4.08829
2.928 4.08843
2.931 4.08857
2.934 4.08871
2.937 4.08884
2.94 4.08897
2.943 4.0891
2.946 4.08922
2.949 4.08935
2.952 4.08947
2.955 4.08959
2.958 4.08971
2.961 4.08982
2.964 4.08993
2.967 4.09004
2.97 4.09015
2.973 4.09025
2.976 4.09036
2.979 4.09046
2.982 4.09056
2.985 4.09066
2.988 4.09075
2.991 4.09084
2.994 4.09094
2.997 4.09102
3 4.09111
3.001 0
