0 -10
0.003 -6.6347
0.006 -6.63036
0.009 -6.626
0.012 -6.6216
0.015 -6.61718
0.018 -6.61273
0.021 -6.60825
0.024 -6.60375
0.027 -6.59921
0.03 -6.59465
0.033 -6.59006
0.036 -6.58544
0.039 -6.5808
0.042 -6.57612
0.045 -6.57142
0.048 -6.56669
0.051 -6.56193
0.054 -6.55714
0.057 -6.55232
0.06 -6.54747
0.063 -6.54259
0.066 -6.53768
0.069 -6.53275
0.072 -6.52778
0.075 -6.52279
0.078 -6.51776
0.081 -6.51271
0.084 -6.50762
0.087 -6.50251
0.09 -6.49737
0.093 -6.49219
0.096 -6.48699
0.099 -6.48175
0.102 -6.47649
0.105 -6.47119
0.108 -6.46587
0.111 -6.46051
0.114 -6.45512
0.117 -6.4497
0.12 -6.44426
0.123 -6.43878
0.126 -6.43327
0.129 -6.42773
0.132 -6.42216
0.135 -6.41656
0.138 -6.41092
0.141 -6.40526
0.144 -6.39956
0.147 -6.39384
0.15 -6.38808
0.153 -6.38229
0.156 -6.37648
0.159 -6.37063
0.162 -6.36474
0.165 -6.35883
0.168 -6.35289
0.171 -6.34692
0.174 -6.34091
0.177 -6.33488
0.18 -6.32881
0.183 -6.32271
0.186 -6.31658
0.189 -6.31042
0.192 -6.30423
0.195 -6.29801
0.198 -6.29176
0.201 -6.28547
0.204 -6.27916
0.207 -6.27281
0.21 -6.26644
0.213 -6.26003
0.216 -6.2536
0.219 -6.24713
0.222 -6.24063
0.225 -6.23411
0.228 -6.22755
0.231 -6.22096
0.234 -6.21434
0.237 -6.2077
0.24 -6.20102
0.243 -6.19431
0.246 -6.18758
0.249 -6.18081
0.252 -6.17402
0.255 -6.16719
0.258 -6.16034
0.261 -6.15346
0.264 -6.14655
0.267 -6.13961
0.27 -6.13264
0.273 -6.12564
0.276 -6.11862
0.279 -6.11157
0.282 -6.10449
0.285 -6.09738
0.288 -6.09025
0.291 -6.08309
0.294 -6.0759
0.297 -6.06868
0.3 -6.06144
0.303 -6.05418
0.306 -6.04688
0.309 -6.03956
0.312 -6.03222
0.315 -6.02485
0.318 -6.01745
0.321 -6.01003
0.324 -6.00259
0.327 -5.99512
0.33 -5.98763
0.333 -5.98011
0.336 -5.97257
0.339 -5.96501
0.342 -5.95742
0.345 -5.94981
0.348 -5.94218
0.351 -5.93453
0.354 -5.92685
0.357 -5.91916
0.36 -5.91144
0.363 -5.9037
0.366 -5.89594
0.369 -5.88817
0.372 -5.88037
0.375 -5.87255
0.378 -5.86472
0.381 -5.85686
0.384 -5.84899
0.387 -5.8411
0.39 -5.83319
0.393 -5.82526
0.396 -5.81732
0.399 -5.80936
0.402 -5.80139
0.405 -5.7934
0.408 -5.7854
0.411 -5.77738
0.414 -5.76934
0.417 -5.76129
0.42 -5.75323
0.423 -5.74516
0.426 -5.73707
0.429 -5.72897
0.432 -5.72086
0.435 -5.71274
0.438 -5.7046
0.441 -5.69646
0.444 -5.6883
0.447 -5.68014
0.45 -5.67196
0.453 -5.66378
0.456 -5.65559
0.459 -5.64739
0.462 -5.63919
0.465 -5.63097
0.468 -5.62275
0.471 -5.61453
0.474 -5.60629
0.477 -5.59806
0.48 -5.58981
0.483 -5.58157
0.486 -5.57332
0.489 -5.56507
0.492 -5.55681
0.495 -5.54855
0.498 -5.54029
0.501 -5.53203
0.504 -5.52376
0.507 -5.5155
0.51 -5.50723
0.513 -5.49897
0.516 -5.49071
0.519 -5.48244
0.522 -5.47418
0.525 -5.46593
0.528 -5.45767
0.531 -5.44942
0.534 -5.44117
0.537 -5.43292
0.54 -5.42468
0.543 -5.41644
0.546 -5.40821
0.549 -5.39999
0.552 -5.39177
0.555 -5.38355
0.558 -5.37535
0.561 -5.36715
0.564 -5.35896
0.567 -5.35077
0.57 -5.3426
0.573 -5.33444
0.576 -5.32628
0.579 -5.31813
0.582 -5.31
0.585 -5.30187
0.588 -5.29376
0.591 -5.28566
0.594 -5.27757
0.597 -5.26949
0.6 -5.26143
0.603 -5.25337
0.606 -5.24534
0.609 -5.23731
0.612 -5.2293
0.615 -5.2213
0.618 -5.21332
0.621 -5.20536
0.624 -5.19741
0.627 -5.18947
0.63 -5.18155
0.633 -5.17365
0.636 -5.16577
0.639 -5.1579
0.642 -5.15005
0.645 -5.14222
0.648 -5.1344
0.651 -5.12661
0.654 -5.11883
0.657 -5.11107
0.66 -5.10334
0.663 -5.09562
0.666 -5.08792
0.669 -5.08024
0.672 -5.07258
0.675 -5.06494
0.678 -5.05733
0.681 -5.04973
0.684 -5.04216
0.687 -5.0346
0.69 -5.02707
0.693 -5.01956
0.696 -5.01208
0.699 -5.00461
0.702 -4.99717
0.705 -4.98976
0.708 -4.98236
0.711 -4.97499
0.714 -4.96764
0.717 -4.96032
0.72 -4.95301
0.723 -4.94574
0.726 -4.93849
0.729 -4.93126
0.732 -4.92405
0.735 -4.91687
0.738 -4.90972
0.741 -4.90259
0.744 -4.89549
0.747 -4.88841
0.75 -4.88135
0.753 -4.87432
0.756 -4.86732
0.759 -4.86034
0.762 -4.85339
0.765 -4.84646
0.768 -4.83956
0.771 -4.83269
0.774 -4.82584
0.777 -4.81901
0.78 -4.81222
0.783 -4.80545
0.786 -4.7987
0.789 -4.79198
0.792 -4.78529
0.795 -4.77863
0.798 -4.77199
0.801 -4.76537
0.804 -4.75879
0.807 -4.75223
0.81 -4.74569
0.813 -4.73919
0.816 -4.73271
0.819 -4.72625
0.822 -4.71983
0.825 -4.71342
0.828 -4.70705
0.831 -4.7007
0.834 -4.69438
0.837 -4.68808
0.84 -4.68182
0.843 -4.67557
0.846 -4.66936
0.849 -4.66317
0.852 -4.65701
0.855 -4.65087
0.858 -4.64476
0.861 -4.63867
0.864 -4.63261
0.867 -4.62658
0.87 -4.62058
0.873 -4.61459
0.876 -4.60864
0.879 -4.60271
0.882 -4.59681
0.885 -4.59093
0.888 -4.58508
0.891 -4.57925
0.894 -4.57345
0.897 -4.56768
0.9 -4.56193
0.903 -4.5562
0.906 -4.5505
0.909 -4.54483
0.912 -4.53918
0.915 -4.53355
0.918 -4.52795
0.921 -4.52238
0.924 -4.51683
0.927 -4.5113
0.93 -4.5058
0.933 -4.50032
0.936 -4.49487
0.939 -4.48944
0.942 -4.48403
0.945 -4.47865
0.948 -4.47329
0.951 -4.46796
0.954 -4.46264
0.957 -4.45736
0.96 -4.45209
0.963 -4.44685
0.966 -4.44163
0.969 -4.43644
0.972 -4.43126
0.975 -4.42611
0.978 -4.42098
0.981 -4.41588
0.984 -4.41079
0.987 -4.40573
0.99 -4.40069
0.993 -4.39567
0.996 -4.39068
0.999 -4.3857
1.002 -4.38075
1.005 -4.37582
1.008 -4.37091
1.011 -4.36602
1.014 -4.36115
1.017 -4.3563
1.02 -4.35147
1.023 -4.34667
1.026 -4.34188
1.029 -4.33711
1.032 -4.33236
1.035 -4.32764
1.038 -4.32293
1.041 -4.31824
1.044 -4.31357
1.047 -4.30893
1.05 -4.3043
1.053 -4.29969
1.056 -4.29509
1.059 -4.29052
1.062 -4.28597
1.065 -4.28143
1.068 -4.27691
1.071 -4.27241
1.074 -4.26793
1.077 -4.26347
1.08 -4.25902
1.083 -4.25459
1.086 -4.25018
1.089 -4.24579
1.092 -4.24141
1.095 -4.23705
1.098 -4.23271
1.101 -4.22838
1.104 -4.22408
1.107 -4.21978
1.11 -4.21551
1.113 -4.21125
1.116 -4.207
1.119 -4.20277
1.122 -4.19856
1.125 -4.19436
1.128 -4.19018
1.131 -4.18601
1.134 -4.18186
1.137 -4.17773
1.14 -4.17361
1.143 -4.1695
1.146 -4.16541
1.149 -4.16133
1.152 -4.15727
1.155 -4.15322
1.158 -4.14918
1.161 -4.14516
1.164 -4.14115
1.167 -4.13716
1.17 -4.13318
1.173 -4.12921
1.176 -4.12526
1.179 -4.12132
1.182 -4.11739
1.185 -4.11348
1.188 -4.10958
1.191 -4.10569
1.194 -4.10181
1.197 -4.09795
1.2 -4.09409
1.203 -4.09025
1.206 -4.08643
1.209 -4.08261
1.212 -4.0788
1.215 -4.07501
1.218 -4.07123
1.221 -4.06746
1.224 -4.0637
1.227 -4.05995
1.23 -4.05621
1.233 -4.05249
1.236 -4.04877
1.239 -4.04507
1.242 -4.04137
1.245 -4.03769
1.248 -4.03401
1.251 -4.03035
1.254 -4.02669
1.257 -4.02305
1.26 -4.01941
1.263 -4.01579
1.266 -4.01217
1.269 -4.00857
1.272 -4.00497
1.275 -4.00138
1.278 -3.9978
1.281 -3.99423
1.284 -3.99067
1.287 -3.98712
1.29 -3.98357
1.293 -3.98004
1.296 -3.97651
1.299 -3.97299
1.302 -3.96948
1.305 -3.96598
1.308 -3.96248
1.311 -3.959
1.314 -3.95552
1.317 -3.95205
1.32 -3.94858
1.323 -3.94513
1.326 -3.94168
1.329 -3.93824
1.332 -3.9348
1.335 -3.93137
1.338 -3.92795
1.341 -3.92454
1.344 -3.92113
1.347 -3.91773
1.35 -3.91434
1.353 -3.91095
1.356 -3.90757
1.359 -3.9042
1.362 -3.90083
1.365 -3.89747
1.368 -3.89411
1.371 -3.89076
1.374 -3.88741
1.377 -3.88408
1.38 -3.88074
1.383 -3.87742
1.386 -3.8741
1.389 -3.87078
1.392 -3.86747
1.395 -3.86416
1.398 -3.86086
1.401 -3.85757
1.404 -3.85428
1.407 -3.851
1.41 -3.84772
1.413 -3.84444
1.416 -3.84117
1.419 -3.83791
1.422 -3.83465
1.425 -3.83139
1.428 -3.82814
1.431 -3.82489
1.434 -3.82165
1.437 -3.81841
1.44 -3.81518
1.443 -3.81195
1.446 -3.80872
1.449 -3.8055
1.452 -3.80229
1.455 -3.79907
1.458 -3.79586
1.461 -3.79266
1.464 -3.78946
1.467 -3.78626
1.47 -3.78307
1.473 -3.77988
1.476 -3.77669
1.479 -3.77351
1.482 -3.77033
1.485 -3.76716
1.488 -3.76398
1.491 -3.76082
1.494 -3.75765
1.497 -3.75449
1.5 -3.75133
1.503 -3.74818
1.506 -3.74503
1.509 -3.74188
1.512 -3.73873
1.515 -3.73559
1.518 -3.73245
1.521 -3.72932
1.524 -3.72619
1.527 -3.72306
1.53 -3.71993
1.533 -3.71681
1.536 -3.71369
1.539 -3.71057
1.542 -3.70746
1.545 -3.70435
1.548 -3.70124
1.551 -3.69813
1.554 -3.69503
1.557 -3.69193
1.56 -3.68883
1.563 -3.68574
1.566 -3.68265
1.569 -3.67956
1.572 -3.67648
1.575 -3.6734
1.578 -3.67032
1.581 -3.66724
1.584 -3.66417
1.587 -3.6611
1.59 -3.65803
1.593 -3.65496
1.596 -3.6519
1.599 -3.64884
1.602 -3.64579
1.605 -3.64274
1.608 -3.63968
1.611 -3.63664
1.614 -3.63359
1.617 -3.63055
1.62 -3.62751
1.623 -3.62448
1.626 -3.62145
1.629 -3.61842
1.632 -3.61539
1.635 -3.61237
1.638 -3.60935
1.641 -3.60633
1.644 -3.60332
1.647 -3.60031
1.65 -3.5973
1.653 -3.59429
1.656 -3.59129
1.659 -3.5883
1.662 -3.5853
1.665 -3.58231
1.668 -3.57932
1.671 -3.57634
1.674 -3.57336
1.677 -3.57038
1.68 -3.56741
1.683 -3.56444
1.686 -3.56147
1.689 -3.55851
1.692 -3.55555
1.695 -3.5526
1.698 -3.54965
1.701 -3.5467
1.704 -3.54376
1.707 -3.54082
1.71 -3.53788
1.713 -3.53495
1.716 -3.53203
1.719 -3.5291
1.722 -3.52619
1.725 -3.52327
1.728 -3.52036
1.731 -3.51746
1.734 -3.51456
1.737 -3.51166
1.74 -3.50877
1.743 -3.50589
1.746 -3.50301
1.749 -3.50013
1.752 -3.49726
1.755 -3.49439
1.758 -3.49153
1.761 -3.48868
1.764 -3.48583
1.767 -3.48298
1.77 -3.48014
1.773 -3.47731
1.776 -3.47448
1.779 -3.47166
1.782 -3.46884
1.785 -3.46603
1.788 -3.46322
1.791 -3.46042
1.794 -3.45763
1.797 -3.45484
1.8 -3.45206
1.803 -3.44929
1.806 -3.44652
1.809 -3.44376
1.812 -3.441
1.815 -3.43826
1.818 -3.43552
1.821 -3.43278
1.824 -3.43005
1.827 -3.42733
1.83 -3.42462
1.833 -3.42192
1.836 -3.41922
1.839 -3.41653
1.842 -3.41385
1.845 -3.41117
1.848 -3.40851
1.851 -3.40585
1.854 -3.4032
1.857 -3.40055
1.86 -3.39792
1.863 -3.39529
1.866 -3.39268
1.869 -3.39007
1.872 -3.38747
1.875 -3.38488
1.878 -3.38229
1.881 -3.37972
1.884 -3.37716
1.887 -3.3746
1.89 -3.37206
1.893 -3.36952
1.896 -3.36699
1.899 -3.36448
1.902 -3.36197
1.905 -3.35948
1.908 -3.35699
1.911 -3.35451
1.914 -3.35205
1.917 -3.34959
1.92 -3.34715
1.923 -3.34472
1.926 -3.34229
1.929 -3.33988
1.932 -3.33748
1.935 -3.33509
1.938 -3.33271
1.941 -3.33035
1.944 -3.32799
1.947 -3.32565
1.95 -3.32332
1.953 -3.321
1.956 -3.31869
1.959 -3.31639
1.962 -3.31411
1.965 -3.31184
1.968 -3.30958
1.971 -3.30734
1.974 -3.30511
1.977 -3.30289
1.98 -3.30068
1.983 -3.29849
1.986 -3.29631
1.989 -3.29414
1.992 -3.29199
1.995 -3.28985
1.998 -3.28772
2.001 -3.28561
2.004 -3.28352
2.007 -3.28143
2.01 -3.27936
2.013 -3.27731
2.016 -3.27527
2.019 -3.27324
2.022 -3.27123
2.025 -3.26924
2.028 -3.26726
2.031 -3.26529
2.034 -3.26334
2.037 -3.26141
2.04 -3.25949
2.043 -3.25758
2.046 -3.25569
2.049 -3.25382
2.052 -3.25196
2.055 -3.25012
2.058 -3.24829
2.061 -3.24648
2.064 -3.24469
2.067 -3.24291
2.07 -3.24115
2.073 -3.23941
2.076 -3.23768
2.079 -3.23597
2.082 -3.23428
2.085 -3.2326
2.088 -3.23094
2.091 -3.22929
2.094 -3.22767
2.097 -3.22606
2.1 -3.22446
2.103 -3.22289
2.106 -3.22133
2.109 -3.21979
2.112 -3.21827
2.115 -3.21676
2.118 -3.21527
2.121 -3.2138
2.124 -3.21235
2.127 -3.21091
2.13 -3.2095
2.133 -3.2081
2.136 -3.20671
2.139 -3.20535
2.142 -3.204
2.145 -3.20267
2.148 -3.20136
2.151 -3.20007
2.154 -3.1988
2.157 -3.19754
2.16 -3.1963
2.163 -3.19508
2.166 -3.19388
2.169 -3.19269
2.172 -3.19153
2.175 -3.19038
2.178 -3.18925
2.181 -3.18814
2.184 -3.18704
2.187 -3.18597
2.19 -3.18491
2.193 -3.18387
2.196 -3.18285
2.199 -3.18184
2.202 -3.18086
2.205 -3.17989
2.208 -3.17894
2.211 -3.17801
2.214 -3.17709
2.217 -3.1762
2.22 -3.17532
2.223 -3.17446
2.226 -3.17362
2.229 -3.17279
2.232 -3.17199
2.235 -3.1712
2.238 -3.17042
2.241 -3.16967
2.244 -3.16893
2.247 -3.16821
2.25 -3.16751
2.253 -3.16682
2.256 -3.16615
2.259 -3.1655
2.262 -3.16487
2.265 -3.16425
2.268 -3.16365
2.271 -3.16307
2.274 -3.1625
2.277 -3.16195
2.28 -3.16142
2.283 -3.1609
2.286 -3.1604
2.289 -3.15992
2.292 -3.15945
2.295 -3.159
2.298 -3.15856
2.301 -3.15814
2.304 -3.15773
2.307 -3.15734
2.31 -3.15697
2.313 -3.15661
2.316 -3.15627
2.319 -3.15594
2.322 -3.15563
2.325 -3.15533
2.328 -3.15505
2.331 -3.15478
2.334 -3.15453
2.337 -3.15429
2.34 -3.15407
2.343 -3.15386
2.346 -3.15366
2.349 -3.15348
2.352 -3.15332
2.355 -3.15316
2.358 -3.15302
2.361 -3.1529
2.364 -3.15278
2.367 -3.15268
2.37 -3.1526
2.373 -3.15252
2.376 -3.15246
2.379 -3.15242
2.382 -3.15238
2.385 -3.15236
2.388 -3.15235
2.391 -3.15235
2.394 -3.15236
2.397 -3.15239
2.4 -3.15243
2.403 -3.15248
2.406 -3.15254
2.409 -3.15261
2.412 -3.1527
2.415 -3.15279
2.418 -3.1529
2.421 -3.15301
2.424 -3.15314
2.427 -3.15328
2.43 -3.15343
2.433 -3.15359
2.436 -3.15376
2.439 -3.15394
2.442 -3.15413
2.445 -3.15433
2.448 -3.15454
2.451 -3.15476
2.454 -3.15498
2.457 -3.15522
2.46 -3.15547
2.463 -3.15572
2.466 -3.15599
2.469 -3.15626
2.472 -3.15654
2.475 -3.15683
2.478 -3.15713
2.481 -3.15744
2.484 -3.15775
2.487 -3.15808
2.49 -3.15841
2.493 -3.15875
2.496 -3.15909
2.499 -3.15945
2.502 -3.15981
2.505 -3.16018
2.508 -3.16055
2.511 -3.16093
2.514 -3.16132
2.517 -3.16172
2.52 -3.16212
2.523 -3.16253
2.526 -3.16295
2.529 -3.16337
2.532 -3.1638
2.535 -3.16423
2.538 -3.16467
2.541 -3.16512
2.544 -3.16557
2.547 -3.16602
2.55 -3.16649
2.553 -3.16695
2.556 -3.16743
2.559 -3.16791
2.562 -3.16839
2.565 -3.16888
2.568 -3.16937
2.571 -3.16987
2.574 -3.17037
2.577 -3.17088
2.58 -3.17139
2.583 -3.17191
2.586 -3.17243
2.589 -3.17295
2.592 -3.17348
2.595 -3.17401
2.598 -3.17455
2.601 -3.17509
2.604 -3.17563
2.607 -3.17618
2.61 -3.17673
2.613 -3.17728
2.616 -3.17784
2.619 -3.1784
2.622 -3.17896
2.625 -3.17953
2.628 -3.1801
2.631 -3.18067
2.634 -3.18125
2.637 -3.18183
2.64 -3.18241
2.643 -3.18299
2.646 -3.18358
2.649 -3.18416
2.652 -3.18475
2.655 -3.18535
2.658 -3.18594
2.661 -3.18654
2.664 -3.18714
2.667 -3.18774
2.67 -3.18834
2.673 -3.18895
2.676 -3.18956
2.679 -3.19016
2.682 -3.19077
2.685 -3.19139
2.688 -3.192
2.691 -3.19261
2.694 -3.19323
2.697 -3.19385
2.7 -3.19447
2.703 -3.19508
2.706 -3.19571
2.709 -3.19633
2.712 -3.19695
2.715 -3.19757
2.718 -3.1982
2.721 -3.19883
2.724 -3.19945
2.727 -3.20008
2.73 -3.20071
2.733 -3.20134
2.736 -3.20197
2.739 -3.2026
2.742 -3.20323
2.745 -3.20386
2.748 -3.20449
2.751 -3.20512
2.754 -3.20575
2.757 -3.20638
2.76 -3.20702
2.763 -3.20765
2.766 -3.20828
2.769 -3.20891
2.772 -3.20955
2.775 -3.21018
2.778 -3.21081
2.781 -3.21145
2.784 -3.21208
2.787 -3.21271
2.79 -3.21334
2.793 -3.21398
2.796 -3.21461
2.799 -3.21524
2.802 -3.21587
2.805 -3.2165
2.808 -3.21713
2.811 -3.21776
2.814 -3.21839
2.817 -3.21902
2.82 -3.21965
2.823 -3.22028
2.826 -3.22091
2.829 -3.22154
2.832 -3.22216
2.835 -3.22279
2.838 -3.22341
2.841 -3.22404
2.844 -3.22466
2.847 -3.22529
2.85 -3.22591
2.853 -3.22653
2.856 -3.22715
2.859 -3.22777
2.862 -3.22839
2.865 -3.22901
2.868 -3.22963
2.871 -3.23024
2.874 -3.23086
2.877 -3.23147
2.88 -3.23209
2.883 -3.2327
2.886 -3.23331
2.889 -3.23392
2.892 -3.23453
2.895 -3.23514
2.898 -3.23574
2.901 -3.23635
2.904 -3.23695
2.907 -3.23756
2.91 -3.23816
2.913 -3.23876
2.916 -3.23936
2.919 -3.23996
2.922 -3.24056
2.925 -3.24116
2.928 -3.24175
2.931 -3.24234
2.934 -3.24294
2.937 -3.24353
2.94 -3.24412
2.943 -3.24471
2.946 -3.24529
2.949 -3.24588
2.952 -3.24647
2.955 -3.24705
2.958 -3.24763
2.961 -3.24821
2.964 -3.24879
2.967 -3.24937
2.97 -3.24994
2.973 -3.25052
2.976 -3.25109
2.979 -3.25167
2.982 -3.25224
2.985 -3.25281
2.988 -3.25337
2.991 -3.25394
2.994 -3.2545
2.997 -3.25507
3 -3.25563
3.001 -10
