0 5
0.003 3.83161
0.006 3.83115
0.009 3.83068
0.012 3.83021
0.015 3.82974
0.018 3.82926
0.021 3.82878
0.024 3.8283
0.027 3.82782
0.03 3.82733
0.033 3.82684
0.036 3.82635
0.039 3.82586
0.042 3.82536
0.045 3.82486
0.048 3.82436
0.051 3.82386
0.054 3.82335
0.057 3.82284
0.06 3.82233
0.063 3.82182
0.066 3.8213
0.069 3.82078
0.072 3.82026
0.075 3.81974
0.078 3.81921
0.081 3.81868
0.084 3.81815
0.087 3.81761
0.09 3.81708
0.093 3.81654
0.096 3.816
0.099 3.81545
0.102 3.81491
0.105 3.81436
0.108 3.81381
0.111 3.81325
0.114 3.81269
0.117 3.81214
0.12 3.81157
0.123 3.81101
0.126 3.81044
0.129 3.80987
0.132 3.8093
0.135 3.80873
0.138 3.80815
0.141 3.80757
0.144 3.80699
0.147 3.8064
0.15 3.80582
0.153 3.80523
0.156 3.80464
0.159 3.80404
0.162 3.80345
0.165 3.80285
0.168 3.80225
0.171 3.80164
0.174 3.80103
0.177 3.80043
0.18 3.79981
0.183 3.7992
0.186 3.79859
0.189 3.79797
0.192 3.79735
0.195 3.79672
0.198 3.7961
0.201 3.79547
0.204 3.79484
0.207 3.79421
0.21 3.79357
0.213 3.79293
0.216 3.7923
0.219 3.79165
0.222 3.79101
0.225 3.79036
0.228 3.78971
0.231 3.78906
0.234 3.78841
0.237 3.78775
0.24 3.7871
0.243 3.78644
0.246 3.78578
0.249 3.78511
0.252 3.78444
0.255 3.78378
0.258 3.78311
0.261 3.78243
0.264 3.78176
0.267 3.78108
0.27 3.7804
0.273 3.77972
0.276 3.77904
0.279 3.77835
0.282 3.77766
0.285 3.77697
0.288 3.77628
0.291 3.77559
0.294 3.77489
0.297 3.7742
0.3 3.7735
0.303 3.7728
0.306 3.77209
0.309 3.77139
0.312 3.77068
0.315 3.76997
0.318 3.76926
0.321 3.76855
0.324 3.76783
0.327 3.76711
0.33 3.7664
0.333 3.76568
0.336 3.76495
0.339 3.76423
0.342 3.7635
0.345 3.76278
0.348 3.76205
0.351 3.76132
0.354 3.76058
0.357 3.75985
0.36 3.75911
0.363 3.75838
0.366 3.75764
0.369 3.7569
0.372 3.75615
0.375 3.75541
0.378 3.75466
0.381 3.75391
0.384 3.75316
0.387 3.75241
0.39 3.75166
0.393 3.75091
0.396 3.75015
0.399 3.74939
0.402 3.74864
0.405 3.74788
0.408 3.74711
0.411 3.74635
0.414 3.74559
0.417 3.74482
0.42 3.74405
0.423 3.74328
0.426 3.74251
0.429 3.74174
0.432 3.74097
0.435 3.74019
0.438 3.73941
0.441 3.73864
0.444 3.73786
0.447 3.73708
0.45 3.73629
0.453 3.73551
0.456 3.73473
0.459 3.73394
0.462 3.73315
0.465 3.73236
0.468 3.73157
0.471 3.73078
0.474 3.72999
0.477 3.7292
0.48 3.7284
0.483 3.7276
0.486 3.7268
0.489 3.72601
0.492 3.7252
0.495 3.7244
0.498 3.7236
0.501 3.72279
0.504 3.72199
0.507 3.72118
0.51 3.72037
0.513 3.71956
0.516 3.71875
0.519 3.71794
0.522 3.71712
0.525 3.71631
0.528 3.71549
0.531 3.71468
0.534 3.71386
0.537 3.71304
0.54 3.71222
0.543 3.71139
0.546 3.71057
0.549 3.70974
0.552 3.70892
0.555 3.70809
0.558 3.70726
0.561 3.70643
0.564 3.7056
0.567 3.70477
0.57 3.70393
0.573 3.7031
0.576 3.70226
0.579 3.70142
0.582 3.70058
0.585 3.69974
0.588 3.6989
0.591 3.69806
0.594 3.69721
0.597 3.69637
0.6 3.69552
0.603 3.69467
0.606 3.69382
0.609 3.69297
0.612 3.69212
0.615 3.69127
0.618 3.69041
0.621 3.68956
0.624 3.6887
0.627 3.68784
0.63 3.68698
0.633 3.68612
0.636 3.68526
0.639 3.68439
0.642 3.68353
0.645 3.68266
0.648 3.68179
0.651 3.68092
0.654 3.68005
0.657 3.67918
0.66 3.67831
0.663 3.67743
0.666 3.67656
0.669 3.67568
0.672 3.6748
0.675 3.67392
0.678 3.67304
0.681 3.67216
0.684 3.67127
0.687 3.67039
0.69 3.6695
0.693 3.66861
0.696 3.66772
0.699 3.66683
0.702 3.66594
0.705 3.66505
0.708 3.66415
0.711 3.66326
0.714 3.66236
0.717 3.66146
0.72 3.66056
0.723 3.65966
0.726 3.65876
0.729 3.65785
0.732 3.65695
0.735 3.65604
0.738 3.65513
0.741 3.65422
0.744 3.65331
0.747 3.6524
0.75 3.65149
0.753 3.65057
0.756 3.64965
0.759 3.64874
0.762 3.64782
0.765 3.6469
0.768 3.64597
0.771 3.64505
0.774 3.64413
0.777 3.6432
0.78 3.64227
0.783 3.64134
0.786 3.64041
0.789 3.63948
0.792 3.63855
0.795 3.63762
0.798 3.63668
0.801 3.63574
0.804 3.6348
0.807 3.63386
0.81 3.63292
0.813 3.63198
0.816 3.63104
0.819 3.63009
0.822 3.62915
0.825 3.6282
0.828 3.62725
0.831 3.6263
0.834 3.62535
0.837 3.6244
0.84 3.62344
0.843 3.62249
0.846 3.62153
0.849 3.62057
0.852 3.61961
0.855 3.61865
0.858 3.61769
0.861 3.61672
0.864 3.61576
0.867 3.61479
0.87 3.61382
0.873 3.61286
0.876 3.61189
0.879 3.61091
0.882 3.60994
0.885 3.60897
0.888 3.60799
0.891 3.60702
0.894 3.60604
0.897 3.60506
0.9 3.60408
0.903 3.6031
0.906 3.60211
0.909 3.60113
0.912 3.60014
0.915 3.59916
0.918 3.59817
0.921 3.59718
0.924 3.59619
0.927 3.5952
0.93 3.5942
0.933 3.59321
0.936 3.59221
0.939 3.59121
0.942 3.59022
0.945 3.58922
0.948 3.58821
0.951 3.58721
0.954 3.58621
0.957 3.5852
0.96 3.5842
0.963 3.58319
0.966 3.58218
0.969 3.58117
0.972 3.58016
0.975 3.57915
0.978 3.57813
0.981 3.57712
0.984 3.5761
0.987 3.57508
0.99 3.57406
0.993 3.57304
0.996 3.57202
0.999 3.571
1.002 3.56997
1.005 3.56895
1.008 3.56792
1.011 3.56689
1.014 3.56586
1.017 3.56483
1.02 3.5638
1.023 3.56276
1.026 3.56173
1.029 3.56069
1.032 3.55965
1.035 3.55861
1.038 3.55757
1.041 3.55653
1.044 3.55549
1.047 3.55444
1.05 3.5534
1.053 3.55235
1.056 3.5513
1.059 3.55025
1.062 3.5492
1.065 3.54814
1.068 3.54709
1.071 3.54603
1.074 3.54497
1.077 3.54391
1.08 3.54285
1.083 3.54179
1.086 3.54073
1.089 3.53966
1.092 3.5386
1.095 3.53753
1.098 3.53646
1.101 3.53538
1.104 3.53431
1.107 3.53324
1.11 3.53216
1.113 3.53108
1.116 3.53
1.119 3.52892
1.122 3.52784
1.125 3.52675
1.128 3.52567
1.131 3.52458
1.134 3.52349
1.137 3.5224
1.14 3.52131
1.143 3.52021
1.146 3.51911
1.149 3.51802
1.152 3.51691
1.155 3.51581
1.158 3.51471
1.161 3.5136
1.164 3.5125
1.167 3.51139
1.17 3.51027
1.173 3.50916
1.176 3.50805
1.179 3.50693
1.182 3.50581
1.185 3.50469
1.188 3.50356
1.191 3.50244
1.194 3.50131
1.197 3.50018
1.2 3.49905
1.203 3.49792
1.206 3.49678
1.209 3.49564
1.212 3.4945
1.215 3.49336
1.218 3.49222
1.221 3.49107
1.224 3.48992
1.227 3.48877
1.23 3.48761
1.233 3.48646
1.236 3.4853
1.239 3.48414
1.242 3.48297
1.245 3.48181
1.248 3.48064
1.251 3.47947
1.254 3.4783
1.257 3.47712
1.26 3.47594
1.263 3.47476
1.266 3.47358
1.269 3.47239
1.272 3.4712
1.275 3.47001
1.278 3.46882
1.281 3.46762
1.284 3.46642
1.287 3.46522
1.29 3.46401
1.293 3.4628
1.296 3.46159
1.299 3.46038
1.302 3.45916
1.305 3.45794
1.308 3.45672
1.311 3.45549
1.314 3.45426
1.317 3.45303
1.32 3.45179
1.323 3.45055
1.326 3.44931
1.329 3.44807
1.332 3.44682
1.335 3.44557
1.338 3.44431
1.341 3.44305
1.344 3.44179
1.347 3.44053
1.35 3.43926
1.353 3.43799
1.356 3.43671
1.359 3.43543
1.362 3.43415
1.365 3.43286
1.368 3.43157
1.371 3.43028
1.374 3.42898
1.377 3.42768
1.38 3.42637
1.383 3.42507
1.386 3.42375
1.389 3.42244
1.392 3.42112
1.395 3.41979
1.398 3.41846
1.401 3.41713
1.404 3.4158
1.407 3.41446
1.41 3.41311
1.413 3.41176
1.416 3.41041
1.419 3.40905
1.422 3.40769
1.425 3.40633
1.428 3.40496
1.431 3.40358
1.434 3.40221
1.437 3.40082
1.44 3.39944
1.443 3.39805
1.446 3.39665
1.449 3.39525
1.452 3.39384
1.455 3.39243
1.458 3.39102
1.461 3.3896
1.464 3.38818
1.467 3.38675
1.47 3.38532
1.473 3.38388
1.476 3.38244
1.479 3.38099
1.482 3.37954
1.485 3.37808
1.488 3.37662
1.491 3.37515
1.494 3.37368
1.497 3.3722
1.5 3.37072
1.503 3.36924
1.506 3.36774
1.509 3.36625
1.512 3.36474
1.515 3.36324
1.518 3.36173
1.521 3.36021
1.524 3.35868
1.527 3.35716
1.53 3.35562
1.533 3.35409
1.536 3.35254
1.539 3.35099
1.542 3.34944
1.545 3.34788
1.548 3.34631
1.551 3.34474
1.554 3.34317
1.557 3.34158
1.56 3.34
1.563 3.3384
1.566 3.33681
1.569 3.3352
1.572 3.33359
1.575 3.33198
1.578 3.33036
1.581 3.32873
1.584 3.3271
1.587 3.32546
1.59 3.32382
1.593 3.32217
1.596 3.32052
1.599 3.31886
1.602 3.3172
1.605 3.31552
1.608 3.31385
1.611 3.31217
1.614 3.31048
1.617 3.30879
1.62 3.30709
1.623 3.30538
1.626 3.30367
1.629 3.30196
1.632 3.30023
1.635 3.29851
1.638 3.29677
1.641 3.29504
1.644 3.29329
1.647 3.29154
1.65 3.28979
1.653 3.28803
1.656 3.28626
1.659 3.28449
1.662 3.28271
1.665 3.28093
1.668 3.27914
1.671 3.27734
1.674 3.27554
1.677 3.27374
1.68 3.27193
1.683 3.27011
1.686 3.26829
1.689 3.26646
1.692 3.26463
1.695 3.26279
1.698 3.26095
1.701 3.2591
1.704 3.25725
1.707 3.25539
1.71 3.25353
1.713 3.25166
1.716 3.24978
1.719 3.24791
1.722 3.24602
1.725 3.24413
1.728 3.24224
1.731 3.24034
1.734 3.23844
1.737 3.23653
1.74 3.23462
1.743 3.2327
1.746 3.23078
1.749 3.22885
1.752 3.22692
1.755 3.22498
1.758 3.22304
1.761 3.2211
1.764 3.21915
1.767 3.21719
1.77 3.21524
1.773 3.21328
1.776 3.21131
1.779 3.20934
1.782 3.20737
1.785 3.20539
1.788 3.20341
1.791 3.20142
1.794 3.19944
1.797 3.19745
1.8 3.19545
1.803 3.19345
1.806 3.19145
1.809 3.18945
1.812 3.18744
1.815 3.18543
1.818 3.18341
1.821 3.1814
1.824 3.17938
1.827 3.17736
1.83 3.17533
1.833 3.17331
1.836 3.17128
1.839 3.16925
1.842 3.16721
1.845 3.16518
1.848 3.16314
1.851 3.1611
1.854 3.15906
1.857 3.15702
1.86 3.15498
1.863 3.15293
1.866 3.15089
1.869 3.14884
1.872 3.14679
1.875 3.14474
1.878 3.14269
1.881 3.14064
1.884 3.13859
1.887 3.13654
1.89 3.13449
1.893 3.13244
1.896 3.13038
1.899 3.12833
1.902 3.12628
1.905 3.12423
1.908 3.12218
1.911 3.12013
1.914 3.11808
1.917 3.11603
1.92 3.11399
1.923 3.11194
1.926 3.1099
1.929 3.10785
1.932 3.10581
1.935 3.10377
1.938 3.10173
1.941 3.0997
1.944 3.09766
1.947 3.09563
1.95 3.0936
1.953 3.09158
1.956 3.08955
1.959 3.08753
1.962 3.08552
1.965 3.0835
1.968 3.08149
1.971 3.07948
1.974 3.07748
1.977 3.07548
1.98 3.07348
1.983 3.07149
1.986 3.0695
1.989 3.06752
1.992 3.06554
1.995 3.06357
1.998 3.0616
2.001 3.05963
2.004 3.05767
2.007 3.05572
2.01 3.05377
2.013 3.05182
2.016 3.04988
2.019 3.04795
2.022 3.04602
2.025 3.0441
2.028 3.04219
2.031 3.04028
2.034 3.03838
2.037 3.03648
2.04 3.0346
2.043 3.03271
2.046 3.03084
2.049 3.02897
2.052 3.02711
2.055 3.02526
2.058 3.02341
2.061 3.02157
2.064 3.01974
2.067 3.01792
2.07 3.01611
2.073 3.0143
2.076 3.0125
2.079 3.01071
2.082 3.00893
2.085 3.00716
2.088 3.0054
2.091 3.00364
2.094 3.0019
2.097 3.00016
2.1 2.99843
2.103 2.99671
2.106 2.995
2.109 2.9933
2.112 2.99161
2.115 2.98993
2.118 2.98826
2.121 2.9866
2.124 2.98495
2.127 2.9833
2.13 2.98167
2.133 2.98005
2.136 2.97844
2.139 2.97684
2.142 2.97525
2.145 2.97367
2.148 2.9721
2.151 2.97054
2.154 2.96899
2.157 2.96745
2.16 2.96592
2.163 2.96441
2.166 2.9629
2.169 2.96141
2.172 2.95992
2.175 2.95845
2.178 2.95699
2.181 2.95554
2.184 2.9541
2.187 2.95267
2.19 2.95125
2.193 2.94985
2.196 2.94845
2.199 2.94707
2.202 2.9457
2.205 2.94434
2.208 2.94299
2.211 2.94165
2.214 2.94032
2.217 2.93901
2.22 2.9377
2.223 2.93641
2.226 2.93513
2.229 2.93386
2.232 2.93261
2.235 2.93136
2.238 2.93012
2.241 2.9289
2.244 2.92769
2.247 2.92649
2.25 2.9253
2.253 2.92412
2.256 2.92296
2.259 2.9218
2.262 2.92066
2.265 2.91953
2.268 2.91841
2.271 2.9173
2.274 2.9162
2.277 2.91512
2.28 2.91404
2.283 2.91298
2.286 2.91193
2.289 2.91089
2.292 2.90986
2.295 2.90884
2.298 2.90783
2.301 2.90683
2.304 2.90585
2.307 2.90487
2.31 2.90391
2.313 2.90296
2.316 2.90201
2.319 2.90108
2.322 2.90016
2.325 2.89925
2.328 2.89835
2.331 2.89747
2.334 2.89659
2.337 2.89572
2.34 2.89486
2.343 2.89402
2.346 2.89318
2.349 2.89235
2.352 2.89154
2.355 2.89073
2.358 2.88994
2.361 2.88915
2.364 2.88837
2.367 2.88761
2.37 2.88685
2.373 2.88611
2.376 2.88537
2.379 2.88464
2.382 2.88392
2.385 2.88322
2.388 2.88252
2.391 2.88183
2.394 2.88115
2.397 2.88048
2.4 2.87982
2.403 2.87916
2.406 2.87852
2.409 2.87789
2.412 2.87726
2.415 2.87664
2.418 2.87604
2.421 2.87544
2.424 2.87485
2.427 2.87426
2.43 2.87369
2.433 2.87312
2.436 2.87257
2.439 2.87202
2.442 2.87148
2.445 2.87094
2.448 2.87042
2.451 2.8699
2.454 2.86939
2.457 2.86889
2.46 2.8684
2.463 2.86791
2.466 2.86743
2.469 2.86696
2.472 2.8665
2.475 2.86604
2.478 2.86559
2.481 2.86515
2.484 2.86471
2.487 2.86428
2.49 2.86386
2.493 2.86345
2.496 2.86304
2.499 2.86264
2.502 2.86225
2.505 2.86186
2.508 2.86148
2.511 2.8611
2.514 2.86074
2.517 2.86037
2.52 2.86002
2.523 2.85967
2.526 2.85932
2.529 2.85899
2.532 2.85866
2.535 2.85833
2.538 2.85801
2.541 2.8577
2.544 2.85739
2.547 2.85708
2.55 2.85679
2.553 2.85649
2.556 2.85621
2.559 2.85593
2.562 2.85565
2.565 2.85538
2.568 2.85512
2.571 2.85485
2.574 2.8546
2.577 2.85435
2.58 2.8541
2.583 2.85386
2.586 2.85363
2.589 2.8534
2.592 2.85317
2.595 2.85295
2.598 2.85273
2.601 2.85252
2.604 2.85231
2.607 2.8521
2.61 2.8519
2.613 2.85171
2.616 2.85152
2.619 2.85133
2.622 2.85115
2.625 2.85097
2.628 2.85079
2.631 2.85062
2.634 2.85045
2.637 2.85029
2.64 2.85013
2.643 2.84997
2.646 2.84982
2.649 2.84967
2.652 2.84952
2.655 2.84938
2.658 2.84924
2.661 2.84911
2.664 2.84898
2.667 2.84885
2.67 2.84872
2.673 2.8486
2.676 2.84848
2.679 2.84837
2.682 2.84825
2.685 2.84814
2.688 2.84804
2.691 2.84793
2.694 2.84783
2.697 2.84773
2.7 2.84764
2.703 2.84755
2.706 2.84746
2.709 2.84737
2.712 2.84728
2.715 2.8472
2.718 2.84712
2.721 2.84705
2.724 2.84697
2.727 2.8469
2.73 2.84683
2.733 2.84676
2.736 2.8467
2.739 2.84664
2.742 2.84658
2.745 2.84652
2.748 2.84646
2.751 2.84641
2.754 2.84636
2.757 2.84631
2.76 2.84626
2.763 2.84622
2.766 2.84617
2.769 2.84613
2.772 2.84609
2.775 2.84606
2.778 2.84602
2.781 2.84599
2.784 2.84596
2.787 2.84593
2.79 2.8459
2.793 2.84587
2.796 2.84585
2.799 2.84582
2.802 2.8458
2.805 2.84578
2.808 2.84576
2.811 2.84575
2.814 2.84573
2.817 2.84572
2.82 2.8457
2.823 2.84569
2.826 2.84568
2.829 2.84568
2.832 2.84567
2.835 2.84566
2.838 2.84566
2.841 2.84566
2.844 2.84566
2.847 2.84566
2.85 2.84566
2.853 2.84566
2.856 2.84566
2.859 2.84567
2.862 2.84568
2.865 2.84568
2.868 2.84569
2.871 2.8457
2.874 2.84571
2.877 2.84572
2.88 2.84573
2.883 2.84575
2.886 2.84576
2.889 2.84578
2.892 2.8458
2.895 2.84581
2.898 2.84583
2.901 2.84585
2.904 2.84587
2.907 2.84589
2.91 2.84591
2.913 2.84594
2.916 2.84596
2.919 2.84599
2.922 2.84601
2.925 2.84604
2.928 2.84606
2.931 2.84609
2.934 2.84612
2.937 2.84615
2.94 2.84618
2.943 2.84621
2.946 2.84624
2.949 2.84627
2.952 2.8463
2.955 2.84634
2.958 2.84637
2.961 2.84641
2.964 2.84644
2.967 2.84648
2.97 2.84651
2.973 2.84655
2.976 2.84659
2.979 2.84662
2.982 2.84666
2.985 2.8467
2.988 2.84674
2.991 2.84678
2.994 2.84682
2.997 2.84686
3 2.8469
3.001 5
