0 0
0.003 0.20914
0.006 0.210004
0.009 0.210872
0.012 0.211747
0.015 0.212627
0.018 0.213512
0.021 0.214403
0.024 0.2153
0.027 0.216203
0.03 0.217111
0.033 0.218025
0.036 0.218946
0.039 0.219872
0.042 0.220803
0.045 0.221741
0.048 0.222685
0.051 0.223635
0.054 0.224591
0.057 0.225554
0.06 0.226522
0.063 0.227496
0.066 0.228477
0.069 0.229464
0.072 0.230458
0.075 0.231458
0.078 0.232464
0.081 0.233477
0.084 0.234496
0.087 0.235522
0.09 0.236554
0.093 0.237593
0.096 0.238639
0.099 0.239691
0.102 0.24075
0.105 0.241816
0.108 0.242889
0.111 0.243968
0.114 0.245055
0.117 0.246148
0.12 0.247249
0.123 0.248356
0.126 0.249471
0.129 0.250593
0.132 0.251722
0.135 0.252858
0.138 0.254002
0.141 0.255153
0.144 0.256311
0.147 0.257477
0.15 0.25865
0.153 0.259831
0.156 0.261019
0.159 0.262215
0.162 0.263418
0.165 0.26463
0.168 0.265849
0.171 0.267075
0.174 0.26831
0.177 0.269553
0.18 0.270803
0.183 0.272061
0.186 0.273328
0.189 0.274602
0.192 0.275885
0.195 0.277176
0.198 0.278475
0.201 0.279782
0.204 0.281098
0.207 0.282422
0.21 0.283754
0.213 0.285095
0.216 0.286445
0.219 0.287803
0.222 0.289169
0.225 0.290545
0.228 0.291929
0.231 0.293321
0.234 0.294723
0.237 0.296133
0.24 0.297553
0.243 0.298981
0.246 0.300418
0.249 0.301865
0.252 0.30332
0.255 0.304785
0.258 0.306258
0.261 0.307741
0.264 0.309234
0.267 0.310735
0.27 0.312247
0.273 0.313767
0.276 0.315297
0.279 0.316837
0.282 0.318386
0.285 0.319945
0.288 0.321513
0.291 0.323092
0.294 0.32468
0.297 0.326278
0.3 0.327886
0.303 0.329503
0.306 0.331131
0.309 0.332769
0.312 0.334417
0.315 0.336075
0.318 0.337743
0.321 0.339421
0.324 0.34111
0.327 0.342809
0.33 0.344518
0.333 0.346238
0.336 0.347968
0.339 0.349709
0.342 0.351461
0.345 0.353223
0.348 0.354995
0.351 0.356778
0.354 0.358572
0.357 0.360377
0.36 0.362193
0.363 0.364019
0.366 0.365857
0.369 0.367705
0.372 0.369565
0.375 0.371435
0.378 0.373317
0.381 0.375209
0.384 0.377113
0.387 0.379028
0.39 0.380955
0.393 0.382892
0.396 0.384841
0.399 0.386802
0.402 0.388774
0.405 0.390757
0.408 0.392752
0.411 0.394758
0.414 0.396776
0.417 0.398805
0.42 0.400847
0.423 0.402899
0.426 0.404964
0.429 0.40704
0.432 0.409129
0.435 0.411228
0.438 0.41334
0.441 0.415464
0.444 0.4176
0.447 0.419747
0.45 0.421907
0.453 0.424079
0.456 0.426262
0.459 0.428458
0.462 0.430666
0.465 0.432886
0.468 0.435118
0.471 0.437363
0.474 0.439619
0.477 0.441888
0.48 0.444169
0.483 0.446463
0.486 0.448768
0.489 0.451086
0.492 0.453417
0.495 0.45576
0.498 0.458115
0.501 0.460483
0.504 0.462863
0.507 0.465255
0.51 0.46766
0.513 0.470078
0.516 0.472508
0.519 0.474951
0.522 0.477406
0.525 0.479873
0.528 0.482354
0.531 0.484846
0.534 0.487352
0.537 0.48987
0.54 0.4924
0.543 0.494944
0.546 0.497499
0.549 0.500068
0.552 0.502649
0.555 0.505243
0.558 0.507849
0.561 0.510468
0.564 0.5131
0.567 0.515744
0.57 0.518401
0.573 0.52107
0.576 0.523753
0.579 0.526448
0.582 0.529155
0.585 0.531875
0.588 0.534608
0.591 0.537353
0.594 0.540111
0.597 0.542882
0.6 0.545665
0.603 0.54846
0.606 0.551269
0.609 0.55409
0.612 0.556923
0.615 0.559769
0.618 0.562627
0.621 0.565498
0.624 0.568381
0.627 0.571277
0.63 0.574185
0.633 0.577106
0.636 0.580039
0.639 0.582984
0.642 0.585942
0.645 0.588912
0.648 0.591894
0.651 0.594889
0.654 0.597896
0.657 0.600915
0.66 0.603946
0.663 0.60699
0.666 0.610045
0.669 0.613113
0.672 0.616192
0.675 0.619284
0.678 0.622388
0.681 0.625503
0.684 0.628631
0.687 0.63177
0.69 0.634921
0.693 0.638085
0.696 0.641259
0.699 0.644446
0.702 0.647644
0.705 0.650854
0.708 0.654075
0.711 0.657308
0.714 0.660553
0.717 0.663809
0.72 0.667076
0.723 0.670355
0.726 0.673645
0.729 0.676947
0.732 0.680259
0.735 0.683583
0.738 0.686918
0.741 0.690264
0.744 0.693621
0.747 0.696989
0.75 0.700367
0.753 0.703757
0.756 0.707158
0.759 0.710569
0.762 0.713991
0.765 0.717423
0.768 0.720867
0.771 0.72432
0.774 0.727784
0.777 0.731259
0.78 0.734744
0.783 0.738239
0.786 0.741745
0.789 0.74526
0.792 0.748786
0.795 0.752322
0.798 0.755868
0.801 0.759423
0.804 0.762989
0.807 0.766564
0.81 0.770149
0.813 0.773744
0.816 0.777349
0.819 0.780963
0.822 0.784586
0.825 0.788219
0.828 0.791861
0.831 0.795513
0.834 0.799173
0.837 0.802843
0.84 0.806523
0.843 0.810211
0.846 0.813908
0.849 0.817614
0.852 0.821329
0.855 0.825052
0.858 0.828785
0.861 0.832526
0.864 0.836275
0.867 0.840033
0.87 0.8438
0.873 0.847575
0.876 0.851358
0.879 0.85515
0.882 0.858949
0.885 0.862757
0.888 0.866573
0.891 0.870397
0.894 0.874229
0.897 0.878069
0.9 0.881917
0.903 0.885772
0.906 0.889635
0.909 0.893506
0.912 0.897384
0.915 0.90127
0.918 0.905163
0.921 0.909064
0.924 0.912972
0.927 0.916887
0.93 0.92081
0.933 0.924739
0.936 0.928676
0.939 0.93262
0.942 0.936571
0.945 0.940528
0.948 0.944493
0.951 0.948464
0.954 0.952442
0.957 0.956427
0.96 0.960418
0.963 0.964416
0.966 0.968421
0.969 0.972432
0.972 0.976449
0.975 0.980473
0.978 0.984503
0.981 0.98854
0.984 0.992583
0.987 0.996631
0.99 1.00069
0.993 1.00475
0.996 1.00881
0.999 1.01289
1.002 1.01697
1.005 1.02105
1.008 1.02514
1.011 1.02924
1.014 1.03334
1.017 1.03745
1.02 1.04156
1.023 1.04568
1.026 1.04981
1.029 1.05394
1.032 1.05808
1.035 1.06222
1.038 1.06636
1.041 1.07052
1.044 1.07468
1.047 1.07884
1.05 1.08301
1.053 1.08718
1.056 1.09136
1.059 1.09555
1.062 1.09974
1.065 1.10393
1.068 1.10813
1.071 1.11234
1.074 1.11655
1.077 1.12076
1.08 1.12498
1.083 1.12921
1.086 1.13344
1.089 1.13768
1.092 1.14192
1.095 1.14616
1.098 1.15041
1.101 1.15467
1.104 1.15893
1.107 1.16319
1.11 1.16747
1.113 1.17174
1.116 1.17602
1.119 1.18031
1.122 1.1846
1.125 1.18889
1.128 1.19319
1.131 1.1975
1.134 1.20181
1.137 1.20612
1.14 1.21044
1.143 1.21476
1.146 1.21909
1.149 1.22343
1.152 1.22776
1.155 1.23211
1.158 1.23646
1.161 1.24081
1.164 1.24517
1.167 1.24953
1.17 1.2539
1.173 1.25827
1.176 1.26265
1.179 1.26703
1.182 1.27142
1.185 1.27581
1.188 1.28021
1.191 1.28461
1.194 1.28902
1.197 1.29343
1.2 1.29785
1.203 1.30227
1.206 1.3067
1.209 1.31113
1.212 1.31557
1.215 1.32001
1.218 1.32446
1.221 1.32892
1.224 1.33337
1.227 1.33784
1.23 1.34231
1.233 1.34678
1.236 1.35126
1.239 1.35575
1.242 1.36024
1.245 1.36473
1.248 1.36924
1.251 1.37374
1.254 1.37826
1.257 1.38277
1.26 1.3873
1.263 1.39183
1.266 1.39636
1.269 1.4009
1.272 1.40545
1.275 1.41
1.278 1.41456
1.281 1.41913
1.284 1.4237
1.287 1.42828
1.29 1.43286
1.293 1.43745
1.296 1.44204
1.299 1.44664
1.302 1.45125
1.305 1.45586
1.308 1.46049
1.311 1.46511
1.314 1.46975
1.317 1.47438
1.32 1.47903
1.323 1.48368
1.326 1.48834
1.329 1.49301
1.332 1.49768
1.335 1.50236
1.338 1.50705
1.341 1.51175
1.344 1.51645
1.347 1.52116
1.35 1.52587
1.353 1.5306
1.356 1.53533
1.359 1.54006
1.362 1.54481
1.365 1.54956
1.368 1.55432
1.371 1.55909
1.374 1.56387
1.377 1.56865
1.38 1.57344
1.383 1.57824
1.386 1.58305
1.389 1.58787
1.392 1.59269
1.395 1.59752
1.398 1.60236
1.401 1.60721
1.404 1.61207
1.407 1.61694
1.41 1.62181
1.413 1.62669
1.416 1.63159
1.419 1.63649
1.422 1.6414
1.425 1.64632
1.428 1.65125
1.431 1.65618
1.434 1.66113
1.437 1.66609
1.44 1.67105
1.443 1.67603
1.446 1.68101
1.449 1.686
1.452 1.69101
1.455 1.69602
1.458 1.70105
1.461 1.70608
1.464 1.71112
1.467 1.71618
1.47 1.72124
1.473 1.72632
1.476 1.7314
1.479 1.73649
1.482 1.7416
1.485 1.74672
1.488 1.75184
1.491 1.75698
1.494 1.76213
1.497 1.76729
1.5 1.77246
1.503 1.77764
1.506 1.78284
1.509 1.78804
1.512 1.79325
1.515 1.79848
1.518 1.80372
1.521 1.80897
1.524 1.81423
1.527 1.81951
1.53 1.82479
1.533 1.83009
1.536 1.8354
1.539 1.84072
1.542 1.84605
1.545 1.8514
1.548 1.85676
1.551 1.86213
1.554 1.86751
1.557 1.8729
1.56 1.87831
1.563 1.88373
1.566 1.88916
1.569 1.89461
1.572 1.90007
1.575 1.90554
1.578 1.91102
1.581 1.91652
1.584 1.92203
1.587 1.92756
1.59 1.93309
1.593 1.93864
1.596 1.94421
1.599 1.94979
1.602 1.95538
1.605 1.96098
1.608 1.9666
1.611 1.97223
1.614 1.97788
1.617 1.98353
1.62 1.98921
1.623 1.99489
1.626 2.0006
1.629 2.00631
1.632 2.01204
1.635 2.01778
1.638 2.02354
1.641 2.02931
1.644 2.0351
1.647 2.0409
1.65 2.04671
1.653 2.05254
1.656 2.05838
1.659 2.06424
1.662 2.07011
1.665 2.07599
1.668 2.08189
1.671 2.08781
1.674 2.09374
1.677 2.09968
1.68 2.10564
1.683 2.11161
1.686 2.1176
1.689 2.1236
1.692 2.12962
1.695 2.13565
1.698 2.1417
1.701 2.14776
1.704 2.15383
1.707 2.15992
1.71 2.16603
1.713 2.17215
1.716 2.17828
1.719 2.18443
1.722 2.19059
1.725 2.19677
1.728 2.20296
1.731 2.20917
1.734 2.21539
1.737 2.22162
1.74 2.22787
1.743 2.23414
1.746 2.24042
1.749 2.24671
1.752 2.25302
1.755 2.25934
1.758 2.26567
1.761 2.27202
1.764 2.27839
1.767 2.28477
1.77 2.29116
1.773 2.29757
1.776 2.30399
1.779 2.31042
1.782 2.31687
1.785 2.32333
1.788 2.32981
1.791 2.33629
1.794 2.3428
1.797 2.34931
1.8 2.35584
1.803 2.36238
1.806 2.36894
1.809 2.37551
1.812 2.38209
1.815 2.38868
1.818 2.39529
1.821 2.40191
1.824 2.40854
1.827 2.41519
1.83 2.42184
1.833 2.42851
1.836 2.43519
1.839 2.44188
1.842 2.44859
1.845 2.4553
1.848 2.46203
1.851 2.46877
1.854 2.47552
1.857 2.48228
1.86 2.48905
1.863 2.49583
1.866 2.50263
1.869 2.50943
1.872 2.51624
1.875 2.52307
1.878 2.5299
1.881 2.53674
1.884 2.5436
1.887 2.55046
1.89 2.55733
1.893 2.56421
1.896 2.5711
1.899 2.57799
1.902 2.5849
1.905 2.59181
1.908 2.59873
1.911 2.60566
1.914 2.6126
1.917 2.61955
1.92 2.6265
1.923 2.63345
1.926 2.64042
1.929 2.64739
1.932 2.65437
1.935 2.66135
1.938 2.66834
1.941 2.67533
1.944 2.68233
1.947 2.68934
1.95 2.69635
1.953 2.70336
1.956 2.71038
1.959 2.7174
1.962 2.72442
1.965 2.73145
1.968 2.73848
1.971 2.74552
1.974 2.75255
1.977 2.75959
1.98 2.76663
1.983 2.77368
1.986 2.78072
1.989 2.78776
1.992 2.79481
1.995 2.80186
1.998 2.8089
2.001 2.81595
2.004 2.823
2.007 2.83004
2.01 2.83709
2.013 2.84413
2.016 2.85117
2.019 2.85821
2.022 2.86525
2.025 2.87228
2.028 2.87932
2.031 2.88635
2.034 2.89337
2.037 2.90039
2.04 2.90741
2.043 2.91442
2.046 2.92143
2.049 2.92843
2.052 2.93543
2.055 2.94242
2.058 2.94941
2.061 2.95639
2.064 2.96336
2.067 2.97032
2.07 2.97728
2.073 2.98423
2.076 2.99117
2.079 2.99811
2.082 3.00503
2.085 3.01195
2.088 3.01885
2.091 3.02575
2.094 3.03263
2.097 3.03951
2.1 3.04637
2.103 3.05322
2.106 3.06006
2.109 3.06689
2.112 3.07371
2.115 3.08051
2.118 3.0873
2.121 3.09408
2.124 3.10085
2.127 3.1076
2.13 3.11433
2.133 3.12105
2.136 3.12776
2.139 3.13445
2.142 3.14113
2.145 3.14778
2.148 3.15443
2.151 3.16105
2.154 3.16766
2.157 3.17425
2.16 3.18083
2.163 3.18738
2.166 3.19392
2.169 3.20044
2.172 3.20694
2.175 3.21342
2.178 3.21988
2.181 3.22632
2.184 3.23274
2.187 3.23914
2.19 3.24552
2.193 3.25188
2.196 3.25822
2.199 3.26453
2.202 3.27082
2.205 3.27709
2.208 3.28334
2.211 3.28957
2.214 3.29577
2.217 3.30194
2.22 3.3081
2.223 3.31423
2.226 3.32033
2.229 3.32642
2.232 3.33247
2.235 3.3385
2.238 3.34451
2.241 3.35049
2.244 3.35644
2.247 3.36237
2.25 3.36827
2.253 3.37415
2.256 3.37999
2.259 3.38582
2.262 3.39161
2.265 3.39738
2.268 3.40311
2.271 3.40882
2.274 3.41451
2.277 3.42016
2.28 3.42579
2.283 3.43138
2.286 3.43695
2.289 3.44249
2.292 3.448
2.295 3.45348
2.298 3.45893
2.301 3.46435
2.304 3.46974
2.307 3.4751
2.31 3.48043
2.313 3.48573
2.316 3.49099
2.319 3.49623
2.322 3.50144
2.325 3.50662
2.328 3.51176
2.331 3.51688
2.334 3.52196
2.337 3.52701
2.34 3.53203
2.343 3.53702
2.346 3.54197
2.349 3.5469
2.352 3.55179
2.355 3.55665
2.358 3.56148
2.361 3.56628
2.364 3.57104
2.367 3.57578
2.37 3.58048
2.373 3.58514
2.376 3.58978
2.379 3.59438
2.382 3.59896
2.385 3.60349
2.388 3.608
2.391 3.61247
2.394 3.61692
2.397 3.62133
2.4 3.6257
2.403 3.63005
2.406 3.63436
2.409 3.63864
2.412 3.64289
2.415 3.6471
2.418 3.65128
2.421 3.65543
2.424 3.65955
2.427 3.66364
2.43 3.66769
2.433 3.67171
2.436 3.6757
2.439 3.67966
2.442 3.68358
2.445 3.68748
2.448 3.69134
2.451 3.69517
2.454 3.69897
2.457 3.70273
2.46 3.70647
2.463 3.71017
2.466 3.71385
2.469 3.71749
2.472 3.7211
2.475 3.72468
2.478 3.72823
2.481 3.73174
2.484 3.73523
2.487 3.73869
2.49 3.74211
2.493 3.74551
2.496 3.74887
2.499 3.75221
2.502 3.75551
2.505 3.75879
2.508 3.76203
2.511 3.76525
2.514 3.76844
2.517 3.77159
2.52 3.77472
2.523 3.77782
2.526 3.78089
2.529 3.78393
2.532 3.78694
2.535 3.78993
2.538 3.79289
2.541 3.79581
2.544 3.79871
2.547 3.80159
2.55 3.80443
2.553 3.80725
2.556 3.81004
2.559 3.8128
2.562 3.81554
2.565 3.81825
2.568 3.82093
2.571 3.82358
2.574 3.82621
2.577 3.82882
2.58 3.83139
2.583 3.83395
2.586 3.83647
2.589 3.83897
2.592 3.84145
2.595 3.8439
2.598 3.84633
2.601 3.84873
2.604 3.8511
2.607 3.85345
2.61 3.85578
2.613 3.85809
2.616 3.86037
2.619 3.86262
2.622 3.86486
2.625 3.86707
2.628 3.86925
2.631 3.87142
2.634 3.87356
2.637 3.87568
2.64 3.87777
2.643 3.87985
2.646 3.8819
2.649 3.88393
2.652 3.88594
2.655 3.88792
2.658 3.88989
2.661 3.89183
2.664 3.89376
2.667 3.89566
2.67 3.89754
2.673 3.8994
2.676 3.90125
2.679 3.90307
2.682 3.90487
2.685 3.90665
2.688 3.90841
2.691 3.91016
2.694 3.91188
2.697 3.91359
2.7 3.91527
2.703 3.91694
2.706 3.91859
2.709 3.92022
2.712 3.92183
2.715 3.92343
2.718 3.92501
2.721 3.92657
2.724 3.92811
2.727 3.92963
2.73 3.93114
2.733 3.93263
2.736 3.93411
2.739 3.93556
2.742 3.937
2.745 3.93843
2.748 3.93984
2.751 3.94123
2.754 3.94261
2.757 3.94397
2.76 3.94531
2.763 3.94664
2.766 3.94796
2.769 3.94926
2.772 3.95054
2.775 3.95181
2.778 3.95307
2.781 3.95431
2.784 3.95554
2.787 3.95675
2.79 3.95795
2.793 3.95913
2.796 3.9603
2.799 3.96146
2.802 3.96261
2.805 3.96374
2.808 3.96485
2.811 3.96596
2.814 3.96705
2.817 3.96813
2.82 3.96919
2.823 3.97025
2.826 3.97129
2.829 3.97232
2.832 3.97334
2.835 3.97434
2.838 3.97534
2.841 3.97632
2.844 3.97729
2.847 3.97825
2.85 3.97919
2.853 3.98013
2.856 3.98105
2.859 3.98197
2.862 3.98287
2.865 3.98376
2.868 3.98464
2.871 3.98552
2.874 3.98638
2.877 3.98723
2.88 3.98807
2.883 3.9889
2.886 3.98972
2.889 3.99053
2.892 3.99133
2.895 3.99212
2.898 3.9929
2.901 3.99368
2.904 3.99444
2.907 3.99519
2.91 3.99594
2.913 3.99667
2.916 3.9974
2.919 3.99812
2.922 3.99883
2.925 3.99953
2.928 4.00022
2.931 4.0009
2.934 4.00158
2.937 4.00225
2.94 4.00291
2.943 4.00356
2.946 4.0042
2.949 4.00484
2.952 4.00546
2.955 4.00608
2.958 4.0067
2.961 4.0073
2.964 4.0079
2.967 4.00849
2.97 4.00907
2.973 4.00965
2.976 4.01022
2.979 4.01078
2.982 4.01133
2.985 4.01188
2.988 4.01242
2.991 4.01296
2.994 4.01348
2.997 4.01401
3 4.01452
3.001 0
