0 5
0.003 3.90084
0.006 3.90045
0.009 3.90005
0.012 3.89965
0.015 3.89925
0.018 3.89885
0.021 3.89845
0.024 3.89804
0.027 3.89763
0.03 3.89722
0.033 3.8968
0.036 3.89638
0.039 3.89596
0.042 3.89554
0.045 3.89512
0.048 3.89469
0.051 3.89426
0.054 3.89383
0.057 3.89339
0.06 3.89296
0.063 3.89252
0.066 3.89208
0.069 3.89163
0.072 3.89118
0.075 3.89073
0.078 3.89028
0.081 3.88983
0.084 3.88937
0.087 3.88891
0.09 3.88844
0.093 3.88798
0.096 3.88751
0.099 3.88704
0.102 3.88657
0.105 3.88609
0.108 3.88561
0.111 3.88513
0.114 3.88464
0.117 3.88416
0.12 3.88367
0.123 3.88317
0.126 3.88268
0.129 3.88218
0.132 3.88168
0.135 3.88118
0.138 3.88067
0.141 3.88016
0.144 3.87965
0.147 3.87913
0.15 3.87861
0.153 3.87809
0.156 3.87757
0.159 3.87704
0.162 3.87651
0.165 3.87598
0.168 3.87544
0.171 3.87491
0.174 3.87436
0.177 3.87382
0.18 3.87327
0.183 3.87272
0.186 3.87217
0.189 3.87161
0.192 3.87105
0.195 3.87049
0.198 3.86993
0.201 3.86936
0.204 3.86879
0.207 3.86821
0.21 3.86763
0.213 3.86705
0.216 3.86647
0.219 3.86588
0.222 3.86529
0.225 3.8647
0.228 3.8641
0.231 3.8635
0.234 3.8629
0.237 3.8623
0.24 3.86169
0.243 3.86107
0.246 3.86046
0.249 3.85984
0.252 3.85922
0.255 3.85859
0.258 3.85797
0.261 3.85734
0.264 3.8567
0.267 3.85606
0.27 3.85542
0.273 3.85478
0.276 3.85413
0.279 3.85348
0.282 3.85283
0.285 3.85217
0.288 3.85151
0.291 3.85084
0.294 3.85018
0.297 3.84951
0.3 3.84883
0.303 3.84816
0.306 3.84748
0.309 3.84679
0.312 3.8461
0.315 3.84541
0.318 3.84472
0.321 3.84402
0.324 3.84332
0.327 3.84262
0.33 3.84191
0.333 3.8412
0.336 3.84049
0.339 3.83977
0.342 3.83905
0.345 3.83833
0.348 3.8376
0.351 3.83687
0.354 3.83613
0.357 3.8354
0.36 3.83466
0.363 3.83391
0.366 3.83316
0.369 3.83241
0.372 3.83166
0.375 3.8309
0.378 3.83014
0.381 3.82937
0.384 3.82861
0.387 3.82784
0.39 3.82706
0.393 3.82628
0.396 3.8255
0.399 3.82472
0.402 3.82393
0.405 3.82314
0.408 3.82234
0.411 3.82154
0.414 3.82074
0.417 3.81993
0.42 3.81913
0.423 3.81831
0.426 3.8175
0.429 3.81668
0.432 3.81586
0.435 3.81503
0.438 3.8142
0.441 3.81337
0.444 3.81253
0.447 3.8117
0.45 3.81085
0.453 3.81001
0.456 3.80916
0.459 3.80831
0.462 3.80745
0.465 3.80659
0.468 3.80573
0.471 3.80486
0.474 3.80399
0.477 3.80312
0.48 3.80225
0.483 3.80137
0.486 3.80049
0.489 3.7996
0.492 3.79871
0.495 3.79782
0.498 3.79693
0.501 3.79603
0.504 3.79513
0.507 3.79422
0.51 3.79332
0.513 3.7924
0.516 3.79149
0.519 3.79057
0.522 3.78965
0.525 3.78873
0.528 3.7878
0.531 3.78687
0.534 3.78594
0.537 3.78501
0.54 3.78407
0.543 3.78312
0.546 3.78218
0.549 3.78123
0.552 3.78028
0.555 3.77933
0.558 3.77837
0.561 3.77741
0.564 3.77645
0.567 3.77548
0.57 3.77451
0.573 3.77354
0.576 3.77257
0.579 3.77159
0.582 3.77061
0.585 3.76963
0.588 3.76864
0.591 3.76765
0.594 3.76666
0.597 3.76567
0.6 3.76467
0.603 3.76367
0.606 3.76267
0.609 3.76166
0.612 3.76065
0.615 3.75964
0.618 3.75863
0.621 3.75761
0.624 3.75659
0.627 3.75557
0.63 3.75455
0.633 3.75352
0.636 3.75249
0.639 3.75146
0.642 3.75043
0.645 3.74939
0.648 3.74835
0.651 3.74731
0.654 3.74627
0.657 3.74522
0.66 3.74417
0.663 3.74312
0.666 3.74207
0.669 3.74101
0.672 3.73995
0.675 3.73889
0.678 3.73783
0.681 3.73676
0.684 3.7357
0.687 3.73463
0.69 3.73356
0.693 3.73248
0.696 3.73141
0.699 3.73033
0.702 3.72925
0.705 3.72816
0.708 3.72708
0.711 3.72599
0.714 3.7249
0.717 3.72381
0.72 3.72272
0.723 3.72162
0.726 3.72053
0.729 3.71943
0.732 3.71833
0.735 3.71723
0.738 3.71612
0.741 3.71501
0.744 3.71391
0.747 3.71279
0.75 3.71168
0.753 3.71057
0.756 3.70945
0.759 3.70833
0.762 3.70722
0.765 3.70609
0.768 3.70497
0.771 3.70385
0.774 3.70272
0.777 3.70159
0.78 3.70046
0.783 3.69933
0.786 3.6982
0.789 3.69706
0.792 3.69593
0.795 3.69479
0.798 3.69365
0.801 3.69251
0.804 3.69136
0.807 3.69022
0.81 3.68907
0.813 3.68793
0.816 3.68678
0.819 3.68563
0.822 3.68448
0.825 3.68332
0.828 3.68217
0.831 3.68101
0.834 3.67985
0.837 3.6787
0.84 3.67754
0.843 3.67637
0.846 3.67521
0.849 3.67405
0.852 3.67288
0.855 3.67171
0.858 3.67054
0.861 3.66937
0.864 3.6682
0.867 3.66703
0.87 3.66586
0.873 3.66468
0.876 3.66351
0.879 3.66233
0.882 3.66115
0.885 3.65997
0.888 3.65879
0.891 3.65761
0.894 3.65642
0.897 3.65524
0.9 3.65405
0.903 3.65287
0.906 3.65168
0.909 3.65049
0.912 3.6493
0.915 3.6481
0.918 3.64691
0.921 3.64572
0.924 3.64452
0.927 3.64333
0.93 3.64213
0.933 3.64093
0.936 3.63973
0.939 3.63853
0.942 3.63733
0.945 3.63612
0.948 3.63492
0.951 3.63371
0.954 3.6325
0.957 3.6313
0.96 3.63009
0.963 3.62888
0.966 3.62767
0.969 3.62645
0.972 3.62524
0.975 3.62403
0.978 3.62281
0.981 3.62159
0.984 3.62038
0.987 3.61916
0.99 3.61794
0.993 3.61671
0.996 3.61549
0.999 3.61427
1.002 3.61304
1.005 3.61182
1.008 3.61059
1.011 3.60936
1.014 3.60813
1.017 3.6069
1.02 3.60567
1.023 3.60444
1.026 3.6032
1.029 3.60197
1.032 3.60073
1.035 3.59949
1.038 3.59825
1.041 3.59701
1.044 3.59577
1.047 3.59453
1.05 3.59329
1.053 3.59204
1.056 3.5908
1.059 3.58955
1.062 3.5883
1.065 3.58705
1.068 3.5858
1.071 3.58455
1.074 3.58329
1.077 3.58204
1.08 3.58078
1.083 3.57952
1.086 3.57826
1.089 3.577
1.092 3.57574
1.095 3.57448
1.098 3.57321
1.101 3.57195
1.104 3.57068
1.107 3.56941
1.11 3.56814
1.113 3.56687
1.116 3.5656
1.119 3.56432
1.122 3.56305
1.125 3.56177
1.128 3.56049
1.131 3.55921
1.134 3.55793
1.137 3.55665
1.14 3.55536
1.143 3.55407
1.146 3.55279
1.149 3.5515
1.152 3.5502
1.155 3.54891
1.158 3.54762
1.161 3.54632
1.164 3.54502
1.167 3.54372
1.17 3.54242
1.173 3.54112
1.176 3.53981
1.179 3.53851
1.182 3.5372
1.185 3.53589
1.188 3.53457
1.191 3.53326
1.194 3.53194
1.197 3.53063
1.2 3.52931
1.203 3.52798
1.206 3.52666
1.209 3.52534
1.212 3.52401
1.215 3.52268
1.218 3.52135
1.221 3.52001
1.224 3.51868
1.227 3.51734
1.23 3.516
1.233 3.51466
1.236 3.51331
1.239 3.51197
1.242 3.51062
1.245 3.50927
1.248 3.50792
1.251 3.50656
1.254 3.5052
1.257 3.50384
1.26 3.50248
1.263 3.50112
1.266 3.49975
1.269 3.49838
1.272 3.49701
1.275 3.49564
1.278 3.49426
1.281 3.49288
1.284 3.4915
1.287 3.49011
1.29 3.48873
1.293 3.48734
1.296 3.48595
1.299 3.48455
1.302 3.48316
1.305 3.48176
1.308 3.48035
1.311 3.47895
1.314 3.47754
1.317 3.47613
1.32 3.47472
1.323 3.4733
1.326 3.47188
1.329 3.47046
1.332 3.46903
1.335 3.4676
1.338 3.46617
1.341 3.46474
1.344 3.4633
1.347 3.46186
1.35 3.46042
1.353 3.45897
1.356 3.45752
1.359 3.45607
1.362 3.45461
1.365 3.45315
1.368 3.45169
1.371 3.45023
1.374 3.44876
1.377 3.44728
1.38 3.44581
1.383 3.44433
1.386 3.44285
1.389 3.44136
1.392 3.43987
1.395 3.43838
1.398 3.43688
1.401 3.43538
1.404 3.43388
1.407 3.43237
1.41 3.43086
1.413 3.42934
1.416 3.42782
1.419 3.4263
1.422 3.42477
1.425 3.42324
1.428 3.42171
1.431 3.42017
1.434 3.41863
1.437 3.41709
1.44 3.41554
1.443 3.41398
1.446 3.41242
1.449 3.41086
1.452 3.4093
1.455 3.40773
1.458 3.40615
1.461 3.40457
1.464 3.40299
1.467 3.4014
1.47 3.39981
1.473 3.39822
1.476 3.39662
1.479 3.39501
1.482 3.39341
1.485 3.39179
1.488 3.39017
1.491 3.38855
1.494 3.38693
1.497 3.38529
1.5 3.38366
1.503 3.38202
1.506 3.38037
1.509 3.37872
1.512 3.37707
1.515 3.37541
1.518 3.37375
1.521 3.37208
1.524 3.3704
1.527 3.36873
1.53 3.36704
1.533 3.36536
1.536 3.36366
1.539 3.36196
1.542 3.36026
1.545 3.35855
1.548 3.35684
1.551 3.35512
1.554 3.3534
1.557 3.35167
1.56 3.34994
1.563 3.3482
1.566 3.34645
1.569 3.3447
1.572 3.34295
1.575 3.34119
1.578 3.33942
1.581 3.33765
1.584 3.33588
1.587 3.3341
1.59 3.33231
1.593 3.33052
1.596 3.32872
1.599 3.32692
1.602 3.32511
1.605 3.32329
1.608 3.32147
1.611 3.31965
1.614 3.31782
1.617 3.31598
1.62 3.31414
1.623 3.31229
1.626 3.31044
1.629 3.30858
1.632 3.30671
1.635 3.30484
1.638 3.30297
1.641 3.30108
1.644 3.2992
1.647 3.2973
1.65 3.2954
1.653 3.2935
1.656 3.29158
1.659 3.28967
1.662 3.28774
1.665 3.28581
1.668 3.28388
1.671 3.28194
1.674 3.27999
1.677 3.27804
1.68 3.27608
1.683 3.27412
1.686 3.27215
1.689 3.27017
1.692 3.26819
1.695 3.2662
1.698 3.2642
1.701 3.2622
1.704 3.2602
1.707 3.25818
1.71 3.25617
1.713 3.25414
1.716 3.25211
1.719 3.25007
1.722 3.24803
1.725 3.24598
1.728 3.24393
1.731 3.24187
1.734 3.2398
1.737 3.23773
1.74 3.23565
1.743 3.23357
1.746 3.23148
1.749 3.22938
1.752 3.22728
1.755 3.22517
1.758 3.22305
1.761 3.22093
1.764 3.21881
1.767 3.21668
1.77 3.21454
1.773 3.21239
1.776 3.21025
1.779 3.20809
1.782 3.20593
1.785 3.20376
1.788 3.20159
1.791 3.19941
1.794 3.19723
1.797 3.19504
1.8 3.19284
1.803 3.19064
1.806 3.18844
1.809 3.18622
1.812 3.18401
1.815 3.18178
1.818 3.17956
1.821 3.17732
1.824 3.17508
1.827 3.17284
1.83 3.17059
1.833 3.16833
1.836 3.16607
1.839 3.16381
1.842 3.16154
1.845 3.15926
1.848 3.15698
1.851 3.15469
1.854 3.1524
1.857 3.15011
1.86 3.14781
1.863 3.1455
1.866 3.14319
1.869 3.14087
1.872 3.13855
1.875 3.13623
1.878 3.1339
1.881 3.13157
1.884 3.12923
1.887 3.12689
1.89 3.12454
1.893 3.12219
1.896 3.11984
1.899 3.11748
1.902 3.11511
1.905 3.11275
1.908 3.11038
1.911 3.108
1.914 3.10562
1.917 3.10324
1.92 3.10085
1.923 3.09846
1.926 3.09607
1.929 3.09367
1.932 3.09127
1.935 3.08887
1.938 3.08646
1.941 3.08406
1.944 3.08164
1.947 3.07923
1.95 3.07681
1.953 3.07439
1.956 3.07197
1.959 3.06954
1.962 3.06711
1.965 3.06468
1.968 3.06225
1.971 3.05981
1.974 3.05737
1.977 3.05493
1.98 3.05249
1.983 3.05005
1.986 3.0476
1.989 3.04516
1.992 3.04271
1.995 3.04026
1.998 3.03781
2.001 3.03535
2.004 3.0329
2.007 3.03045
2.01 3.02799
2.013 3.02554
2.016 3.02308
2.019 3.02062
2.022 3.01816
2.025 3.0157
2.028 3.01325
2.031 3.01079
2.034 3.00833
2.037 3.00587
2.04 3.00341
2.043 3.00095
2.046 2.99849
2.049 2.99604
2.052 2.99358
2.055 2.99112
2.058 2.98867
2.061 2.98621
2.064 2.98376
2.067 2.98131
2.07 2.97886
2.073 2.97641
2.076 2.97396
2.079 2.97152
2.082 2.96907
2.085 2.96663
2.088 2.96419
2.091 2.96175
2.094 2.95932
2.097 2.95688
2.1 2.95445
2.103 2.95202
2.106 2.9496
2.109 2.94718
2.112 2.94476
2.115 2.94234
2.118 2.93993
2.121 2.93752
2.124 2.93511
2.127 2.93271
2.13 2.93031
2.133 2.92792
2.136 2.92553
2.139 2.92314
2.142 2.92076
2.145 2.91838
2.148 2.91601
2.151 2.91364
2.154 2.91128
2.157 2.90892
2.16 2.90656
2.163 2.90422
2.166 2.90187
2.169 2.89953
2.172 2.8972
2.175 2.89487
2.178 2.89255
2.181 2.89024
2.184 2.88793
2.187 2.88563
2.19 2.88333
2.193 2.88104
2.196 2.87875
2.199 2.87648
2.202 2.8742
2.205 2.87194
2.208 2.86968
2.211 2.86743
2.214 2.86519
2.217 2.86295
2.22 2.86072
2.223 2.8585
2.226 2.85629
2.229 2.85408
2.232 2.85188
2.235 2.84969
2.238 2.84751
2.241 2.84534
2.244 2.84317
2.247 2.84101
2.25 2.83886
2.253 2.83672
2.256 2.83459
2.259 2.83247
2.262 2.83035
2.265 2.82824
2.268 2.82615
2.271 2.82406
2.274 2.82198
2.277 2.81991
2.28 2.81785
2.283 2.8158
2.286 2.81376
2.289 2.81172
2.292 2.8097
2.295 2.80769
2.298 2.80569
2.301 2.80369
2.304 2.80171
2.307 2.79974
2.31 2.79777
2.313 2.79582
2.316 2.79388
2.319 2.79194
2.322 2.79002
2.325 2.78811
2.328 2.78621
2.331 2.78432
2.334 2.78244
2.337 2.78057
2.34 2.77871
2.343 2.77686
2.346 2.77502
2.349 2.77319
2.352 2.77138
2.355 2.76957
2.358 2.76778
2.361 2.766
2.364 2.76422
2.367 2.76246
2.37 2.76071
2.373 2.75898
2.376 2.75725
2.379 2.75553
2.382 2.75383
2.385 2.75213
2.388 2.75045
2.391 2.74878
2.394 2.74712
2.397 2.74547
2.4 2.74384
2.403 2.74221
2.406 2.7406
2.409 2.73899
2.412 2.7374
2.415 2.73582
2.418 2.73426
2.421 2.7327
2.424 2.73116
2.427 2.72962
2.43 2.7281
2.433 2.72659
2.436 2.72509
2.439 2.7236
2.442 2.72213
2.445 2.72066
2.448 2.71921
2.451 2.71777
2.454 2.71634
2.457 2.71492
2.46 2.71351
2.463 2.71212
2.466 2.71073
2.469 2.70936
2.472 2.708
2.475 2.70665
2.478 2.70531
2.481 2.70398
2.484 2.70267
2.487 2.70136
2.49 2.70007
2.493 2.69879
2.496 2.69752
2.499 2.69626
2.502 2.69501
2.505 2.69377
2.508 2.69254
2.511 2.69133
2.514 2.69012
2.517 2.68893
2.52 2.68775
2.523 2.68658
2.526 2.68542
2.529 2.68427
2.532 2.68313
2.535 2.682
2.538 2.68088
2.541 2.67977
2.544 2.67868
2.547 2.67759
2.55 2.67652
2.553 2.67545
2.556 2.6744
2.559 2.67335
2.562 2.67232
2.565 2.6713
2.568 2.67028
2.571 2.66928
2.574 2.66829
2.577 2.6673
2.58 2.66633
2.583 2.66537
2.586 2.66441
2.589 2.66347
2.592 2.66254
2.595 2.66161
2.598 2.6607
2.601 2.65979
2.604 2.6589
2.607 2.65801
2.61 2.65714
2.613 2.65627
2.616 2.65541
2.619 2.65456
2.622 2.65373
2.625 2.6529
2.628 2.65207
2.631 2.65126
2.634 2.65046
2.637 2.64967
2.64 2.64888
2.643 2.6481
2.646 2.64734
2.649 2.64658
2.652 2.64583
2.655 2.64508
2.658 2.64435
2.661 2.64363
2.664 2.64291
2.667 2.6422
2.67 2.6415
2.673 2.64081
2.676 2.64012
2.679 2.63945
2.682 2.63878
2.685 2.63812
2.688 2.63747
2.691 2.63682
2.694 2.63618
2.697 2.63555
2.7 2.63493
2.703 2.63432
2.706 2.63371
2.709 2.63311
2.712 2.63252
2.715 2.63193
2.718 2.63135
2.721 2.63078
2.724 2.63022
2.727 2.62966
2.73 2.62911
2.733 2.62857
2.736 2.62803
2.739 2.6275
2.742 2.62698
2.745 2.62646
2.748 2.62595
2.751 2.62545
2.754 2.62495
2.757 2.62446
2.76 2.62398
2.763 2.6235
2.766 2.62303
2.769 2.62256
2.772 2.6221
2.775 2.62165
2.778 2.6212
2.781 2.62076
2.784 2.62032
2.787 2.61989
2.79 2.61947
2.793 2.61905
2.796 2.61863
2.799 2.61823
2.802 2.61782
2.805 2.61743
2.808 2.61703
2.811 2.61665
2.814 2.61627
2.817 2.61589
2.82 2.61552
2.823 2.61515
2.826 2.61479
2.829 2.61444
2.832 2.61409
2.835 2.61374
2.838 2.6134
2.841 2.61306
2.844 2.61273
2.847 2.61241
2.85 2.61208
2.853 2.61177
2.856 2.61145
2.859 2.61115
2.862 2.61084
2.865 2.61054
2.868 2.61025
2.871 2.60995
2.874 2.60967
2.877 2.60938
2.88 2.60911
2.883 2.60883
2.886 2.60856
2.889 2.60829
2.892 2.60803
2.895 2.60777
2.898 2.60752
2.901 2.60727
2.904 2.60702
2.907 2.60678
2.91 2.60654
2.913 2.6063
2.916 2.60607
2.919 2.60584
2.922 2.60561
2.925 2.60539
2.928 2.60517
2.931 2.60496
2.934 2.60475
2.937 2.60454
2.94 2.60433
2.943 2.60413
2.946 2.60393
2.949 2.60374
2.952 2.60354
2.955 2.60335
2.958 2.60317
2.961 2.60298
2.964 2.6028
2.967 2.60263
2.97 2.60245
2.973 2.60228
2.976 2.60211
2.979 2.60195
2.982 2.60178
2.985 2.60162
2.988 2.60146
2.991 2.60131
2.994 2.60116
2.997 2.60101
3 2.60086
3.001 5
