0 -10
0.003 -6.84104
0.006 -6.8388
0.009 -6.83653
0.012 -6.83426
0.015 -6.83197
0.018 -6.82967
0.021 -6.82735
0.024 -6.82502
0.027 -6.82267
0.03 -6.82031
0.033 -6.81794
0.036 -6.81555
0.039 -6.81315
0.042 -6.81073
0.045 -6.8083
0.048 -6.80585
0.051 -6.80339
0.054 -6.80091
0.057 -6.79842
0.06 -6.79591
0.063 -6.79339
0.066 -6.79086
0.069 -6.7883
0.072 -6.78574
0.075 -6.78315
0.078 -6.78056
0.081 -6.77794
0.084 -6.77531
0.087 -6.77267
0.09 -6.77001
0.093 -6.76733
0.096 -6.76464
0.099 -6.76193
0.102 -6.7592
0.105 -6.75646
0.108 -6.7537
0.111 -6.75093
0.114 -6.74814
0.117 -6.74533
0.12 -6.74251
0.123 -6.73966
0.126 -6.73681
0.129 -6.73393
0.132 -6.73104
0.135 -6.72813
0.138 -6.72521
0.141 -6.72226
0.144 -6.7193
0.147 -6.71633
0.15 -6.71333
0.153 -6.71032
0.156 -6.70729
0.159 -6.70424
0.162 -6.70117
0.165 -6.69809
0.168 -6.69499
0.171 -6.69187
0.174 -6.68873
0.177 -6.68558
0.18 -6.6824
0.183 -6.67921
0.186 -6.676
0.189 -6.67277
0.192 -6.66952
0.195 -6.66625
0.198 -6.66297
0.201 -6.65966
0.204 -6.65634
0.207 -6.65299
0.21 -6.64963
0.213 -6.64625
0.216 -6.64285
0.219 -6.63943
0.222 -6.63599
0.225 -6.63253
0.228 -6.62906
0.231 -6.62556
0.234 -6.62204
0.237 -6.6185
0.24 -6.61495
0.243 -6.61137
0.246 -6.60777
0.249 -6.60415
0.252 -6.60052
0.255 -6.59686
0.258 -6.59318
0.261 -6.58948
0.264 -6.58576
0.267 -6.58202
0.27 -6.57826
0.273 -6.57448
0.276 -6.57068
0.279 -6.56686
0.282 -6.56302
0.285 -6.55915
0.288 -6.55527
0.291 -6.55136
0.294 -6.54743
0.297 -6.54349
0.3 -6.53952
0.303 -6.53553
0.306 -6.53151
0.309 -6.52748
0.312 -6.52342
0.315 -6.51935
0.318 -6.51525
0.321 -6.51113
0.324 -6.50699
0.327 -6.50282
0.33 -6.49864
0.333 -6.49443
0.336 -6.4902
0.339 -6.48595
0.342 -6.48168
0.345 -6.47738
0.348 -6.47306
0.351 -6.46873
0.354 -6.46436
0.357 -6.45998
0.36 -6.45557
0.363 -6.45115
0.366 -6.44669
0.369 -6.44222
0.372 -6.43773
0.375 -6.43321
0.378 -6.42867
0.381 -6.4241
0.384 -6.41952
0.387 -6.41491
0.39 -6.41028
0.393 -6.40563
0.396 -6.40095
0.399 -6.39625
0.402 -6.39153
0.405 -6.38679
0.408 -6.38202
0.411 -6.37723
0.414 -6.37242
0.417 -6.36759
0.42 -6.36273
0.423 -6.35785
0.426 -6.35295
0.429 -6.34802
0.432 -6.34307
0.435 -6.3381
0.438 -6.33311
0.441 -6.32809
0.444 -6.32305
0.447 -6.31799
0.45 -6.31291
0.453 -6.3078
0.456 -6.30267
0.459 -6.29752
0.462 -6.29234
0.465 -6.28715
0.468 -6.28193
0.471 -6.27668
0.474 -6.27142
0.477 -6.26613
0.48 -6.26082
0.483 -6.25549
0.486 -6.25013
0.489 -6.24476
0.492 -6.23936
0.495 -6.23394
0.498 -6.22849
0.501 -6.22303
0.504 -6.21754
0.507 -6.21203
0.51 -6.2065
0.513 -6.20095
0.516 -6.19537
0.519 -6.18977
0.522 -6.18415
0.525 -6.17851
0.528 -6.17285
0.531 -6.16717
0.534 -6.16146
0.537 -6.15574
0.54 -6.14999
0.543 -6.14422
0.546 -6.13843
0.549 -6.13262
0.552 -6.12679
0.555 -6.12094
0.558 -6.11506
0.561 -6.10917
0.564 -6.10326
0.567 -6.09732
0.57 -6.09137
0.573 -6.08539
0.576 -6.0794
0.579 -6.07338
0.582 -6.06735
0.585 -6.06129
0.588 -6.05522
0.591 -6.04913
0.594 -6.04301
0.597 -6.03688
0.6 -6.03073
0.603 -6.02456
0.606 -6.01837
0.609 -6.01216
0.612 -6.00594
0.615 -5.99969
0.618 -5.99343
0.621 -5.98715
0.624 -5.98085
0.627 -5.97454
0.63 -5.9682
0.633 -5.96185
0.636 -5.95548
0.639 -5.9491
0.642 -5.9427
0.645 -5.93628
0.648 -5.92984
0.651 -5.92339
0.654 -5.91692
0.657 -5.91043
0.66 -5.90393
0.663 -5.89742
0.666 -5.89088
0.669 -5.88434
0.672 -5.87777
0.675 -5.87119
0.678 -5.8646
0.681 -5.85799
0.684 -5.85137
0.687 -5.84474
0.69 -5.83809
0.693 -5.83142
0.696 -5.82474
0.699 -5.81805
0.702 -5.81135
0.705 -5.80463
0.708 -5.7979
0.711 -5.79116
0.714 -5.7844
0.717 -5.77763
0.72 -5.77085
0.723 -5.76406
0.726 -5.75726
0.729 -5.75045
0.732 -5.74362
0.735 -5.73678
0.738 -5.72994
0.741 -5.72308
0.744 -5.71621
0.747 -5.70933
0.75 -5.70244
0.753 -5.69554
0.756 -5.68864
0.759 -5.68172
0.762 -5.67479
0.765 -5.66786
0.768 -5.66092
0.771 -5.65397
0.774 -5.64701
0.777 -5.64004
0.78 -5.63306
0.783 -5.62608
0.786 -5.61909
0.789 -5.6121
0.792 -5.60509
0.795 -5.59809
0.798 -5.59107
0.801 -5.58405
0.804 -5.57702
0.807 -5.56999
0.81 -5.56295
0.813 -5.55591
0.816 -5.54886
0.819 -5.54181
0.822 -5.53475
0.825 -5.52769
0.828 -5.52062
0.831 -5.51355
0.834 -5.50648
0.837 -5.49941
0.84 -5.49233
0.843 -5.48525
0.846 -5.47816
0.849 -5.47107
0.852 -5.46399
0.855 -5.4569
0.858 -5.4498
0.861 -5.44271
0.864 -5.43562
0.867 -5.42852
0.87 -5.42142
0.873 -5.41433
0.876 -5.40723
0.879 -5.40013
0.882 -5.39304
0.885 -5.38594
0.888 -5.37884
0.891 -5.37175
0.894 -5.36465
0.897 -5.35756
0.9 -5.35047
0.903 -5.34338
0.906 -5.33629
0.909 -5.3292
0.912 -5.32212
0.915 -5.31503
0.918 -5.30795
0.921 -5.30088
0.924 -5.2938
0.927 -5.28673
0.93 -5.27967
0.933 -5.2726
0.936 -5.26554
0.939 -5.25849
0.942 -5.25144
0.945 -5.24439
0.948 -5.23735
0.951 -5.23031
0.954 -5.22328
0.957 -5.21625
0.96 -5.20923
0.963 -5.20221
0.966 -5.1952
0.969 -5.1882
0.972 -5.1812
0.975 -5.17421
0.978 -5.16722
0.981 -5.16024
0.984 -5.15327
0.987 -5.1463
0.99 -5.13934
0.993 -5.13239
0.996 -5.12544
0.999 -5.1185
1.002 -5.11157
1.005 -5.10465
1.008 -5.09774
1.011 -5.09083
1.014 -5.08393
1.017 -5.07704
1.02 -5.07016
1.023 -5.06329
1.026 -5.05643
1.029 -5.04957
1.032 -5.04273
1.035 -5.03589
1.038 -5.02906
1.041 -5.02225
1.044 -5.01544
1.047 -5.00864
1.05 -5.00185
1.053 -4.99507
1.056 -4.9883
1.059 -4.98154
1.062 -4.9748
1.065 -4.96806
1.068 -4.96133
1.071 -4.95461
1.074 -4.94791
1.077 -4.94121
1.08 -4.93453
1.083 -4.92785
1.086 -4.92119
1.089 -4.91454
1.092 -4.9079
1.095 -4.90127
1.098 -4.89465
1.101 -4.88805
1.104 -4.88145
1.107 -4.87487
1.11 -4.8683
1.113 -4.86174
1.116 -4.85519
1.119 -4.84865
1.122 -4.84213
1.125 -4.83562
1.128 -4.82912
1.131 -4.82263
1.134 -4.81616
1.137 -4.8097
1.14 -4.80325
1.143 -4.79681
1.146 -4.79038
1.149 -4.78397
1.152 -4.77757
1.155 -4.77118
1.158 -4.76481
1.161 -4.75845
1.164 -4.7521
1.167 -4.74576
1.17 -4.73944
1.173 -4.73313
1.176 -4.72683
1.179 -4.72055
1.182 -4.71428
1.185 -4.70802
1.188 -4.70177
1.191 -4.69554
1.194 -4.68932
1.197 -4.68312
1.2 -4.67692
1.203 -4.67074
1.206 -4.66458
1.209 -4.65842
1.212 -4.65228
1.215 -4.64616
1.218 -4.64004
1.221 -4.63394
1.224 -4.62785
1.227 -4.62178
1.23 -4.61572
1.233 -4.60967
1.236 -4.60364
1.239 -4.59762
1.242 -4.59161
1.245 -4.58562
1.248 -4.57964
1.251 -4.57367
1.254 -4.56772
1.257 -4.56178
1.26 -4.55585
1.263 -4.54993
1.266 -4.54403
1.269 -4.53815
1.272 -4.53227
1.275 -4.52641
1.278 -4.52056
1.281 -4.51473
1.284 -4.50891
1.287 -4.5031
1.29 -4.4973
1.293 -4.49152
1.296 -4.48575
1.299 -4.48
1.302 -4.47425
1.305 -4.46852
1.308 -4.46281
1.311 -4.4571
1.314 -4.45141
1.317 -4.44574
1.32 -4.44007
1.323 -4.43442
1.326 -4.42878
1.329 -4.42316
1.332 -4.41754
1.335 -4.41194
1.338 -4.40636
1.341 -4.40078
1.344 -4.39522
1.347 -4.38967
1.35 -4.38413
1.353 -4.37861
1.356 -4.3731
1.359 -4.3676
1.362 -4.36212
1.365 -4.35664
1.368 -4.35118
1.371 -4.34573
1.374 -4.3403
1.377 -4.33487
1.38 -4.32946
1.383 -4.32406
1.386 -4.31868
1.389 -4.3133
1.392 -4.30794
1.395 -4.30259
1.398 -4.29725
1.401 -4.29193
1.404 -4.28661
1.407 -4.28131
1.41 -4.27602
1.413 -4.27075
1.416 -4.26548
1.419 -4.26023
1.422 -4.25498
1.425 -4.24975
1.428 -4.24454
1.431 -4.23933
1.434 -4.23413
1.437 -4.22895
1.44 -4.22378
1.443 -4.21862
1.446 -4.21347
1.449 -4.20833
1.452 -4.20321
1.455 -4.19809
1.458 -4.19299
1.461 -4.1879
1.464 -4.18282
1.467 -4.17775
1.47 -4.17269
1.473 -4.16765
1.476 -4.16261
1.479 -4.15759
1.482 -4.15258
1.485 -4.14758
1.488 -4.14259
1.491 -4.13761
1.494 -4.13264
1.497 -4.12768
1.5 -4.12273
1.503 -4.1178
1.506 -4.11287
1.509 -4.10796
1.512 -4.10306
1.515 -4.09817
1.518 -4.09328
1.521 -4.08841
1.524 -4.08355
1.527 -4.0787
1.53 -4.07387
1.533 -4.06904
1.536 -4.06422
1.539 -4.05941
1.542 -4.05462
1.545 -4.04983
1.548 -4.04506
1.551 -4.04029
1.554 -4.03554
1.557 -4.03079
1.56 -4.02606
1.563 -4.02134
1.566 -4.01662
1.569 -4.01192
1.572 -4.00723
1.575 -4.00255
1.578 -3.99788
1.581 -3.99321
1.584 -3.98856
1.587 -3.98392
1.59 -3.97929
1.593 -3.97467
1.596 -3.97006
1.599 -3.96546
1.602 -3.96087
1.605 -3.95629
1.608 -3.95172
1.611 -3.94716
1.614 -3.94261
1.617 -3.93808
1.62 -3.93355
1.623 -3.92903
1.626 -3.92452
1.629 -3.92002
1.632 -3.91553
1.635 -3.91105
1.638 -3.90658
1.641 -3.90213
1.644 -3.89768
1.647 -3.89324
1.65 -3.88881
1.653 -3.88439
1.656 -3.87999
1.659 -3.87559
1.662 -3.8712
1.665 -3.86682
1.668 -3.86246
1.671 -3.8581
1.674 -3.85375
1.677 -3.84941
1.68 -3.84509
1.683 -3.84077
1.686 -3.83646
1.689 -3.83216
1.692 -3.82788
1.695 -3.8236
1.698 -3.81933
1.701 -3.81508
1.704 -3.81083
1.707 -3.8066
1.71 -3.80237
1.713 -3.79815
1.716 -3.79395
1.719 -3.78975
1.722 -3.78557
1.725 -3.7814
1.728 -3.77723
1.731 -3.77308
1.734 -3.76893
1.737 -3.7648
1.74 -3.76068
1.743 -3.75656
1.746 -3.75246
1.749 -3.74837
1.752 -3.74429
1.755 -3.74022
1.758 -3.73616
1.761 -3.73211
1.764 -3.72807
1.767 -3.72404
1.77 -3.72002
1.773 -3.71602
1.776 -3.71202
1.779 -3.70803
1.782 -3.70406
1.785 -3.70009
1.788 -3.69614
1.791 -3.6922
1.794 -3.68827
1.797 -3.68435
1.8 -3.68043
1.803 -3.67654
1.806 -3.67265
1.809 -3.66877
1.812 -3.6649
1.815 -3.66105
1.818 -3.6572
1.821 -3.65337
1.824 -3.64955
1.827 -3.64574
1.83 -3.64194
1.833 -3.63815
1.836 -3.63437
1.839 -3.63061
1.842 -3.62685
1.845 -3.62311
1.848 -3.61938
1.851 -3.61566
1.854 -3.61195
1.857 -3.60825
1.86 -3.60457
1.863 -3.60089
1.866 -3.59723
1.869 -3.59358
1.872 -3.58994
1.875 -3.58631
1.878 -3.5827
1.881 -3.57909
1.884 -3.5755
1.887 -3.57192
1.89 -3.56835
1.893 -3.5648
1.896 -3.56125
1.899 -3.55772
1.902 -3.5542
1.905 -3.5507
1.908 -3.5472
1.911 -3.54372
1.914 -3.54025
1.917 -3.53679
1.92 -3.53334
1.923 -3.52991
1.926 -3.52649
1.929 -3.52308
1.932 -3.51968
1.935 -3.5163
1.938 -3.51292
1.941 -3.50956
1.944 -3.50622
1.947 -3.50288
1.95 -3.49956
1.953 -3.49626
1.956 -3.49296
1.959 -3.48968
1.962 -3.48641
1.965 -3.48315
1.968 -3.47991
1.971 -3.47667
1.974 -3.47346
1.977 -3.47025
1.98 -3.46706
1.983 -3.46388
1.986 -3.46071
1.989 -3.45756
1.992 -3.45442
1.995 -3.4513
1.998 -3.44818
2.001 -3.44508
2.004 -3.442
2.007 -3.43892
2.01 -3.43586
2.013 -3.43282
2.016 -3.42978
2.019 -3.42676
2.022 -3.42376
2.025 -3.42077
2.028 -3.41779
2.031 -3.41482
2.034 -3.41187
2.037 -3.40893
2.04 -3.40601
2.043 -3.4031
2.046 -3.4002
2.049 -3.39732
2.052 -3.39445
2.055 -3.39159
2.058 -3.38875
2.061 -3.38592
2.064 -3.38311
2.067 -3.38031
2.07 -3.37752
2.073 -3.37475
2.076 -3.37199
2.079 -3.36925
2.082 -3.36652
2.085 -3.3638
2.088 -3.3611
2.091 -3.35842
2.094 -3.35574
2.097 -3.35308
2.1 -3.35044
2.103 -3.34781
2.106 -3.34519
2.109 -3.34259
2.112 -3.34
2.115 -3.33743
2.118 -3.33487
2.121 -3.33232
2.124 -3.32979
2.127 -3.32727
2.13 -3.32477
2.133 -3.32228
2.136 -3.31981
2.139 -3.31735
2.142 -3.31491
2.145 -3.31248
2.148 -3.31006
2.151 -3.30766
2.154 -3.30528
2.157 -3.3029
2.16 -3.30055
2.163 -3.29821
2.166 -3.29588
2.169 -3.29356
2.172 -3.29126
2.175 -3.28898
2.178 -3.28671
2.181 -3.28446
2.184 -3.28222
2.187 -3.27999
2.19 -3.27778
2.193 -3.27558
2.196 -3.2734
2.199 -3.27124
2.202 -3.26908
2.205 -3.26695
2.208 -3.26482
2.211 -3.26272
2.214 -3.26062
2.217 -3.25855
2.22 -3.25648
2.223 -3.25443
2.226 -3.2524
2.229 -3.25038
2.232 -3.24838
2.235 -3.24639
2.238 -3.24441
2.241 -3.24245
2.244 -3.24051
2.247 -3.23858
2.25 -3.23666
2.253 -3.23476
2.256 -3.23288
2.259 -3.231
2.262 -3.22915
2.265 -3.22731
2.268 -3.22548
2.271 -3.22367
2.274 -3.22187
2.277 -3.22009
2.28 -3.21832
2.283 -3.21657
2.286 -3.21483
2.289 -3.21311
2.292 -3.2114
2.295 -3.20971
2.298 -3.20803
2.301 -3.20637
2.304 -3.20472
2.307 -3.20309
2.31 -3.20147
2.313 -3.19986
2.316 -3.19827
2.319 -3.1967
2.322 -3.19514
2.325 -3.19359
2.328 -3.19206
2.331 -3.19055
2.334 -3.18904
2.337 -3.18756
2.34 -3.18608
2.343 -3.18463
2.346 -3.18318
2.349 -3.18176
2.352 -3.18034
2.355 -3.17894
2.358 -3.17756
2.361 -3.17619
2.364 -3.17483
2.367 -3.17349
2.37 -3.17216
2.373 -3.17085
2.376 -3.16955
2.379 -3.16827
2.382 -3.167
2.385 -3.16574
2.388 -3.1645
2.391 -3.16327
2.394 -3.16206
2.397 -3.16086
2.4 -3.15968
2.403 -3.15851
2.406 -3.15735
2.409 -3.15621
2.412 -3.15508
2.415 -3.15397
2.418 -3.15287
2.421 -3.15178
2.424 -3.15071
2.427 -3.14965
2.43 -3.1486
2.433 -3.14757
2.436 -3.14656
2.439 -3.14555
2.442 -3.14456
2.445 -3.14358
2.448 -3.14262
2.451 -3.14167
2.454 -3.14073
2.457 -3.13981
2.46 -3.1389
2.463 -3.138
2.466 -3.13712
2.469 -3.13625
2.472 -3.13539
2.475 -3.13455
2.478 -3.13372
2.481 -3.1329
2.484 -3.13209
2.487 -3.1313
2.49 -3.13052
2.493 -3.12975
2.496 -3.129
2.499 -3.12826
2.502 -3.12753
2.505 -3.12681
2.508 -3.1261
2.511 -3.12541
2.514 -3.12473
2.517 -3.12406
2.52 -3.12341
2.523 -3.12276
2.526 -3.12213
2.529 -3.12151
2.532 -3.1209
2.535 -3.12031
2.538 -3.11972
2.541 -3.11915
2.544 -3.11859
2.547 -3.11804
2.55 -3.1175
2.553 -3.11697
2.556 -3.11646
2.559 -3.11595
2.562 -3.11546
2.565 -3.11498
2.568 -3.1145
2.571 -3.11404
2.574 -3.11359
2.577 -3.11315
2.58 -3.11273
2.583 -3.11231
2.586 -3.1119
2.589 -3.1115
2.592 -3.11112
2.595 -3.11074
2.598 -3.11038
2.601 -3.11002
2.604 -3.10967
2.607 -3.10934
2.61 -3.10901
2.613 -3.1087
2.616 -3.10839
2.619 -3.10809
2.622 -3.10781
2.625 -3.10753
2.628 -3.10726
2.631 -3.107
2.634 -3.10675
2.637 -3.10651
2.64 -3.10628
2.643 -3.10606
2.646 -3.10585
2.649 -3.10564
2.652 -3.10545
2.655 -3.10526
2.658 -3.10508
2.661 -3.10491
2.664 -3.10475
2.667 -3.10459
2.67 -3.10445
2.673 -3.10431
2.676 -3.10418
2.679 -3.10406
2.682 -3.10395
2.685 -3.10385
2.688 -3.10375
2.691 -3.10366
2.694 -3.10358
2.697 -3.1035
2.7 -3.10344
2.703 -3.10338
2.706 -3.10332
2.709 -3.10328
2.712 -3.10324
2.715 -3.10321
2.718 -3.10319
2.721 -3.10317
2.724 -3.10316
2.727 -3.10316
2.73 -3.10316
2.733 -3.10317
2.736 -3.10319
2.739 -3.10321
2.742 -3.10324
2.745 -3.10327
2.748 -3.10332
2.751 -3.10336
2.754 -3.10342
2.757 -3.10348
2.76 -3.10354
2.763 -3.10361
2.766 -3.10369
2.769 -3.10377
2.772 -3.10386
2.775 -3.10396
2.778 -3.10406
2.781 -3.10416
2.784 -3.10427
2.787 -3.10439
2.79 -3.10451
2.793 -3.10463
2.796 -3.10476
2.799 -3.1049
2.802 -3.10504
2.805 -3.10519
2.808 -3.10534
2.811 -3.10549
2.814 -3.10565
2.817 -3.10581
2.82 -3.10598
2.823 -3.10615
2.826 -3.10633
2.829 -3.10651
2.832 -3.1067
2.835 -3.10689
2.838 -3.10708
2.841 -3.10728
2.844 -3.10748
2.847 -3.10769
2.85 -3.1079
2.853 -3.10811
2.856 -3.10833
2.859 -3.10855
2.862 -3.10877
2.865 -3.109
2.868 -3.10923
2.871 -3.10947
2.874 -3.1097
2.877 -3.10995
2.88 -3.11019
2.883 -3.11044
2.886 -3.11069
2.889 -3.11094
2.892 -3.1112
2.895 -3.11146
2.898 -3.11172
2.901 -3.11199
2.904 -3.11226
2.907 -3.11253
2.91 -3.1128
2.913 -3.11308
2.916 -3.11336
2.919 -3.11364
2.922 -3.11393
2.925 -3.11421
2.928 -3.1145
2.931 -3.11479
2.934 -3.11509
2.937 -3.11538
2.94 -3.11568
2.943 -3.11598
2.946 -3.11629
2.949 -3.11659
2.952 -3.1169
2.955 -3.11721
2.958 -3.11752
2.961 -3.11783
2.964 -3.11815
2.967 -3.11846
2.97 -3.11878
2.973 -3.1191
2.976 -3.11942
2.979 -3.11975
2.982 -3.12007
2.985 -3.1204
2.988 -3.12073
2.991 -3.12106
2.994 -3.12139
2.997 -3.12172
3 -3.12205
3.001 -10
