0 -10
0.003 -6.64748
0.006 -6.64343
0.009 -6.63936
0.012 -6.63527
0.015 -6.63114
0.018 -6.62698
0.021 -6.6228
0.024 -6.61859
0.027 -6.61434
0.03 -6.61007
0.033 -6.60577
0.036 -6.60144
0.039 -6.59708
0.042 -6.59269
0.045 -6.58826
0.048 -6.58381
0.051 -6.57933
0.054 -6.57482
0.057 -6.57027
0.06 -6.5657
0.063 -6.56109
0.066 -6.55646
0.069 -6.55179
0.072 -6.54709
0.075 -6.54236
0.078 -6.53759
0.081 -6.5328
0.084 -6.52797
0.087 -6.52311
0.09 -6.51822
0.093 -6.5133
0.096 -6.50834
0.099 -6.50335
0.102 -6.49833
0.105 -6.49327
0.108 -6.48819
0.111 -6.48306
0.114 -6.47791
0.117 -6.47272
0.12 -6.4675
0.123 -6.46224
0.126 -6.45695
0.129 -6.45163
0.132 -6.44627
0.135 -6.44088
0.138 -6.43546
0.141 -6.43
0.144 -6.4245
0.147 -6.41898
0.15 -6.41341
0.153 -6.40782
0.156 -6.40218
0.159 -6.39652
0.162 -6.39081
0.165 -6.38508
0.168 -6.37931
0.171 -6.3735
0.174 -6.36766
0.177 -6.36178
0.18 -6.35587
0.183 -6.34992
0.186 -6.34394
0.189 -6.33792
0.192 -6.33187
0.195 -6.32578
0.198 -6.31966
0.201 -6.3135
0.204 -6.30731
0.207 -6.30108
0.21 -6.29481
0.213 -6.28851
0.216 -6.28218
0.219 -6.27581
0.222 -6.2694
0.225 -6.26296
0.228 -6.25648
0.231 -6.24997
0.234 -6.24342
0.237 -6.23684
0.24 -6.23022
0.243 -6.22357
0.246 -6.21688
0.249 -6.21016
0.252 -6.20341
0.255 -6.19661
0.258 -6.18979
0.261 -6.18293
0.264 -6.17603
0.267 -6.1691
0.27 -6.16214
0.273 -6.15514
0.276 -6.14811
0.279 -6.14104
0.282 -6.13394
0.285 -6.12681
0.288 -6.11964
0.291 -6.11244
0.294 -6.10521
0.297 -6.09794
0.3 -6.09064
0.303 -6.08331
0.306 -6.07595
0.309 -6.06855
0.312 -6.06113
0.315 -6.05367
0.318 -6.04618
0.321 -6.03865
0.324 -6.0311
0.327 -6.02351
0.33 -6.0159
0.333 -6.00825
0.336 -6.00058
0.339 -5.99287
0.342 -5.98514
0.345 -5.97737
0.348 -5.96958
0.351 -5.96176
0.354 -5.95391
0.357 -5.94603
0.36 -5.93812
0.363 -5.93019
0.366 -5.92223
0.369 -5.91424
0.372 -5.90623
0.375 -5.89818
0.378 -5.89012
0.381 -5.88203
0.384 -5.87391
0.387 -5.86577
0.39 -5.8576
0.393 -5.84941
0.396 -5.8412
0.399 -5.83296
0.402 -5.8247
0.405 -5.81642
0.408 -5.80812
0.411 -5.79979
0.414 -5.79144
0.417 -5.78308
0.42 -5.77469
0.423 -5.76628
0.426 -5.75785
0.429 -5.74941
0.432 -5.74094
0.435 -5.73246
0.438 -5.72396
0.441 -5.71544
0.444 -5.70691
0.447 -5.69836
0.45 -5.68979
0.453 -5.68121
0.456 -5.67261
0.459 -5.664
0.462 -5.65538
0.465 -5.64674
0.468 -5.63809
0.471 -5.62943
0.474 -5.62075
0.477 -5.61206
0.48 -5.60337
0.483 -5.59466
0.486 -5.58594
0.489 -5.57721
0.492 -5.56848
0.495 -5.55973
0.498 -5.55098
0.501 -5.54222
0.504 -5.53345
0.507 -5.52468
0.51 -5.5159
0.513 -5.50712
0.516 -5.49833
0.519 -5.48953
0.522 -5.48074
0.525 -5.47194
0.528 -5.46313
0.531 -5.45433
0.534 -5.44552
0.537 -5.43671
0.54 -5.4279
0.543 -5.41909
0.546 -5.41028
0.549 -5.40148
0.552 -5.39267
0.555 -5.38386
0.558 -5.37506
0.561 -5.36626
0.564 -5.35746
0.567 -5.34867
0.57 -5.33988
0.573 -5.33109
0.576 -5.32231
0.579 -5.31354
0.582 -5.30477
0.585 -5.29601
0.588 -5.28726
0.591 -5.27851
0.594 -5.26977
0.597 -5.26104
0.6 -5.25232
0.603 -5.24361
0.606 -5.23491
0.609 -5.22622
0.612 -5.21754
0.615 -5.20887
0.618 -5.20021
0.621 -5.19156
0.624 -5.18293
0.627 -5.17431
0.63 -5.1657
0.633 -5.1571
0.636 -5.14852
0.639 -5.13996
0.642 -5.1314
0.645 -5.12287
0.648 -5.11435
0.651 -5.10584
0.654 -5.09735
0.657 -5.08888
0.66 -5.08042
0.663 -5.07198
0.666 -5.06356
0.669 -5.05516
0.672 -5.04678
0.675 -5.03841
0.678 -5.03006
0.681 -5.02173
0.684 -5.01343
0.687 -5.00514
0.69 -4.99687
0.693 -4.98862
0.696 -4.98039
0.699 -4.97219
0.702 -4.964
0.705 -4.95584
0.708 -4.94769
0.711 -4.93957
0.714 -4.93147
0.717 -4.9234
0.72 -4.91534
0.723 -4.90731
0.726 -4.89931
0.729 -4.89132
0.732 -4.88336
0.735 -4.87542
0.738 -4.86751
0.741 -4.85962
0.744 -4.85176
0.747 -4.84392
0.75 -4.8361
0.753 -4.82831
0.756 -4.82054
0.759 -4.8128
0.762 -4.80509
0.765 -4.7974
0.768 -4.78973
0.771 -4.78209
0.774 -4.77448
0.777 -4.76689
0.78 -4.75933
0.783 -4.75179
0.786 -4.74428
0.789 -4.7368
0.792 -4.72934
0.795 -4.72191
0.798 -4.71451
0.801 -4.70713
0.804 -4.69978
0.807 -4.69245
0.81 -4.68516
0.813 -4.67789
0.816 -4.67064
0.819 -4.66343
0.822 -4.65624
0.825 -4.64908
0.828 -4.64194
0.831 -4.63483
0.834 -4.62775
0.837 -4.6207
0.84 -4.61367
0.843 -4.60667
0.846 -4.5997
0.849 -4.59275
0.852 -4.58583
0.855 -4.57894
0.858 -4.57208
0.861 -4.56524
0.864 -4.55843
0.867 -4.55165
0.87 -4.5449
0.873 -4.53817
0.876 -4.53147
0.879 -4.52479
0.882 -4.51815
0.885 -4.51153
0.888 -4.50494
0.891 -4.49837
0.894 -4.49183
0.897 -4.48532
0.9 -4.47883
0.903 -4.47237
0.906 -4.46594
0.909 -4.45953
0.912 -4.45315
0.915 -4.4468
0.918 -4.44047
0.921 -4.43417
0.924 -4.4279
0.927 -4.42165
0.93 -4.41543
0.933 -4.40923
0.936 -4.40306
0.939 -4.39692
0.942 -4.3908
0.945 -4.38471
0.948 -4.37864
0.951 -4.3726
0.954 -4.36658
0.957 -4.36059
0.96 -4.35462
0.963 -4.34868
0.966 -4.34277
0.969 -4.33687
0.972 -4.33101
0.975 -4.32516
0.978 -4.31935
0.981 -4.31355
0.984 -4.30778
0.987 -4.30204
0.99 -4.29632
0.993 -4.29062
0.996 -4.28495
0.999 -4.2793
1.002 -4.27367
1.005 -4.26807
1.008 -4.26249
1.011 -4.25694
1.014 -4.2514
1.017 -4.24589
1.02 -4.24041
1.023 -4.23494
1.026 -4.2295
1.029 -4.22408
1.032 -4.21869
1.035 -4.21331
1.038 -4.20796
1.041 -4.20263
1.044 -4.19732
1.047 -4.19203
1.05 -4.18677
1.053 -4.18153
1.056 -4.1763
1.059 -4.1711
1.062 -4.16592
1.065 -4.16076
1.068 -4.15562
1.071 -4.15051
1.074 -4.14541
1.077 -4.14033
1.08 -4.13527
1.083 -4.13024
1.086 -4.12522
1.089 -4.12022
1.092 -4.11525
1.095 -4.11029
1.098 -4.10535
1.101 -4.10043
1.104 -4.09553
1.107 -4.09065
1.11 -4.08579
1.113 -4.08095
1.116 -4.07612
1.119 -4.07132
1.122 -4.06653
1.125 -4.06176
1.128 -4.05701
1.131 -4.05227
1.134 -4.04756
1.137 -4.04286
1.14 -4.03818
1.143 -4.03351
1.146 -4.02887
1.149 -4.02424
1.152 -4.01963
1.155 -4.01503
1.158 -4.01045
1.161 -4.00589
1.164 -4.00135
1.167 -3.99682
1.17 -3.99231
1.173 -3.98781
1.176 -3.98333
1.179 -3.97886
1.182 -3.97441
1.185 -3.96998
1.188 -3.96556
1.191 -3.96116
1.194 -3.95677
1.197 -3.9524
1.2 -3.94804
1.203 -3.94369
1.206 -3.93936
1.209 -3.93505
1.212 -3.93075
1.215 -3.92646
1.218 -3.92219
1.221 -3.91794
1.224 -3.91369
1.227 -3.90946
1.23 -3.90524
1.233 -3.90104
1.236 -3.89685
1.239 -3.89268
1.242 -3.88851
1.245 -3.88436
1.248 -3.88023
1.251 -3.8761
1.254 -3.87199
1.257 -3.86789
1.26 -3.8638
1.263 -3.85973
1.266 -3.85567
1.269 -3.85162
1.272 -3.84758
1.275 -3.84355
1.278 -3.83954
1.281 -3.83554
1.284 -3.83155
1.287 -3.82757
1.29 -3.8236
1.293 -3.81964
1.296 -3.81569
1.299 -3.81176
1.302 -3.80784
1.305 -3.80392
1.308 -3.80002
1.311 -3.79613
1.314 -3.79225
1.317 -3.78838
1.32 -3.78452
1.323 -3.78067
1.326 -3.77683
1.329 -3.773
1.332 -3.76918
1.335 -3.76537
1.338 -3.76156
1.341 -3.75777
1.344 -3.75399
1.347 -3.75022
1.35 -3.74646
1.353 -3.74271
1.356 -3.73896
1.359 -3.73523
1.362 -3.7315
1.365 -3.72779
1.368 -3.72408
1.371 -3.72038
1.374 -3.71669
1.377 -3.71301
1.38 -3.70934
1.383 -3.70567
1.386 -3.70202
1.389 -3.69837
1.392 -3.69473
1.395 -3.6911
1.398 -3.68748
1.401 -3.68386
1.404 -3.68026
1.407 -3.67666
1.41 -3.67307
1.413 -3.66948
1.416 -3.66591
1.419 -3.66234
1.422 -3.65878
1.425 -3.65523
1.428 -3.65169
1.431 -3.64815
1.434 -3.64462
1.437 -3.6411
1.44 -3.63759
1.443 -3.63408
1.446 -3.63058
1.449 -3.62709
1.452 -3.6236
1.455 -3.62013
1.458 -3.61666
1.461 -3.61319
1.464 -3.60974
1.467 -3.60629
1.47 -3.60284
1.473 -3.59941
1.476 -3.59598
1.479 -3.59256
1.482 -3.58914
1.485 -3.58573
1.488 -3.58233
1.491 -3.57894
1.494 -3.57555
1.497 -3.57217
1.5 -3.5688
1.503 -3.56543
1.506 -3.56207
1.509 -3.55871
1.512 -3.55537
1.515 -3.55203
1.518 -3.54869
1.521 -3.54537
1.524 -3.54204
1.527 -3.53873
1.53 -3.53542
1.533 -3.53212
1.536 -3.52883
1.539 -3.52554
1.542 -3.52226
1.545 -3.51899
1.548 -3.51572
1.551 -3.51246
1.554 -3.50921
1.557 -3.50596
1.56 -3.50272
1.563 -3.49949
1.566 -3.49626
1.569 -3.49304
1.572 -3.48983
1.575 -3.48663
1.578 -3.48343
1.581 -3.48024
1.584 -3.47705
1.587 -3.47388
1.59 -3.47071
1.593 -3.46754
1.596 -3.46439
1.599 -3.46124
1.602 -3.4581
1.605 -3.45496
1.608 -3.45184
1.611 -3.44872
1.614 -3.44561
1.617 -3.4425
1.62 -3.43941
1.623 -3.43632
1.626 -3.43324
1.629 -3.43016
1.632 -3.4271
1.635 -3.42404
1.638 -3.42099
1.641 -3.41795
1.644 -3.41492
1.647 -3.41189
1.65 -3.40888
1.653 -3.40587
1.656 -3.40287
1.659 -3.39988
1.662 -3.3969
1.665 -3.39392
1.668 -3.39096
1.671 -3.388
1.674 -3.38506
1.677 -3.38212
1.68 -3.37919
1.683 -3.37627
1.686 -3.37336
1.689 -3.37046
1.692 -3.36757
1.695 -3.36469
1.698 -3.36182
1.701 -3.35896
1.704 -3.35611
1.707 -3.35327
1.71 -3.35044
1.713 -3.34762
1.716 -3.34481
1.719 -3.34201
1.722 -3.33922
1.725 -3.33644
1.728 -3.33368
1.731 -3.33092
1.734 -3.32818
1.737 -3.32544
1.74 -3.32272
1.743 -3.32001
1.746 -3.31731
1.749 -3.31463
1.752 -3.31195
1.755 -3.30929
1.758 -3.30664
1.761 -3.30401
1.764 -3.30138
1.767 -3.29877
1.77 -3.29617
1.773 -3.29358
1.776 -3.29101
1.779 -3.28845
1.782 -3.2859
1.785 -3.28337
1.788 -3.28085
1.791 -3.27834
1.794 -3.27585
1.797 -3.27337
1.8 -3.27091
1.803 -3.26846
1.806 -3.26602
1.809 -3.2636
1.812 -3.2612
1.815 -3.2588
1.818 -3.25643
1.821 -3.25407
1.824 -3.25172
1.827 -3.24939
1.83 -3.24708
1.833 -3.24478
1.836 -3.24249
1.839 -3.24023
1.842 -3.23797
1.845 -3.23574
1.848 -3.23352
1.851 -3.23132
1.854 -3.22913
1.857 -3.22696
1.86 -3.22481
1.863 -3.22267
1.866 -3.22055
1.869 -3.21845
1.872 -3.21637
1.875 -3.2143
1.878 -3.21225
1.881 -3.21022
1.884 -3.2082
1.887 -3.20621
1.89 -3.20423
1.893 -3.20227
1.896 -3.20033
1.899 -3.1984
1.902 -3.1965
1.905 -3.19461
1.908 -3.19274
1.911 -3.1909
1.914 -3.18906
1.917 -3.18725
1.92 -3.18546
1.923 -3.18369
1.926 -3.18193
1.929 -3.1802
1.932 -3.17848
1.935 -3.17678
1.938 -3.17511
1.941 -3.17345
1.944 -3.17181
1.947 -3.17019
1.95 -3.16859
1.953 -3.16701
1.956 -3.16545
1.959 -3.16391
1.962 -3.16239
1.965 -3.16089
1.968 -3.15941
1.971 -3.15795
1.974 -3.15651
1.977 -3.15509
1.98 -3.1537
1.983 -3.15232
1.986 -3.15096
1.989 -3.14962
1.992 -3.1483
1.995 -3.147
1.998 -3.14572
2.001 -3.14447
2.004 -3.14323
2.007 -3.14201
2.01 -3.14081
2.013 -3.13964
2.016 -3.13848
2.019 -3.13734
2.022 -3.13623
2.025 -3.13513
2.028 -3.13406
2.031 -3.133
2.034 -3.13197
2.037 -3.13095
2.04 -3.12996
2.043 -3.12898
2.046 -3.12803
2.049 -3.12709
2.052 -3.12618
2.055 -3.12528
2.058 -3.12441
2.061 -3.12355
2.064 -3.12272
2.067 -3.1219
2.07 -3.1211
2.073 -3.12033
2.076 -3.11957
2.079 -3.11883
2.082 -3.11811
2.085 -3.11741
2.088 -3.11673
2.091 -3.11607
2.094 -3.11543
2.097 -3.11481
2.1 -3.1142
2.103 -3.11362
2.106 -3.11305
2.109 -3.1125
2.112 -3.11197
2.115 -3.11146
2.118 -3.11097
2.121 -3.11049
2.124 -3.11004
2.127 -3.1096
2.13 -3.10917
2.133 -3.10877
2.136 -3.10838
2.139 -3.10802
2.142 -3.10766
2.145 -3.10733
2.148 -3.10701
2.151 -3.10671
2.154 -3.10643
2.157 -3.10616
2.16 -3.10591
2.163 -3.10568
2.166 -3.10546
2.169 -3.10526
2.172 -3.10508
2.175 -3.10491
2.178 -3.10475
2.181 -3.10462
2.184 -3.10449
2.187 -3.10439
2.19 -3.1043
2.193 -3.10422
2.196 -3.10416
2.199 -3.10411
2.202 -3.10408
2.205 -3.10406
2.208 -3.10406
2.211 -3.10407
2.214 -3.10409
2.217 -3.10413
2.22 -3.10418
2.223 -3.10425
2.226 -3.10433
2.229 -3.10442
2.232 -3.10452
2.235 -3.10464
2.238 -3.10477
2.241 -3.10492
2.244 -3.10507
2.247 -3.10524
2.25 -3.10542
2.253 -3.10561
2.256 -3.10582
2.259 -3.10603
2.262 -3.10626
2.265 -3.1065
2.268 -3.10675
2.271 -3.10701
2.274 -3.10729
2.277 -3.10757
2.28 -3.10786
2.283 -3.10817
2.286 -3.10848
2.289 -3.1088
2.292 -3.10914
2.295 -3.10948
2.298 -3.10984
2.301 -3.1102
2.304 -3.11057
2.307 -3.11096
2.31 -3.11135
2.313 -3.11175
2.316 -3.11216
2.319 -3.11258
2.322 -3.113
2.325 -3.11344
2.328 -3.11388
2.331 -3.11433
2.334 -3.11479
2.337 -3.11526
2.34 -3.11573
2.343 -3.11621
2.346 -3.1167
2.349 -3.1172
2.352 -3.1177
2.355 -3.11821
2.358 -3.11873
2.361 -3.11925
2.364 -3.11979
2.367 -3.12032
2.37 -3.12087
2.373 -3.12142
2.376 -3.12197
2.379 -3.12253
2.382 -3.1231
2.385 -3.12367
2.388 -3.12425
2.391 -3.12483
2.394 -3.12542
2.397 -3.12602
2.4 -3.12662
2.403 -3.12722
2.406 -3.12783
2.409 -3.12844
2.412 -3.12906
2.415 -3.12969
2.418 -3.13031
2.421 -3.13094
2.424 -3.13158
2.427 -3.13222
2.43 -3.13286
2.433 -3.13351
2.436 -3.13416
2.439 -3.13481
2.442 -3.13547
2.445 -3.13613
2.448 -3.1368
2.451 -3.13746
2.454 -3.13814
2.457 -3.13881
2.46 -3.13949
2.463 -3.14016
2.466 -3.14085
2.469 -3.14153
2.472 -3.14222
2.475 -3.14291
2.478 -3.1436
2.481 -3.14429
2.484 -3.14499
2.487 -3.14569
2.49 -3.14639
2.493 -3.14709
2.496 -3.14779
2.499 -3.1485
2.502 -3.14921
2.505 -3.14992
2.508 -3.15063
2.511 -3.15134
2.514 -3.15205
2.517 -3.15277
2.52 -3.15348
2.523 -3.1542
2.526 -3.15492
2.529 -3.15564
2.532 -3.15636
2.535 -3.15708
2.538 -3.1578
2.541 -3.15852
2.544 -3.15924
2.547 -3.15996
2.55 -3.16069
2.553 -3.16141
2.556 -3.16214
2.559 -3.16286
2.562 -3.16359
2.565 -3.16431
2.568 -3.16504
2.571 -3.16576
2.574 -3.16649
2.577 -3.16722
2.58 -3.16794
2.583 -3.16867
2.586 -3.16939
2.589 -3.17012
2.592 -3.17084
2.595 -3.17157
2.598 -3.17229
2.601 -3.17302
2.604 -3.17374
2.607 -3.17446
2.61 -3.17519
2.613 -3.17591
2.616 -3.17663
2.619 -3.17735
2.622 -3.17807
2.625 -3.17879
2.628 -3.17951
2.631 -3.18023
2.634 -3.18094
2.637 -3.18166
2.64 -3.18237
2.643 -3.18309
2.646 -3.1838
2.649 -3.18451
2.652 -3.18522
2.655 -3.18593
2.658 -3.18664
2.661 -3.18735
2.664 -3.18806
2.667 -3.18876
2.67 -3.18947
2.673 -3.19017
2.676 -3.19087
2.679 -3.19157
2.682 -3.19227
2.685 -3.19297
2.688 -3.19366
2.691 -3.19436
2.694 -3.19505
2.697 -3.19574
2.7 -3.19643
2.703 -3.19712
2.706 -3.19781
2.709 -3.19849
2.712 -3.19918
2.715 -3.19986
2.718 -3.20054
2.721 -3.20122
2.724 -3.2019
2.727 -3.20257
2.73 -3.20325
2.733 -3.20392
2.736 -3.20459
2.739 -3.20526
2.742 -3.20592
2.745 -3.20659
2.748 -3.20725
2.751 -3.20791
2.754 -3.20857
2.757 -3.20923
2.76 -3.20989
2.763 -3.21054
2.766 -3.21119
2.769 -3.21185
2.772 -3.21249
2.775 -3.21314
2.778 -3.21379
2.781 -3.21443
2.784 -3.21507
2.787 -3.21571
2.79 -3.21634
2.793 -3.21698
2.796 -3.21761
2.799 -3.21824
2.802 -3.21887
2.805 -3.2195
2.808 -3.22012
2.811 -3.22075
2.814 -3.22137
2.817 -3.22199
2.82 -3.2226
2.823 -3.22322
2.826 -3.22383
2.829 -3.22444
2.832 -3.22505
2.835 -3.22566
2.838 -3.22626
2.841 -3.22686
2.844 -3.22747
2.847 -3.22806
2.85 -3.22866
2.853 -3.22925
2.856 -3.22985
2.859 -3.23044
2.862 -3.23102
2.865 -3.23161
2.868 -3.23219
2.871 -3.23277
2.874 -3.23335
2.877 -3.23393
2.88 -3.23451
2.883 -3.23508
2.886 -3.23565
2.889 -3.23622
2.892 -3.23679
2.895 -3.23735
2.898 -3.23791
2.901 -3.23847
2.904 -3.23903
2.907 -3.23959
2.91 -3.24014
2.913 -3.2407
2.916 -3.24125
2.919 -3.24179
2.922 -3.24234
2.925 -3.24288
2.928 -3.24342
2.931 -3.24396
2.934 -3.2445
2.937 -3.24504
2.94 -3.24557
2.943 -3.2461
2.946 -3.24663
2.949 -3.24716
2.952 -3.24768
2.955 -3.2482
2.958 -3.24873
2.961 -3.24924
2.964 -3.24976
2.967 -3.25028
2.97 -3.25079
2.973 -3.2513
2.976 -3.25181
2.979 -3.25231
2.982 -3.25282
2.985 -3.25332
2.988 -3.25382
2.991 -3.25432
2.994 -3.25481
2.997 -3.25531
3 -3.2558
3.001 -10
