0 5
0.003 3.96444
0.006 3.96393
0.009 3.96342
0.012 3.9629
0.015 3.96239
0.018 3.96186
0.021 3.96134
0.024 3.96081
0.027 3.96028
0.03 3.95974
0.033 3.9592
0.036 3.95866
0.039 3.95811
0.042 3.95756
0.045 3.957
0.048 3.95645
0.051 3.95588
0.054 3.95532
0.057 3.95475
0.06 3.95418
0.063 3.9536
0.066 3.95302
0.069 3.95243
0.072 3.95185
0.075 3.95126
0.078 3.95066
0.081 3.95006
0.084 3.94946
0.087 3.94885
0.09 3.94824
0.093 3.94762
0.096 3.94701
0.099 3.94638
0.102 3.94576
0.105 3.94513
0.108 3.94449
0.111 3.94385
0.114 3.94321
0.117 3.94257
0.12 3.94192
0.123 3.94126
0.126 3.9406
0.129 3.93994
0.132 3.93927
0.135 3.9386
0.138 3.93793
0.141 3.93725
0.144 3.93657
0.147 3.93588
0.15 3.93519
0.153 3.93449
0.156 3.9338
0.159 3.93309
0.162 3.93238
0.165 3.93167
0.168 3.93096
0.171 3.93024
0.174 3.92951
0.177 3.92878
0.18 3.92805
0.183 3.92731
0.186 3.92657
0.189 3.92583
0.192 3.92508
0.195 3.92432
0.198 3.92357
0.201 3.9228
0.204 3.92204
0.207 3.92127
0.21 3.92049
0.213 3.91971
0.216 3.91893
0.219 3.91814
0.222 3.91735
0.225 3.91655
0.228 3.91575
0.231 3.91495
0.234 3.91414
0.237 3.91332
0.24 3.9125
0.243 3.91168
0.246 3.91086
0.249 3.91002
0.252 3.90919
0.255 3.90835
0.258 3.90751
0.261 3.90666
0.264 3.90581
0.267 3.90495
0.27 3.90409
0.273 3.90322
0.276 3.90235
0.279 3.90148
0.282 3.9006
0.285 3.89972
0.288 3.89883
0.291 3.89794
0.294 3.89704
0.297 3.89614
0.3 3.89524
0.303 3.89433
0.306 3.89342
0.309 3.8925
0.312 3.89158
0.315 3.89065
0.318 3.88973
0.321 3.88879
0.324 3.88785
0.327 3.88691
0.33 3.88596
0.333 3.88501
0.336 3.88406
0.339 3.8831
0.342 3.88214
0.345 3.88117
0.348 3.8802
0.351 3.87922
0.354 3.87824
0.357 3.87726
0.36 3.87627
0.363 3.87527
0.366 3.87428
0.369 3.87328
0.372 3.87227
0.375 3.87126
0.378 3.87025
0.381 3.86923
0.384 3.86821
0.387 3.86719
0.39 3.86616
0.393 3.86512
0.396 3.86409
0.399 3.86305
0.402 3.862
0.405 3.86095
0.408 3.8599
0.411 3.85884
0.414 3.85778
0.417 3.85671
0.42 3.85564
0.423 3.85457
0.426 3.85349
0.429 3.85241
0.432 3.85133
0.435 3.85024
0.438 3.84915
0.441 3.84805
0.444 3.84695
0.447 3.84585
0.45 3.84474
0.453 3.84363
0.456 3.84251
0.459 3.84139
0.462 3.84027
0.465 3.83914
0.468 3.83801
0.471 3.83688
0.474 3.83574
0.477 3.8346
0.48 3.83345
0.483 3.8323
0.486 3.83115
0.489 3.82999
0.492 3.82883
0.495 3.82767
0.498 3.8265
0.501 3.82533
0.504 3.82415
0.507 3.82297
0.51 3.82179
0.513 3.82061
0.516 3.81942
0.519 3.81822
0.522 3.81703
0.525 3.81583
0.528 3.81462
0.531 3.81342
0.534 3.8122
0.537 3.81099
0.54 3.80977
0.543 3.80855
0.546 3.80733
0.549 3.8061
0.552 3.80487
0.555 3.80363
0.558 3.80239
0.561 3.80115
0.564 3.7999
0.567 3.79865
0.57 3.7974
0.573 3.79615
0.576 3.79489
0.579 3.79362
0.582 3.79236
0.585 3.79109
0.588 3.78981
0.591 3.78854
0.594 3.78726
0.597 3.78597
0.6 3.78469
0.603 3.7834
0.606 3.7821
0.609 3.7808
0.612 3.7795
0.615 3.7782
0.618 3.77689
0.621 3.77558
0.624 3.77427
0.627 3.77295
0.63 3.77163
0.633 3.77031
0.636 3.76898
0.639 3.76765
0.642 3.76632
0.645 3.76498
0.648 3.76364
0.651 3.7623
0.654 3.76095
0.657 3.7596
0.66 3.75824
0.663 3.75689
0.666 3.75553
0.669 3.75416
0.672 3.7528
0.675 3.75143
0.678 3.75005
0.681 3.74868
0.684 3.7473
0.687 3.74591
0.69 3.74453
0.693 3.74314
0.696 3.74174
0.699 3.74035
0.702 3.73895
0.705 3.73755
0.708 3.73614
0.711 3.73473
0.714 3.73332
0.717 3.7319
0.72 3.73048
0.723 3.72906
0.726 3.72764
0.729 3.72621
0.732 3.72478
0.735 3.72334
0.738 3.7219
0.741 3.72046
0.744 3.71902
0.747 3.71757
0.75 3.71612
0.753 3.71467
0.756 3.71321
0.759 3.71175
0.762 3.71028
0.765 3.70882
0.768 3.70735
0.771 3.70587
0.774 3.7044
0.777 3.70292
0.78 3.70143
0.783 3.69995
0.786 3.69846
0.789 3.69697
0.792 3.69547
0.795 3.69397
0.798 3.69247
0.801 3.69096
0.804 3.68946
0.807 3.68794
0.81 3.68643
0.813 3.68491
0.816 3.68339
0.819 3.68187
0.822 3.68034
0.825 3.67881
0.828 3.67728
0.831 3.67574
0.834 3.6742
0.837 3.67266
0.84 3.67111
0.843 3.66956
0.846 3.66801
0.849 3.66646
0.852 3.6649
0.855 3.66334
0.858 3.66177
0.861 3.66021
0.864 3.65864
0.867 3.65706
0.87 3.65549
0.873 3.65391
0.876 3.65232
0.879 3.65074
0.882 3.64915
0.885 3.64756
0.888 3.64596
0.891 3.64436
0.894 3.64276
0.897 3.64116
0.9 3.63955
0.903 3.63794
0.906 3.63633
0.909 3.63471
0.912 3.63309
0.915 3.63147
0.918 3.62984
0.921 3.62822
0.924 3.62659
0.927 3.62495
0.93 3.62331
0.933 3.62167
0.936 3.62003
0.939 3.61838
0.942 3.61673
0.945 3.61508
0.948 3.61343
0.951 3.61177
0.954 3.61011
0.957 3.60844
0.96 3.60678
0.963 3.60511
0.966 3.60343
0.969 3.60176
0.972 3.60008
0.975 3.5984
0.978 3.59671
0.981 3.59502
0.984 3.59333
0.987 3.59164
0.99 3.58994
0.993 3.58824
0.996 3.58654
0.999 3.58484
1.002 3.58313
1.005 3.58142
1.008 3.5797
1.011 3.57798
1.014 3.57626
1.017 3.57454
1.02 3.57282
1.023 3.57109
1.026 3.56936
1.029 3.56762
1.032 3.56588
1.035 3.56414
1.038 3.5624
1.041 3.56065
1.044 3.5589
1.047 3.55715
1.05 3.5554
1.053 3.55364
1.056 3.55188
1.059 3.55011
1.062 3.54835
1.065 3.54658
1.068 3.5448
1.071 3.54303
1.074 3.54125
1.077 3.53947
1.08 3.53769
1.083 3.5359
1.086 3.53411
1.089 3.53231
1.092 3.53052
1.095 3.52872
1.098 3.52692
1.101 3.52511
1.104 3.5233
1.107 3.52149
1.11 3.51968
1.113 3.51786
1.116 3.51604
1.119 3.51422
1.122 3.5124
1.125 3.51057
1.128 3.50873
1.131 3.5069
1.134 3.50506
1.137 3.50322
1.14 3.50138
1.143 3.49953
1.146 3.49768
1.149 3.49583
1.152 3.49397
1.155 3.49211
1.158 3.49025
1.161 3.48839
1.164 3.48652
1.167 3.48465
1.17 3.48277
1.173 3.4809
1.176 3.47902
1.179 3.47713
1.182 3.47525
1.185 3.47336
1.188 3.47147
1.191 3.46957
1.194 3.46767
1.197 3.46577
1.2 3.46386
1.203 3.46195
1.206 3.46004
1.209 3.45813
1.212 3.45621
1.215 3.45429
1.218 3.45236
1.221 3.45044
1.224 3.4485
1.227 3.44657
1.23 3.44463
1.233 3.44269
1.236 3.44075
1.239 3.4388
1.242 3.43685
1.245 3.43489
1.248 3.43294
1.251 3.43098
1.254 3.42901
1.257 3.42704
1.26 3.42507
1.263 3.4231
1.266 3.42112
1.269 3.41914
1.272 3.41716
1.275 3.41517
1.278 3.41318
1.281 3.41118
1.284 3.40918
1.287 3.40718
1.29 3.40517
1.293 3.40317
1.296 3.40115
1.299 3.39914
1.302 3.39712
1.305 3.39509
1.308 3.39307
1.311 3.39104
1.314 3.389
1.317 3.38696
1.32 3.38492
1.323 3.38288
1.326 3.38083
1.329 3.37878
1.332 3.37672
1.335 3.37466
1.338 3.3726
1.341 3.37053
1.344 3.36846
1.347 3.36638
1.35 3.3643
1.353 3.36222
1.356 3.36014
1.359 3.35805
1.362 3.35595
1.365 3.35386
1.368 3.35175
1.371 3.34965
1.374 3.34754
1.377 3.34543
1.38 3.34331
1.383 3.34119
1.386 3.33906
1.389 3.33694
1.392 3.3348
1.395 3.33267
1.398 3.33053
1.401 3.32838
1.404 3.32624
1.407 3.32408
1.41 3.32193
1.413 3.31977
1.416 3.3176
1.419 3.31544
1.422 3.31327
1.425 3.31109
1.428 3.30891
1.431 3.30673
1.434 3.30454
1.437 3.30235
1.44 3.30015
1.443 3.29795
1.446 3.29575
1.449 3.29354
1.452 3.29133
1.455 3.28912
1.458 3.2869
1.461 3.28467
1.464 3.28245
1.467 3.28022
1.47 3.27798
1.473 3.27574
1.476 3.2735
1.479 3.27125
1.482 3.269
1.485 3.26675
1.488 3.26449
1.491 3.26223
1.494 3.25997
1.497 3.2577
1.5 3.25542
1.503 3.25315
1.506 3.25087
1.509 3.24858
1.512 3.24629
1.515 3.244
1.518 3.24171
1.521 3.23941
1.524 3.2371
1.527 3.2348
1.53 3.23249
1.533 3.23017
1.536 3.22786
1.539 3.22554
1.542 3.22321
1.545 3.22089
1.548 3.21856
1.551 3.21622
1.554 3.21388
1.557 3.21154
1.56 3.2092
1.563 3.20685
1.566 3.2045
1.569 3.20215
1.572 3.19979
1.575 3.19744
1.578 3.19507
1.581 3.19271
1.584 3.19034
1.587 3.18797
1.59 3.1856
1.593 3.18322
1.596 3.18084
1.599 3.17846
1.602 3.17608
1.605 3.17369
1.608 3.1713
1.611 3.16891
1.614 3.16652
1.617 3.16413
1.62 3.16173
1.623 3.15933
1.626 3.15693
1.629 3.15453
1.632 3.15212
1.635 3.14972
1.638 3.14731
1.641 3.1449
1.644 3.14249
1.647 3.14007
1.65 3.13766
1.653 3.13525
1.656 3.13283
1.659 3.13041
1.662 3.12799
1.665 3.12558
1.668 3.12316
1.671 3.12074
1.674 3.11832
1.677 3.11589
1.68 3.11347
1.683 3.11105
1.686 3.10863
1.689 3.10621
1.692 3.10379
1.695 3.10136
1.698 3.09894
1.701 3.09652
1.704 3.0941
1.707 3.09168
1.71 3.08927
1.713 3.08685
1.716 3.08443
1.719 3.08202
1.722 3.0796
1.725 3.07719
1.728 3.07478
1.731 3.07237
1.734 3.06996
1.737 3.06755
1.74 3.06515
1.743 3.06275
1.746 3.06035
1.749 3.05795
1.752 3.05556
1.755 3.05317
1.758 3.05078
1.761 3.04839
1.764 3.04601
1.767 3.04363
1.77 3.04126
1.773 3.03889
1.776 3.03652
1.779 3.03415
1.782 3.03179
1.785 3.02944
1.788 3.02708
1.791 3.02474
1.794 3.02239
1.797 3.02006
1.8 3.01772
1.803 3.0154
1.806 3.01307
1.809 3.01076
1.812 3.00844
1.815 3.00614
1.818 3.00384
1.821 3.00154
1.824 2.99925
1.827 2.99697
1.83 2.9947
1.833 2.99243
1.836 2.99016
1.839 2.98791
1.842 2.98566
1.845 2.98342
1.848 2.98119
1.851 2.97896
1.854 2.97674
1.857 2.97453
1.86 2.97232
1.863 2.97013
1.866 2.96794
1.869 2.96576
1.872 2.96359
1.875 2.96143
1.878 2.95928
1.881 2.95713
1.884 2.955
1.887 2.95287
1.89 2.95075
1.893 2.94865
1.896 2.94655
1.899 2.94446
1.902 2.94238
1.905 2.94031
1.908 2.93826
1.911 2.93621
1.914 2.93417
1.917 2.93214
1.92 2.93012
1.923 2.92812
1.926 2.92612
1.929 2.92414
1.932 2.92216
1.935 2.9202
1.938 2.91825
1.941 2.91631
1.944 2.91438
1.947 2.91246
1.95 2.91056
1.953 2.90866
1.956 2.90678
1.959 2.90491
1.962 2.90305
1.965 2.90121
1.968 2.89937
1.971 2.89755
1.974 2.89574
1.977 2.89394
1.98 2.89216
1.983 2.89039
1.986 2.88863
1.989 2.88688
1.992 2.88515
1.995 2.88343
1.998 2.88172
2.001 2.88002
2.004 2.87834
2.007 2.87667
2.01 2.87501
2.013 2.87337
2.016 2.87174
2.019 2.87012
2.022 2.86852
2.025 2.86693
2.028 2.86535
2.031 2.86379
2.034 2.86224
2.037 2.8607
2.04 2.85918
2.043 2.85767
2.046 2.85617
2.049 2.85469
2.052 2.85322
2.055 2.85176
2.058 2.85032
2.061 2.84889
2.064 2.84748
2.067 2.84608
2.07 2.84469
2.073 2.84331
2.076 2.84195
2.079 2.84061
2.082 2.83927
2.085 2.83795
2.088 2.83664
2.091 2.83535
2.094 2.83407
2.097 2.8328
2.1 2.83155
2.103 2.83031
2.106 2.82908
2.109 2.82787
2.112 2.82667
2.115 2.82549
2.118 2.82431
2.121 2.82315
2.124 2.822
2.127 2.82087
2.13 2.81975
2.133 2.81864
2.136 2.81755
2.139 2.81647
2.142 2.8154
2.145 2.81434
2.148 2.8133
2.151 2.81227
2.154 2.81125
2.157 2.81024
2.16 2.80925
2.163 2.80827
2.166 2.8073
2.169 2.80635
2.172 2.8054
2.175 2.80447
2.178 2.80355
2.181 2.80265
2.184 2.80175
2.187 2.80087
2.19 2.8
2.193 2.79914
2.196 2.79829
2.199 2.79745
2.202 2.79663
2.205 2.79582
2.208 2.79502
2.211 2.79423
2.214 2.79345
2.217 2.79268
2.22 2.79192
2.223 2.79118
2.226 2.79044
2.229 2.78972
2.232 2.789
2.235 2.7883
2.238 2.78761
2.241 2.78693
2.244 2.78626
2.247 2.7856
2.25 2.78495
2.253 2.78431
2.256 2.78368
2.259 2.78306
2.262 2.78245
2.265 2.78185
2.268 2.78125
2.271 2.78067
2.274 2.7801
2.277 2.77954
2.28 2.77899
2.283 2.77844
2.286 2.77791
2.289 2.77738
2.292 2.77687
2.295 2.77636
2.298 2.77586
2.301 2.77537
2.304 2.77489
2.307 2.77441
2.31 2.77395
2.313 2.77349
2.316 2.77304
2.319 2.7726
2.322 2.77217
2.325 2.77175
2.328 2.77133
2.331 2.77093
2.334 2.77052
2.337 2.77013
2.34 2.76975
2.343 2.76937
2.346 2.769
2.349 2.76864
2.352 2.76828
2.355 2.76793
2.358 2.76759
2.361 2.76725
2.364 2.76693
2.367 2.7666
2.37 2.76629
2.373 2.76598
2.376 2.76568
2.379 2.76538
2.382 2.7651
2.385 2.76481
2.388 2.76454
2.391 2.76427
2.394 2.764
2.397 2.76374
2.4 2.76349
2.403 2.76325
2.406 2.763
2.409 2.76277
2.412 2.76254
2.415 2.76232
2.418 2.7621
2.421 2.76188
2.424 2.76167
2.427 2.76147
2.43 2.76127
2.433 2.76108
2.436 2.76089
2.439 2.76071
2.442 2.76053
2.445 2.76036
2.448 2.76019
2.451 2.76002
2.454 2.75986
2.457 2.75971
2.46 2.75956
2.463 2.75941
2.466 2.75927
2.469 2.75913
2.472 2.759
2.475 2.75887
2.478 2.75874
2.481 2.75862
2.484 2.7585
2.487 2.75839
2.49 2.75828
2.493 2.75817
2.496 2.75807
2.499 2.75797
2.502 2.75787
2.505 2.75778
2.508 2.75769
2.511 2.75761
2.514 2.75752
2.517 2.75745
2.52 2.75737
2.523 2.7573
2.526 2.75723
2.529 2.75716
2.532 2.7571
2.535 2.75704
2.538 2.75698
2.541 2.75693
2.544 2.75687
2.547 2.75682
2.55 2.75678
2.553 2.75673
2.556 2.75669
2.559 2.75665
2.562 2.75662
2.565 2.75658
2.568 2.75655
2.571 2.75652
2.574 2.7565
2.577 2.75647
2.58 2.75645
2.583 2.75643
2.586 2.75641
2.589 2.7564
2.592 2.75638
2.595 2.75637
2.598 2.75636
2.601 2.75636
2.604 2.75635
2.607 2.75635
2.61 2.75635
2.613 2.75635
2.616 2.75635
2.619 2.75635
2.622 2.75636
2.625 2.75636
2.628 2.75637
2.631 2.75638
2.634 2.7564
2.637 2.75641
2.64 2.75642
2.643 2.75644
2.646 2.75646
2.649 2.75648
2.652 2.7565
2.655 2.75652
2.658 2.75654
2.661 2.75657
2.664 2.7566
2.667 2.75662
2.67 2.75665
2.673 2.75668
2.676 2.75671
2.679 2.75675
2.682 2.75678
2.685 2.75681
2.688 2.75685
2.691 2.75689
2.694 2.75692
2.697 2.75696
2.7 2.757
2.703 2.75704
2.706 2.75708
2.709 2.75713
2.712 2.75717
2.715 2.75721
2.718 2.75726
2.721 2.7573
2.724 2.75735
2.727 2.7574
2.73 2.75745
2.733 2.7575
2.736 2.75755
2.739 2.7576
2.742 2.75765
2.745 2.7577
2.748 2.75775
2.751 2.7578
2.754 2.75786
2.757 2.75791
2.76 2.75797
2.763 2.75802
2.766 2.75808
2.769 2.75814
2.772 2.75819
2.775 2.75825
2.778 2.75831
2.781 2.75837
2.784 2.75843
2.787 2.75849
2.79 2.75855
2.793 2.75861
2.796 2.75867
2.799 2.75873
2.802 2.75879
2.805 2.75885
2.808 2.75891
2.811 2.75898
2.814 2.75904
2.817 2.7591
2.82 2.75917
2.823 2.75923
2.826 2.75929
2.829 2.75936
2.832 2.75942
2.835 2.75949
2.838 2.75955
2.841 2.75962
2.844 2.75968
2.847 2.75975
2.85 2.75982
2.853 2.75988
2.856 2.75995
2.859 2.76002
2.862 2.76008
2.865 2.76015
2.868 2.76022
2.871 2.76028
2.874 2.76035
2.877 2.76042
2.88 2.76049
2.883 2.76055
2.886 2.76062
2.889 2.76069
2.892 2.76076
2.895 2.76083
2.898 2.76089
2.901 2.76096
2.904 2.76103
2.907 2.7611
2.91 2.76117
2.913 2.76124
2.916 2.7613
2.919 2.76137
2.922 2.76144
2.925 2.76151
2.928 2.76158
2.931 2.76165
2.934 2.76171
2.937 2.76178
2.94 2.76185
2.943 2.76192
2.946 2.76199
2.949 2.76206
2.952 2.76212
2.955 2.76219
2.958 2.76226
2.961 2.76233
2.964 2.7624
2.967 2.76246
2.97 2.76253
2.973 2.7626
2.976 2.76267
2.979 2.76274
2.982 2.7628
2.985 2.76287
2.988 2.76294
2.991 2.76301
2.994 2.76307
2.997 2.76314
3 2.76321
3.001 5
