0 0
0.003 0.396933
0.006 0.398679
0.009 0.400438
0.012 0.40221
0.015 0.403996
0.018 0.405796
0.021 0.407609
0.024 0.409436
0.027 0.411277
0.03 0.413131
0.033 0.415
0.036 0.416883
0.039 0.41878
0.042 0.420691
0.045 0.422617
0.048 0.424558
0.051 0.426513
0.054 0.428482
0.057 0.430467
0.06 0.432466
0.063 0.434481
0.066 0.43651
0.069 0.438555
0.072 0.440615
0.075 0.44269
0.078 0.444781
0.081 0.446887
0.084 0.449009
0.087 0.451147
0.09 0.453301
0.093 0.45547
0.096 0.457656
0.099 0.459858
0.102 0.462075
0.105 0.46431
0.108 0.46656
0.111 0.468828
0.114 0.471111
0.117 0.473412
0.12 0.475729
0.123 0.478063
0.126 0.480414
0.129 0.482782
0.132 0.485167
0.135 0.48757
0.138 0.489989
0.141 0.492426
0.144 0.494881
0.147 0.497353
0.15 0.499843
0.153 0.50235
0.156 0.504876
0.159 0.507419
0.162 0.50998
0.165 0.512559
0.168 0.515156
0.171 0.517772
0.174 0.520405
0.177 0.523057
0.18 0.525728
0.183 0.528417
0.186 0.531124
0.189 0.53385
0.192 0.536595
0.195 0.539359
0.198 0.542141
0.201 0.544943
0.204 0.547763
0.207 0.550602
0.21 0.553461
0.213 0.556338
0.216 0.559235
0.219 0.562151
0.222 0.565086
0.225 0.568041
0.228 0.571015
0.231 0.574008
0.234 0.577021
0.237 0.580053
0.24 0.583105
0.243 0.586177
0.246 0.589268
0.249 0.592379
0.252 0.59551
0.255 0.598661
0.258 0.601831
0.261 0.605021
0.264 0.608231
0.267 0.611461
0.27 0.614711
0.273 0.61798
0.276 0.62127
0.279 0.624579
0.282 0.627909
0.285 0.631258
0.288 0.634628
0.291 0.638017
0.294 0.641426
0.297 0.644856
0.3 0.648305
0.303 0.651774
0.306 0.655264
0.309 0.658773
0.312 0.662302
0.315 0.665851
0.318 0.66942
0.321 0.673009
0.324 0.676618
0.327 0.680247
0.33 0.683895
0.333 0.687563
0.336 0.691251
0.339 0.694959
0.342 0.698687
0.345 0.702434
0.348 0.7062
0.351 0.709987
0.354 0.713793
0.357 0.717618
0.36 0.721463
0.363 0.725327
0.366 0.72921
0.369 0.733112
0.372 0.737034
0.375 0.740975
0.378 0.744935
0.381 0.748914
0.384 0.752912
0.387 0.756928
0.39 0.760963
0.393 0.765017
0.396 0.76909
0.399 0.773181
0.402 0.77729
0.405 0.781418
0.408 0.785564
0.411 0.789728
0.414 0.79391
0.417 0.79811
0.42 0.802328
0.423 0.806563
0.426 0.810816
0.429 0.815087
0.432 0.819375
0.435 0.82368
0.438 0.828003
0.441 0.832342
0.444 0.836699
0.447 0.841072
0.45 0.845462
0.453 0.849868
0.456 0.854291
0.459 0.85873
0.462 0.863185
0.465 0.867657
0.468 0.872144
0.471 0.876647
0.474 0.881166
0.477 0.8857
0.48 0.890249
0.483 0.894814
0.486 0.899394
0.489 0.903989
0.492 0.908598
0.495 0.913223
0.498 0.917861
0.501 0.922514
0.504 0.927182
0.507 0.931863
0.51 0.936558
0.513 0.941268
0.516 0.94599
0.519 0.950727
0.522 0.955476
0.525 0.960239
0.528 0.965015
0.531 0.969803
0.534 0.974605
0.537 0.979419
0.54 0.984245
0.543 0.989084
0.546 0.993934
0.549 0.998797
0.552 1.00367
0.555 1.00856
0.558 1.01346
0.561 1.01836
0.564 1.02328
0.567 1.02822
0.57 1.03316
0.573 1.03811
0.576 1.04308
0.579 1.04805
0.582 1.05303
0.585 1.05803
0.588 1.06303
0.591 1.06805
0.594 1.07307
0.597 1.07811
0.6 1.08315
0.603 1.0882
0.606 1.09326
0.609 1.09833
0.612 1.10341
0.615 1.1085
0.618 1.1136
0.621 1.11871
0.624 1.12382
0.627 1.12894
0.63 1.13407
0.633 1.13921
0.636 1.14436
0.639 1.14951
0.642 1.15467
0.645 1.15984
0.648 1.16502
0.651 1.1702
0.654 1.17539
0.657 1.18059
0.66 1.18579
0.663 1.191
0.666 1.19622
0.669 1.20145
0.672 1.20668
0.675 1.21191
0.678 1.21716
0.681 1.22241
0.684 1.22766
0.687 1.23292
0.69 1.23819
0.693 1.24346
0.696 1.24874
0.699 1.25403
0.702 1.25931
0.705 1.26461
0.708 1.26991
0.711 1.27521
0.714 1.28052
0.717 1.28584
0.72 1.29116
0.723 1.29648
0.726 1.30181
0.729 1.30715
0.732 1.31248
0.735 1.31783
0.738 1.32318
0.741 1.32853
0.744 1.33388
0.747 1.33924
0.75 1.34461
0.753 1.34998
0.756 1.35535
0.759 1.36073
0.762 1.36611
0.765 1.37149
0.768 1.37688
0.771 1.38227
0.774 1.38766
0.777 1.39306
0.78 1.39847
0.783 1.40387
0.786 1.40928
0.789 1.41469
0.792 1.42011
0.795 1.42553
0.798 1.43095
0.801 1.43638
0.804 1.44181
0.807 1.44724
0.81 1.45267
0.813 1.45811
0.816 1.46355
0.819 1.469
0.822 1.47445
0.825 1.4799
0.828 1.48535
0.831 1.49081
0.834 1.49626
0.837 1.50173
0.84 1.50719
0.843 1.51266
0.846 1.51813
0.849 1.5236
0.852 1.52908
0.855 1.53455
0.858 1.54004
0.861 1.54552
0.864 1.551
0.867 1.55649
0.87 1.56198
0.873 1.56748
0.876 1.57297
0.879 1.57847
0.882 1.58397
0.885 1.58948
0.888 1.59498
0.891 1.60049
0.894 1.606
0.897 1.61152
0.9 1.61703
0.903 1.62255
0.906 1.62807
0.909 1.63359
0.912 1.63912
0.915 1.64465
0.918 1.65018
0.921 1.65571
0.924 1.66125
0.927 1.66678
0.93 1.67232
0.933 1.67787
0.936 1.68341
0.939 1.68896
0.942 1.69451
0.945 1.70006
0.948 1.70561
0.951 1.71117
0.954 1.71673
0.957 1.72229
0.96 1.72785
0.963 1.73342
0.966 1.73899
0.969 1.74456
0.972 1.75013
0.975 1.75571
0.978 1.76129
0.981 1.76687
0.984 1.77245
0.987 1.77804
0.99 1.78362
0.993 1.78921
0.996 1.79481
0.999 1.8004
1.002 1.806
1.005 1.8116
1.008 1.8172
1.011 1.82281
1.014 1.82842
1.017 1.83403
1.02 1.83964
1.023 1.84526
1.026 1.85087
1.029 1.8565
1.032 1.86212
1.035 1.86775
1.038 1.87337
1.041 1.87901
1.044 1.88464
1.047 1.89028
1.05 1.89592
1.053 1.90156
1.056 1.9072
1.059 1.91285
1.062 1.9185
1.065 1.92416
1.068 1.92981
1.071 1.93547
1.074 1.94113
1.077 1.9468
1.08 1.95247
1.083 1.95814
1.086 1.96381
1.089 1.96949
1.092 1.97517
1.095 1.98085
1.098 1.98654
1.101 1.99223
1.104 1.99792
1.107 2.00362
1.11 2.00932
1.113 2.01502
1.116 2.02073
1.119 2.02643
1.122 2.03215
1.125 2.03786
1.128 2.04358
1.131 2.0493
1.134 2.05503
1.137 2.06076
1.14 2.06649
1.143 2.07223
1.146 2.07797
1.149 2.08371
1.152 2.08946
1.155 2.09521
1.158 2.10096
1.161 2.10672
1.164 2.11249
1.167 2.11825
1.17 2.12402
1.173 2.12979
1.176 2.13557
1.179 2.14135
1.182 2.14714
1.185 2.15293
1.188 2.15872
1.191 2.16452
1.194 2.17032
1.197 2.17613
1.2 2.18194
1.203 2.18776
1.206 2.19358
1.209 2.1994
1.212 2.20523
1.215 2.21106
1.218 2.2169
1.221 2.22274
1.224 2.22859
1.227 2.23444
1.23 2.24029
1.233 2.24615
1.236 2.25202
1.239 2.25789
1.242 2.26376
1.245 2.26964
1.248 2.27553
1.251 2.28142
1.254 2.28731
1.257 2.29321
1.26 2.29912
1.263 2.30503
1.266 2.31094
1.269 2.31687
1.272 2.32279
1.275 2.32872
1.278 2.33466
1.281 2.3406
1.284 2.34655
1.287 2.3525
1.29 2.35846
1.293 2.36443
1.296 2.3704
1.299 2.37637
1.302 2.38235
1.305 2.38834
1.308 2.39433
1.311 2.40033
1.314 2.40634
1.317 2.41235
1.32 2.41837
1.323 2.42439
1.326 2.43042
1.329 2.43645
1.332 2.4425
1.335 2.44854
1.338 2.4546
1.341 2.46066
1.344 2.46672
1.347 2.4728
1.35 2.47888
1.353 2.48496
1.356 2.49105
1.359 2.49715
1.362 2.50326
1.365 2.50937
1.368 2.51549
1.371 2.52161
1.374 2.52774
1.377 2.53388
1.38 2.54003
1.383 2.54618
1.386 2.55234
1.389 2.5585
1.392 2.56468
1.395 2.57086
1.398 2.57704
1.401 2.58323
1.404 2.58943
1.407 2.59564
1.41 2.60185
1.413 2.60807
1.416 2.6143
1.419 2.62054
1.422 2.62678
1.425 2.63303
1.428 2.63928
1.431 2.64554
1.434 2.65181
1.437 2.65809
1.44 2.66437
1.443 2.67066
1.446 2.67696
1.449 2.68326
1.452 2.68957
1.455 2.69589
1.458 2.70222
1.461 2.70855
1.464 2.71489
1.467 2.72123
1.47 2.72758
1.473 2.73394
1.476 2.74031
1.479 2.74668
1.482 2.75306
1.485 2.75945
1.488 2.76584
1.491 2.77224
1.494 2.77864
1.497 2.78506
1.5 2.79148
1.503 2.7979
1.506 2.80433
1.509 2.81077
1.512 2.81721
1.515 2.82366
1.518 2.83012
1.521 2.83658
1.524 2.84305
1.527 2.84952
1.53 2.856
1.533 2.86249
1.536 2.86898
1.539 2.87548
1.542 2.88198
1.545 2.88848
1.548 2.895
1.551 2.90151
1.554 2.90804
1.557 2.91456
1.56 2.92109
1.563 2.92763
1.566 2.93417
1.569 2.94072
1.572 2.94727
1.575 2.95382
1.578 2.96038
1.581 2.96694
1.584 2.9735
1.587 2.98007
1.59 2.98664
1.593 2.99322
1.596 2.99979
1.599 3.00638
1.602 3.01296
1.605 3.01954
1.608 3.02613
1.611 3.03272
1.614 3.03931
1.617 3.04591
1.62 3.0525
1.623 3.0591
1.626 3.06569
1.629 3.07229
1.632 3.07889
1.635 3.08549
1.638 3.09209
1.641 3.09869
1.644 3.10529
1.647 3.11188
1.65 3.11848
1.653 3.12508
1.656 3.13167
1.659 3.13827
1.662 3.14486
1.665 3.15145
1.668 3.15803
1.671 3.16462
1.674 3.1712
1.677 3.17778
1.68 3.18435
1.683 3.19092
1.686 3.19749
1.689 3.20405
1.692 3.21061
1.695 3.21716
1.698 3.22371
1.701 3.23025
1.704 3.23679
1.707 3.24331
1.71 3.24984
1.713 3.25635
1.716 3.26286
1.719 3.26936
1.722 3.27585
1.725 3.28234
1.728 3.28882
1.731 3.29528
1.734 3.30174
1.737 3.30819
1.74 3.31463
1.743 3.32105
1.746 3.32747
1.749 3.33387
1.752 3.34027
1.755 3.34665
1.758 3.35302
1.761 3.35938
1.764 3.36572
1.767 3.37205
1.77 3.37837
1.773 3.38467
1.776 3.39096
1.779 3.39723
1.782 3.40349
1.785 3.40973
1.788 3.41596
1.791 3.42217
1.794 3.42836
1.797 3.43454
1.8 3.4407
1.803 3.44684
1.806 3.45296
1.809 3.45907
1.812 3.46515
1.815 3.47122
1.818 3.47726
1.821 3.48329
1.824 3.48929
1.827 3.49528
1.83 3.50124
1.833 3.50718
1.836 3.5131
1.839 3.519
1.842 3.52487
1.845 3.53072
1.848 3.53655
1.851 3.54235
1.854 3.54813
1.857 3.55388
1.86 3.55961
1.863 3.56532
1.866 3.571
1.869 3.57665
1.872 3.58227
1.875 3.58787
1.878 3.59345
1.881 3.59899
1.884 3.60451
1.887 3.61
1.89 3.61547
1.893 3.6209
1.896 3.6263
1.899 3.63168
1.902 3.63703
1.905 3.64235
1.908 3.64763
1.911 3.65289
1.914 3.65812
1.917 3.66331
1.92 3.66848
1.923 3.67361
1.926 3.67872
1.929 3.68379
1.932 3.68883
1.935 3.69384
1.938 3.69881
1.941 3.70375
1.944 3.70866
1.947 3.71354
1.95 3.71838
1.953 3.7232
1.956 3.72797
1.959 3.73272
1.962 3.73743
1.965 3.7421
1.968 3.74675
1.971 3.75135
1.974 3.75593
1.977 3.76047
1.98 3.76497
1.983 3.76944
1.986 3.77388
1.989 3.77828
1.992 3.78264
1.995 3.78698
1.998 3.79127
2.001 3.79553
2.004 3.79976
2.007 3.80395
2.01 3.8081
2.013 3.81222
2.016 3.8163
2.019 3.82035
2.022 3.82436
2.025 3.82834
2.028 3.83228
2.031 3.83619
2.034 3.84006
2.037 3.8439
2.04 3.8477
2.043 3.85146
2.046 3.85519
2.049 3.85888
2.052 3.86254
2.055 3.86617
2.058 3.86975
2.061 3.87331
2.064 3.87683
2.067 3.88031
2.07 3.88376
2.073 3.88717
2.076 3.89055
2.079 3.89389
2.082 3.8972
2.085 3.90048
2.088 3.90372
2.091 3.90692
2.094 3.91009
2.097 3.91323
2.1 3.91634
2.103 3.91941
2.106 3.92244
2.109 3.92545
2.112 3.92842
2.115 3.93136
2.118 3.93426
2.121 3.93713
2.124 3.93997
2.127 3.94278
2.13 3.94555
2.133 3.94829
2.136 3.951
2.139 3.95368
2.142 3.95633
2.145 3.95894
2.148 3.96153
2.151 3.96408
2.154 3.9666
2.157 3.9691
2.16 3.97156
2.163 3.97399
2.166 3.97639
2.169 3.97876
2.172 3.9811
2.175 3.98341
2.178 3.9857
2.181 3.98795
2.184 3.99018
2.187 3.99237
2.19 3.99454
2.193 3.99668
2.196 3.9988
2.199 4.00088
2.202 4.00294
2.205 4.00497
2.208 4.00697
2.211 4.00895
2.214 4.0109
2.217 4.01282
2.22 4.01472
2.223 4.01659
2.226 4.01844
2.229 4.02026
2.232 4.02206
2.235 4.02383
2.238 4.02558
2.241 4.0273
2.244 4.029
2.247 4.03067
2.25 4.03232
2.253 4.03395
2.256 4.03555
2.259 4.03713
2.262 4.03869
2.265 4.04022
2.268 4.04174
2.271 4.04323
2.274 4.0447
2.277 4.04614
2.28 4.04757
2.283 4.04897
2.286 4.05036
2.289 4.05172
2.292 4.05306
2.295 4.05438
2.298 4.05568
2.301 4.05697
2.304 4.05823
2.307 4.05947
2.31 4.06069
2.313 4.0619
2.316 4.06308
2.319 4.06425
2.322 4.0654
2.325 4.06653
2.328 4.06764
2.331 4.06874
2.334 4.06982
2.337 4.07088
2.34 4.07192
2.343 4.07294
2.346 4.07395
2.349 4.07495
2.352 4.07592
2.355 4.07688
2.358 4.07783
2.361 4.07876
2.364 4.07967
2.367 4.08057
2.37 4.08145
2.373 4.08232
2.376 4.08317
2.379 4.08401
2.382 4.08483
2.385 4.08564
2.388 4.08644
2.391 4.08722
2.394 4.08799
2.397 4.08875
2.4 4.08949
2.403 4.09022
2.406 4.09093
2.409 4.09163
2.412 4.09232
2.415 4.093
2.418 4.09367
2.421 4.09432
2.424 4.09496
2.427 4.09559
2.43 4.09621
2.433 4.09681
2.436 4.09741
2.439 4.09799
2.442 4.09856
2.445 4.09912
2.448 4.09967
2.451 4.10021
2.454 4.10074
2.457 4.10126
2.46 4.10177
2.463 4.10227
2.466 4.10276
2.469 4.10324
2.472 4.10371
2.475 4.10417
2.478 4.10462
2.481 4.10506
2.484 4.10549
2.487 4.10592
2.49 4.10633
2.493 4.10674
2.496 4.10713
2.499 4.10752
2.502 4.1079
2.505 4.10828
2.508 4.10864
2.511 4.109
2.514 4.10934
2.517 4.10968
2.52 4.11002
2.523 4.11034
2.526 4.11066
2.529 4.11097
2.532 4.11127
2.535 4.11157
2.538 4.11186
2.541 4.11214
2.544 4.11242
2.547 4.11269
2.55 4.11295
2.553 4.1132
2.556 4.11345
2.559 4.11369
2.562 4.11393
2.565 4.11416
2.568 4.11439
2.571 4.1146
2.574 4.11482
2.577 4.11502
2.58 4.11523
2.583 4.11542
2.586 4.11561
2.589 4.1158
2.592 4.11598
2.595 4.11615
2.598 4.11632
2.601 4.11648
2.604 4.11664
2.607 4.11679
2.61 4.11694
2.613 4.11709
2.616 4.11723
2.619 4.11736
2.622 4.11749
2.625 4.11762
2.628 4.11774
2.631 4.11786
2.634 4.11797
2.637 4.11808
2.64 4.11818
2.643 4.11828
2.646 4.11838
2.649 4.11847
2.652 4.11856
2.655 4.11864
2.658 4.11872
2.661 4.1188
2.664 4.11887
2.667 4.11894
2.67 4.11901
2.673 4.11907
2.676 4.11913
2.679 4.11919
2.682 4.11924
2.685 4.11929
2.688 4.11933
2.691 4.11938
2.694 4.11942
2.697 4.11945
2.7 4.11949
2.703 4.11952
2.706 4.11955
2.709 4.11957
2.712 4.11959
2.715 4.11961
2.718 4.11963
2.721 4.11964
2.724 4.11965
2.727 4.11966
2.73 4.11967
2.733 4.11967
2.736 4.11968
2.739 4.11967
2.742 4.11967
2.745 4.11967
2.748 4.11966
2.751 4.11965
2.754 4.11963
2.757 4.11962
2.76 4.1196
2.763 4.11958
2.766 4.11956
2.769 4.11954
2.772 4.11952
2.775 4.11949
2.778 4.11946
2.781 4.11943
2.784 4.1194
2.787 4.11936
2.79 4.11933
2.793 4.11929
2.796 4.11925
2.799 4.11921
2.802 4.11917
2.805 4.11912
2.808 4.11908
2.811 4.11903
2.814 4.11898
2.817 4.11893
2.82 4.11888
2.823 4.11882
2.826 4.11877
2.829 4.11871
2.832 4.11865
2.835 4.1186
2.838 4.11854
2.841 4.11847
2.844 4.11841
2.847 4.11835
2.85 4.11828
2.853 4.11821
2.856 4.11815
2.859 4.11808
2.862 4.11801
2.865 4.11794
2.868 4.11787
2.871 4.11779
2.874 4.11772
2.877 4.11764
2.88 4.11757
2.883 4.11749
2.886 4.11741
2.889 4.11733
2.892 4.11725
2.895 4.11717
2.898 4.11709
2.901 4.11701
2.904 4.11692
2.907 4.11684
2.91 4.11675
2.913 4.11667
2.916 4.11658
2.919 4.1165
2.922 4.11641
2.925 4.11632
2.928 4.11623
2.931 4.11614
2.934 4.11605
2.937 4.11596
2.94 4.11587
2.943 4.11577
2.946 4.11568
2.949 4.11559
2.952 4.11549
2.955 4.1154
2.958 4.1153
2.961 4.1152
2.964 4.11511
2.967 4.11501
2.97 4.11491
2.973 4.11482
2.976 4.11472
2.979 4.11462
2.982 4.11452
2.985 4.11442
2.988 4.11432
2.991 4.11422
2.994 4.11412
2.997 4.11402
3 4.11392
3.001 0
