0 -10
0.003 -7.13999
0.006 -7.13956
0.009 -7.13912
0.012 -7.13867
0.015 -7.13822
0.018 -7.13775
0.021 -7.13729
0.024 -7.13681
0.027 -7.13633
0.03 -7.13584
0.033 -7.13535
0.036 -7.13485
0.039 -7.13434
0.042 -7.13382
0.045 -7.13329
0.048 -7.13276
0.051 -7.13222
0.054 -7.13168
0.057 -7.13112
0.06 -7.13056
0.063 -7.12999
0.066 -7.12941
0.069 -7.12883
0.072 -7.12823
0.075 -7.12763
0.078 -7.12702
0.081 -7.1264
0.084 -7.12578
0.087 -7.12514
0.09 -7.1245
0.093 -7.12385
0.096 -7.12319
0.099 -7.12252
0.102 -7.12184
0.105 -7.12116
0.108 -7.12046
0.111 -7.11976
0.114 -7.11905
0.117 -7.11832
0.12 -7.11759
0.123 -7.11685
0.126 -7.1161
0.129 -7.11534
0.132 -7.11457
0.135 -7.11379
0.138 -7.11301
0.141 -7.11221
0.144 -7.1114
0.147 -7.11058
0.15 -7.10975
0.153 -7.10892
0.156 -7.10807
0.159 -7.10721
0.162 -7.10634
0.165 -7.10546
0.168 -7.10457
0.171 -7.10367
0.174 -7.10276
0.177 -7.10183
0.18 -7.1009
0.183 -7.09995
0.186 -7.099
0.189 -7.09803
0.192 -7.09705
0.195 -7.09606
0.198 -7.09506
0.201 -7.09405
0.204 -7.09302
0.207 -7.09198
0.21 -7.09093
0.213 -7.08987
0.216 -7.0888
0.219 -7.08771
0.222 -7.08661
0.225 -7.0855
0.228 -7.08438
0.231 -7.08324
0.234 -7.08209
0.237 -7.08093
0.24 -7.07975
0.243 -7.07856
0.246 -7.07736
0.249 -7.07614
0.252 -7.07491
0.255 -7.07367
0.258 -7.07241
0.261 -7.07114
0.264 -7.06985
0.267 -7.06855
0.27 -7.06724
0.273 -7.06591
0.276 -7.06457
0.279 -7.06321
0.282 -7.06184
0.285 -7.06045
0.288 -7.05904
0.291 -7.05763
0.294 -7.05619
0.297 -7.05474
0.3 -7.05328
0.303 -7.05179
0.306 -7.0503
0.309 -7.04878
0.312 -7.04725
0.315 -7.04571
0.318 -7.04414
0.321 -7.04257
0.324 -7.04097
0.327 -7.03935
0.33 -7.03772
0.333 -7.03608
0.336 -7.03441
0.339 -7.03273
0.342 -7.03103
0.345 -7.02931
0.348 -7.02757
0.351 -7.02581
0.354 -7.02404
0.357 -7.02225
0.36 -7.02044
0.363 -7.01861
0.366 -7.01676
0.369 -7.01489
0.372 -7.013
0.375 -7.01109
0.378 -7.00917
0.381 -7.00722
0.384 -7.00525
0.387 -7.00326
0.39 -7.00125
0.393 -6.99923
0.396 -6.99718
0.399 -6.9951
0.402 -6.99301
0.405 -6.9909
0.408 -6.98876
0.411 -6.98661
0.414 -6.98443
0.417 -6.98222
0.42 -6.98
0.423 -6.97775
0.426 -6.97549
0.429 -6.97319
0.432 -6.97088
0.435 -6.96854
0.438 -6.96618
0.441 -6.96379
0.444 -6.96138
0.447 -6.95894
0.45 -6.95649
0.453 -6.954
0.456 -6.95149
0.459 -6.94896
0.462 -6.9464
0.465 -6.94381
0.468 -6.9412
0.471 -6.93857
0.474 -6.9359
0.477 -6.93322
0.48 -6.9305
0.483 -6.92776
0.486 -6.92499
0.489 -6.92219
0.492 -6.91936
0.495 -6.91651
0.498 -6.91363
0.501 -6.91072
0.504 -6.90778
0.507 -6.90481
0.51 -6.90182
0.513 -6.89879
0.516 -6.89573
0.519 -6.89265
0.522 -6.88953
0.525 -6.88639
0.528 -6.88321
0.531 -6.88
0.534 -6.87676
0.537 -6.87349
0.54 -6.87019
0.543 -6.86685
0.546 -6.86349
0.549 -6.86009
0.552 -6.85665
0.555 -6.85319
0.558 -6.84969
0.561 -6.84615
0.564 -6.84259
0.567 -6.83899
0.57 -6.83535
0.573 -6.83168
0.576 -6.82797
0.579 -6.82423
0.582 -6.82045
0.585 -6.81664
0.588 -6.81279
0.591 -6.8089
0.594 -6.80497
0.597 -6.80101
0.6 -6.79701
0.603 -6.79298
0.606 -6.7889
0.609 -6.78479
0.612 -6.78063
0.615 -6.77644
0.618 -6.77221
0.621 -6.76794
0.624 -6.76362
0.627 -6.75927
0.63 -6.75488
0.633 -6.75044
0.636 -6.74597
0.639 -6.74145
0.642 -6.73689
0.645 -6.73229
0.648 -6.72764
0.651 -6.72295
0.654 -6.71822
0.657 -6.71344
0.66 -6.70862
0.663 -6.70376
0.666 -6.69885
0.669 -6.69389
0.672 -6.68889
0.675 -6.68385
0.678 -6.67875
0.681 -6.67361
0.684 -6.66843
0.687 -6.6632
0.69 -6.65791
0.693 -6.65259
0.696 -6.64721
0.699 -6.64179
0.702 -6.63631
0.705 -6.63079
0.708 -6.62522
0.711 -6.6196
0.714 -6.61392
0.717 -6.6082
0.72 -6.60243
0.723 -6.5966
0.726 -6.59073
0.729 -6.5848
0.732 -6.57882
0.735 -6.57279
0.738 -6.56671
0.741 -6.56057
0.744 -6.55438
0.747 -6.54814
0.75 -6.54184
0.753 -6.53549
0.756 -6.52908
0.759 -6.52262
0.762 -6.51611
0.765 -6.50954
0.768 -6.50291
0.771 -6.49623
0.774 -6.4895
0.777 -6.4827
0.78 -6.47586
0.783 -6.46895
0.786 -6.46199
0.789 -6.45497
0.792 -6.44789
0.795 -6.44076
0.798 -6.43357
0.801 -6.42632
0.804 -6.41902
0.807 -6.41165
0.81 -6.40423
0.813 -6.39675
0.816 -6.38921
0.819 -6.38162
0.822 -6.37396
0.825 -6.36625
0.828 -6.35847
0.831 -6.35064
0.834 -6.34275
0.837 -6.3348
0.84 -6.3268
0.843 -6.31873
0.846 -6.3106
0.849 -6.30242
0.852 -6.29417
0.855 -6.28587
0.858 -6.27751
0.861 -6.26909
0.864 -6.26061
0.867 -6.25207
0.87 -6.24347
0.873 -6.23482
0.876 -6.2261
0.879 -6.21733
0.882 -6.2085
0.885 -6.19962
0.888 -6.19067
0.891 -6.18167
0.894 -6.17261
0.897 -6.1635
0.9 -6.15433
0.903 -6.1451
0.906 -6.13581
0.909 -6.12647
0.912 -6.11708
0.915 -6.10763
0.918 -6.09812
0.921 -6.08857
0.924 -6.07895
0.927 -6.06929
0.93 -6.05957
0.933 -6.0498
0.936 -6.03998
0.939 -6.0301
0.942 -6.02018
0.945 -6.01021
0.948 -6.00018
0.951 -5.99011
0.954 -5.97999
0.957 -5.96982
0.96 -5.95961
0.963 -5.94935
0.966 -5.93904
0.969 -5.92869
0.972 -5.91829
0.975 -5.90785
0.978 -5.89737
0.981 -5.88684
0.984 -5.87628
0.987 -5.86567
0.99 -5.85503
0.993 -5.84435
0.996 -5.83363
0.999 -5.82287
1.002 -5.81208
1.005 -5.80125
1.008 -5.79039
1.011 -5.77949
1.014 -5.76857
1.017 -5.75761
1.02 -5.74662
1.023 -5.73561
1.026 -5.72456
1.029 -5.71349
1.032 -5.7024
1.035 -5.69127
1.038 -5.68013
1.041 -5.66896
1.044 -5.65777
1.047 -5.64657
1.05 -5.63534
1.053 -5.62409
1.056 -5.61283
1.059 -5.60155
1.062 -5.59026
1.065 -5.57895
1.068 -5.56763
1.071 -5.55631
1.074 -5.54497
1.077 -5.53362
1.08 -5.52226
1.083 -5.5109
1.086 -5.49953
1.089 -5.48816
1.092 -5.47679
1.095 -5.46542
1.098 -5.45404
1.101 -5.44267
1.104 -5.43129
1.107 -5.41992
1.11 -5.40856
1.113 -5.3972
1.116 -5.38585
1.119 -5.3745
1.122 -5.36317
1.125 -5.35184
1.128 -5.34053
1.131 -5.32923
1.134 -5.31794
1.137 -5.30666
1.14 -5.29541
1.143 -5.28417
1.146 -5.27294
1.149 -5.26174
1.152 -5.25056
1.155 -5.23939
1.158 -5.22825
1.161 -5.21713
1.164 -5.20604
1.167 -5.19497
1.17 -5.18393
1.173 -5.17291
1.176 -5.16193
1.179 -5.15097
1.182 -5.14004
1.185 -5.12914
1.188 -5.11828
1.191 -5.10744
1.194 -5.09664
1.197 -5.08588
1.2 -5.07514
1.203 -5.06445
1.206 -5.05379
1.209 -5.04317
1.212 -5.03258
1.215 -5.02204
1.218 -5.01153
1.221 -5.00106
1.224 -4.99064
1.227 -4.98025
1.23 -4.96991
1.233 -4.95961
1.236 -4.94935
1.239 -4.93914
1.242 -4.92897
1.245 -4.91884
1.248 -4.90876
1.251 -4.89873
1.254 -4.88874
1.257 -4.8788
1.26 -4.8689
1.263 -4.85905
1.266 -4.84925
1.269 -4.8395
1.272 -4.8298
1.275 -4.82014
1.278 -4.81053
1.281 -4.80098
1.284 -4.79147
1.287 -4.78201
1.29 -4.7726
1.293 -4.76324
1.296 -4.75393
1.299 -4.74467
1.302 -4.73547
1.305 -4.72631
1.308 -4.7172
1.311 -4.70815
1.314 -4.69914
1.317 -4.69019
1.32 -4.68129
1.323 -4.67244
1.326 -4.66364
1.329 -4.65489
1.332 -4.6462
1.335 -4.63755
1.338 -4.62896
1.341 -4.62041
1.344 -4.61192
1.347 -4.60348
1.35 -4.59509
1.353 -4.58675
1.356 -4.57847
1.359 -4.57023
1.362 -4.56204
1.365 -4.55391
1.368 -4.54582
1.371 -4.53779
1.374 -4.5298
1.377 -4.52187
1.38 -4.51398
1.383 -4.50614
1.386 -4.49836
1.389 -4.49062
1.392 -4.48293
1.395 -4.47529
1.398 -4.4677
1.401 -4.46015
1.404 -4.45266
1.407 -4.44521
1.41 -4.43781
1.413 -4.43046
1.416 -4.42315
1.419 -4.41589
1.422 -4.40867
1.425 -4.40151
1.428 -4.39438
1.431 -4.38731
1.434 -4.38028
1.437 -4.37329
1.44 -4.36635
1.443 -4.35945
1.446 -4.35259
1.449 -4.34578
1.452 -4.33902
1.455 -4.33229
1.458 -4.32561
1.461 -4.31897
1.464 -4.31237
1.467 -4.30582
1.47 -4.2993
1.473 -4.29283
1.476 -4.2864
1.479 -4.28
1.482 -4.27365
1.485 -4.26734
1.488 -4.26106
1.491 -4.25483
1.494 -4.24863
1.497 -4.24247
1.5 -4.23635
1.503 -4.23027
1.506 -4.22422
1.509 -4.21821
1.512 -4.21224
1.515 -4.2063
1.518 -4.2004
1.521 -4.19453
1.524 -4.1887
1.527 -4.1829
1.53 -4.17714
1.533 -4.17141
1.536 -4.16572
1.539 -4.16005
1.542 -4.15442
1.545 -4.14883
1.548 -4.14326
1.551 -4.13773
1.554 -4.13223
1.557 -4.12676
1.56 -4.12132
1.563 -4.11591
1.566 -4.11054
1.569 -4.10519
1.572 -4.09987
1.575 -4.09458
1.578 -4.08932
1.581 -4.08409
1.584 -4.07888
1.587 -4.0737
1.59 -4.06856
1.593 -4.06343
1.596 -4.05834
1.599 -4.05327
1.602 -4.04823
1.605 -4.04321
1.608 -4.03822
1.611 -4.03326
1.614 -4.02832
1.617 -4.0234
1.62 -4.01851
1.623 -4.01364
1.626 -4.0088
1.629 -4.00398
1.632 -3.99918
1.635 -3.99441
1.638 -3.98966
1.641 -3.98493
1.644 -3.98023
1.647 -3.97554
1.65 -3.97088
1.653 -3.96624
1.656 -3.96162
1.659 -3.95702
1.662 -3.95244
1.665 -3.94788
1.668 -3.94334
1.671 -3.93882
1.674 -3.93432
1.677 -3.92984
1.68 -3.92537
1.683 -3.92093
1.686 -3.9165
1.689 -3.9121
1.692 -3.90771
1.695 -3.90334
1.698 -3.89898
1.701 -3.89465
1.704 -3.89033
1.707 -3.88602
1.71 -3.88174
1.713 -3.87747
1.716 -3.87321
1.719 -3.86897
1.722 -3.86475
1.725 -3.86054
1.728 -3.85635
1.731 -3.85217
1.734 -3.84801
1.737 -3.84386
1.74 -3.83973
1.743 -3.83561
1.746 -3.83151
1.749 -3.82742
1.752 -3.82334
1.755 -3.81928
1.758 -3.81522
1.761 -3.81119
1.764 -3.80716
1.767 -3.80315
1.77 -3.79915
1.773 -3.79517
1.776 -3.79119
1.779 -3.78723
1.782 -3.78328
1.785 -3.77934
1.788 -3.77541
1.791 -3.7715
1.794 -3.76759
1.797 -3.7637
1.8 -3.75982
1.803 -3.75594
1.806 -3.75208
1.809 -3.74823
1.812 -3.74439
1.815 -3.74057
1.818 -3.73675
1.821 -3.73294
1.824 -3.72914
1.827 -3.72535
1.83 -3.72157
1.833 -3.7178
1.836 -3.71404
1.839 -3.71029
1.842 -3.70654
1.845 -3.70281
1.848 -3.69909
1.851 -3.69537
1.854 -3.69166
1.857 -3.68797
1.86 -3.68428
1.863 -3.6806
1.866 -3.67692
1.869 -3.67326
1.872 -3.6696
1.875 -3.66596
1.878 -3.66232
1.881 -3.65869
1.884 -3.65506
1.887 -3.65145
1.89 -3.64784
1.893 -3.64424
1.896 -3.64064
1.899 -3.63706
1.902 -3.63348
1.905 -3.62991
1.908 -3.62635
1.911 -3.62279
1.914 -3.61924
1.917 -3.6157
1.92 -3.61217
1.923 -3.60864
1.926 -3.60512
1.929 -3.60161
1.932 -3.5981
1.935 -3.5946
1.938 -3.59111
1.941 -3.58762
1.944 -3.58414
1.947 -3.58067
1.95 -3.57721
1.953 -3.57375
1.956 -3.57029
1.959 -3.56685
1.962 -3.56341
1.965 -3.55998
1.968 -3.55655
1.971 -3.55313
1.974 -3.54972
1.977 -3.54631
1.98 -3.54291
1.983 -3.53952
1.986 -3.53613
1.989 -3.53275
1.992 -3.52938
1.995 -3.52601
1.998 -3.52265
2.001 -3.5193
2.004 -3.51595
2.007 -3.51261
2.01 -3.50927
2.013 -3.50595
2.016 -3.50262
2.019 -3.49931
2.022 -3.496
2.025 -3.4927
2.028 -3.4894
2.031 -3.48611
2.034 -3.48283
2.037 -3.47956
2.04 -3.47629
2.043 -3.47302
2.046 -3.46977
2.049 -3.46652
2.052 -3.46328
2.055 -3.46004
2.058 -3.45681
2.061 -3.45359
2.064 -3.45038
2.067 -3.44717
2.07 -3.44397
2.073 -3.44077
2.076 -3.43758
2.079 -3.4344
2.082 -3.43123
2.085 -3.42807
2.088 -3.42491
2.091 -3.42175
2.094 -3.41861
2.097 -3.41547
2.1 -3.41234
2.103 -3.40922
2.106 -3.40611
2.109 -3.403
2.112 -3.3999
2.115 -3.39681
2.118 -3.39372
2.121 -3.39064
2.124 -3.38758
2.127 -3.38451
2.13 -3.38146
2.133 -3.37841
2.136 -3.37538
2.139 -3.37235
2.142 -3.36933
2.145 -3.36631
2.148 -3.36331
2.151 -3.36031
2.154 -3.35732
2.157 -3.35434
2.16 -3.35137
2.163 -3.34841
2.166 -3.34545
2.169 -3.34251
2.172 -3.33957
2.175 -3.33664
2.178 -3.33372
2.181 -3.33081
2.184 -3.32791
2.187 -3.32501
2.19 -3.32213
2.193 -3.31926
2.196 -3.31639
2.199 -3.31354
2.202 -3.31069
2.205 -3.30785
2.208 -3.30503
2.211 -3.30221
2.214 -3.2994
2.217 -3.2966
2.22 -3.29381
2.223 -3.29103
2.226 -3.28827
2.229 -3.28551
2.232 -3.28276
2.235 -3.28002
2.238 -3.27729
2.241 -3.27457
2.244 -3.27187
2.247 -3.26917
2.25 -3.26648
2.253 -3.26381
2.256 -3.26114
2.259 -3.25849
2.262 -3.25585
2.265 -3.25322
2.268 -3.25059
2.271 -3.24798
2.274 -3.24539
2.277 -3.2428
2.28 -3.24022
2.283 -3.23766
2.286 -3.2351
2.289 -3.23256
2.292 -3.23003
2.295 -3.22751
2.298 -3.22501
2.301 -3.22251
2.304 -3.22003
2.307 -3.21756
2.31 -3.2151
2.313 -3.21266
2.316 -3.21022
2.319 -3.2078
2.322 -3.20539
2.325 -3.20299
2.328 -3.20061
2.331 -3.19824
2.334 -3.19588
2.337 -3.19353
2.34 -3.1912
2.343 -3.18888
2.346 -3.18657
2.349 -3.18428
2.352 -3.182
2.355 -3.17973
2.358 -3.17747
2.361 -3.17523
2.364 -3.173
2.367 -3.17079
2.37 -3.16859
2.373 -3.1664
2.376 -3.16423
2.379 -3.16207
2.382 -3.15992
2.385 -3.15779
2.388 -3.15567
2.391 -3.15357
2.394 -3.15148
2.397 -3.1494
2.4 -3.14734
2.403 -3.1453
2.406 -3.14326
2.409 -3.14124
2.412 -3.13924
2.415 -3.13725
2.418 -3.13528
2.421 -3.13332
2.424 -3.13137
2.427 -3.12944
2.43 -3.12752
2.433 -3.12562
2.436 -3.12374
2.439 -3.12186
2.442 -3.12001
2.445 -3.11817
2.448 -3.11634
2.451 -3.11453
2.454 -3.11273
2.457 -3.11095
2.46 -3.10919
2.463 -3.10744
2.466 -3.1057
2.469 -3.10398
2.472 -3.10228
2.475 -3.10059
2.478 -3.09891
2.481 -3.09726
2.484 -3.09561
2.487 -3.09399
2.49 -3.09237
2.493 -3.09078
2.496 -3.0892
2.499 -3.08763
2.502 -3.08608
2.505 -3.08455
2.508 -3.08303
2.511 -3.08153
2.514 -3.08004
2.517 -3.07857
2.52 -3.07712
2.523 -3.07568
2.526 -3.07425
2.529 -3.07285
2.532 -3.07145
2.535 -3.07008
2.538 -3.06871
2.541 -3.06737
2.544 -3.06604
2.547 -3.06473
2.55 -3.06343
2.553 -3.06214
2.556 -3.06088
2.559 -3.05962
2.562 -3.05839
2.565 -3.05717
2.568 -3.05596
2.571 -3.05477
2.574 -3.0536
2.577 -3.05244
2.58 -3.0513
2.583 -3.05017
2.586 -3.04906
2.589 -3.04796
2.592 -3.04688
2.595 -3.04581
2.598 -3.04476
2.601 -3.04372
2.604 -3.0427
2.607 -3.04169
2.61 -3.0407
2.613 -3.03973
2.616 -3.03877
2.619 -3.03782
2.622 -3.03689
2.625 -3.03597
2.628 -3.03507
2.631 -3.03418
2.634 -3.03331
2.637 -3.03245
2.64 -3.03161
2.643 -3.03078
2.646 -3.02996
2.649 -3.02916
2.652 -3.02837
2.655 -3.0276
2.658 -3.02684
2.661 -3.0261
2.664 -3.02537
2.667 -3.02465
2.67 -3.02395
2.673 -3.02326
2.676 -3.02258
2.679 -3.02192
2.682 -3.02127
2.685 -3.02064
2.688 -3.02002
2.691 -3.01941
2.694 -3.01881
2.697 -3.01823
2.7 -3.01766
2.703 -3.0171
2.706 -3.01656
2.709 -3.01602
2.712 -3.0155
2.715 -3.015
2.718 -3.0145
2.721 -3.01402
2.724 -3.01355
2.727 -3.01309
2.73 -3.01265
2.733 -3.01221
2.736 -3.01179
2.739 -3.01138
2.742 -3.01098
2.745 -3.0106
2.748 -3.01022
2.751 -3.00986
2.754 -3.0095
2.757 -3.00916
2.76 -3.00883
2.763 -3.00851
2.766 -3.0082
2.769 -3.0079
2.772 -3.00761
2.775 -3.00734
2.778 -3.00707
2.781 -3.00681
2.784 -3.00657
2.787 -3.00633
2.79 -3.00611
2.793 -3.00589
2.796 -3.00568
2.799 -3.00549
2.802 -3.0053
2.805 -3.00512
2.808 -3.00495
2.811 -3.00479
2.814 -3.00464
2.817 -3.0045
2.82 -3.00437
2.823 -3.00425
2.826 -3.00413
2.829 -3.00403
2.832 -3.00393
2.835 -3.00384
2.838 -3.00376
2.841 -3.00369
2.844 -3.00363
2.847 -3.00357
2.85 -3.00353
2.853 -3.00349
2.856 -3.00346
2.859 -3.00343
2.862 -3.00341
2.865 -3.00341
2.868 -3.0034
2.871 -3.00341
2.874 -3.00342
2.877 -3.00344
2.88 -3.00347
2.883 -3.00351
2.886 -3.00355
2.889 -3.00359
2.892 -3.00365
2.895 -3.00371
2.898 -3.00378
2.901 -3.00385
2.904 -3.00393
2.907 -3.00402
2.91 -3.00411
2.913 -3.00421
2.916 -3.00431
2.919 -3.00442
2.922 -3.00454
2.925 -3.00466
2.928 -3.00479
2.931 -3.00492
2.934 -3.00506
2.937 -3.0052
2.94 -3.00535
2.943 -3.00551
2.946 -3.00566
2.949 -3.00583
2.952 -3.006
2.955 -3.00617
2.958 -3.00635
2.961 -3.00653
2.964 -3.00672
2.967 -3.00691
2.97 -3.00711
2.973 -3.00731
2.976 -3.00752
2.979 -3.00773
2.982 -3.00794
2.985 -3.00816
2.988 -3.00838
2.991 -3.00861
2.994 -3.00883
2.997 -3.00907
3 -3.00931
3.001 -10
