0 5
0.003 3.81319
0.006 3.81315
0.009 3.81311
0.012 3.81307
0.015 3.81303
0.018 3.81299
0.021 3.81295
0.024 3.81291
0.027 3.81286
0.03 3.81281
0.033 3.81277
0.036 3.81272
0.039 3.81267
0.042 3.81262
0.045 3.81256
0.048 3.81251
0.051 3.81245
0.054 3.8124
0.057 3.81234
0.06 3.81228
0.063 3.81222
0.066 3.81216
0.069 3.81209
0.072 3.81203
0.075 3.81196
0.078 3.81189
0.081 3.81182
0.084 3.81175
0.087 3.81168
0.09 3.81161
0.093 3.81153
0.096 3.81145
0.099 3.81137
0.102 3.81129
0.105 3.81121
0.108 3.81113
0.111 3.81105
0.114 3.81096
0.117 3.81087
0.12 3.81078
0.123 3.81069
0.126 3.8106
0.129 3.8105
0.132 3.81041
0.135 3.81031
0.138 3.81021
0.141 3.81011
0.144 3.81
0.147 3.8099
0.15 3.80979
0.153 3.80968
0.156 3.80957
0.159 3.80946
0.162 3.80935
0.165 3.80923
0.168 3.80911
0.171 3.80899
0.174 3.80887
0.177 3.80875
0.18 3.80862
0.183 3.80849
0.186 3.80836
0.189 3.80823
0.192 3.8081
0.195 3.80796
0.198 3.80782
0.201 3.80768
0.204 3.80754
0.207 3.8074
0.21 3.80725
0.213 3.8071
0.216 3.80695
0.219 3.8068
0.222 3.80664
0.225 3.80649
0.228 3.80633
0.231 3.80616
0.234 3.806
0.237 3.80583
0.24 3.80566
0.243 3.80549
0.246 3.80532
0.249 3.80514
0.252 3.80496
0.255 3.80478
0.258 3.8046
0.261 3.80441
0.264 3.80422
0.267 3.80403
0.27 3.80384
0.273 3.80364
0.276 3.80344
0.279 3.80324
0.282 3.80304
0.285 3.80283
0.288 3.80262
0.291 3.80241
0.294 3.8022
0.297 3.80198
0.3 3.80176
0.303 3.80153
0.306 3.80131
0.309 3.80108
0.312 3.80085
0.315 3.80061
0.318 3.80037
0.321 3.80013
0.324 3.79989
0.327 3.79964
0.33 3.79939
0.333 3.79914
0.336 3.79888
0.339 3.79862
0.342 3.79836
0.345 3.7981
0.348 3.79783
0.351 3.79756
0.354 3.79728
0.357 3.797
0.36 3.79672
0.363 3.79644
0.366 3.79615
0.369 3.79586
0.372 3.79556
0.375 3.79526
0.378 3.79496
0.381 3.79465
0.384 3.79435
0.387 3.79403
0.39 3.79372
0.393 3.7934
0.396 3.79307
0.399 3.79275
0.402 3.79241
0.405 3.79208
0.408 3.79174
0.411 3.7914
0.414 3.79105
0.417 3.7907
0.42 3.79035
0.423 3.78999
0.426 3.78963
0.429 3.78926
0.432 3.78889
0.435 3.78852
0.438 3.78814
0.441 3.78776
0.444 3.78737
0.447 3.78698
0.45 3.78659
0.453 3.78619
0.456 3.78579
0.459 3.78538
0.462 3.78497
0.465 3.78455
0.468 3.78413
0.471 3.78371
0.474 3.78328
0.477 3.78284
0.48 3.78241
0.483 3.78196
0.486 3.78151
0.489 3.78106
0.492 3.7806
0.495 3.78014
0.498 3.77968
0.501 3.7792
0.504 3.77873
0.507 3.77825
0.51 3.77776
0.513 3.77727
0.516 3.77677
0.519 3.77627
0.522 3.77577
0.525 3.77526
0.528 3.77474
0.531 3.77422
0.534 3.77369
0.537 3.77316
0.54 3.77262
0.543 3.77208
0.546 3.77153
0.549 3.77098
0.552 3.77042
0.555 3.76986
0.558 3.76929
0.561 3.76871
0.564 3.76813
0.567 3.76754
0.57 3.76695
0.573 3.76635
0.576 3.76575
0.579 3.76514
0.582 3.76453
0.585 3.7639
0.588 3.76328
0.591 3.76264
0.594 3.76201
0.597 3.76136
0.6 3.76071
0.603 3.76005
0.606 3.75939
0.609 3.75872
0.612 3.75804
0.615 3.75736
0.618 3.75667
0.621 3.75598
0.624 3.75528
0.627 3.75457
0.63 3.75386
0.633 3.75314
0.636 3.75241
0.639 3.75168
0.642 3.75094
0.645 3.75019
0.648 3.74944
0.651 3.74868
0.654 3.74791
0.657 3.74714
0.66 3.74636
0.663 3.74557
0.666 3.74478
0.669 3.74398
0.672 3.74317
0.675 3.74236
0.678 3.74154
0.681 3.74071
0.684 3.73987
0.687 3.73903
0.69 3.73818
0.693 3.73732
0.696 3.73646
0.699 3.73559
0.702 3.73471
0.705 3.73382
0.708 3.73293
0.711 3.73203
0.714 3.73112
0.717 3.73021
0.72 3.72929
0.723 3.72836
0.726 3.72742
0.729 3.72647
0.732 3.72552
0.735 3.72456
0.738 3.72359
0.741 3.72262
0.744 3.72164
0.747 3.72065
0.75 3.71965
0.753 3.71864
0.756 3.71763
0.759 3.71661
0.762 3.71558
0.765 3.71455
0.768 3.7135
0.771 3.71245
0.774 3.7114
0.777 3.71033
0.78 3.70926
0.783 3.70817
0.786 3.70708
0.789 3.70599
0.792 3.70488
0.795 3.70377
0.798 3.70265
0.801 3.70152
0.804 3.70039
0.807 3.69924
0.81 3.69809
0.813 3.69694
0.816 3.69577
0.819 3.6946
0.822 3.69342
0.825 3.69223
0.828 3.69103
0.831 3.68983
0.834 3.68862
0.837 3.6874
0.84 3.68617
0.843 3.68494
0.846 3.6837
0.849 3.68245
0.852 3.6812
0.855 3.67993
0.858 3.67866
0.861 3.67739
0.864 3.6761
0.867 3.67481
0.87 3.67351
0.873 3.67221
0.876 3.67089
0.879 3.66958
0.882 3.66825
0.885 3.66692
0.888 3.66558
0.891 3.66423
0.894 3.66288
0.897 3.66152
0.9 3.66015
0.903 3.65878
0.906 3.6574
0.909 3.65601
0.912 3.65462
0.915 3.65322
0.918 3.65182
0.921 3.65041
0.924 3.64899
0.927 3.64757
0.93 3.64614
0.933 3.64471
0.936 3.64327
0.939 3.64183
0.942 3.64038
0.945 3.63892
0.948 3.63746
0.951 3.63599
0.954 3.63452
0.957 3.63305
0.96 3.63156
0.963 3.63008
0.966 3.62859
0.969 3.62709
0.972 3.62559
0.975 3.62409
0.978 3.62258
0.981 3.62106
0.984 3.61955
0.987 3.61803
0.99 3.6165
0.993 3.61497
0.996 3.61344
0.999 3.6119
1.002 3.61036
1.005 3.60882
1.008 3.60727
1.011 3.60572
1.014 3.60416
1.017 3.60261
1.02 3.60105
1.023 3.59948
1.026 3.59792
1.029 3.59635
1.032 3.59478
1.035 3.59321
1.038 3.59163
1.041 3.59005
1.044 3.58847
1.047 3.58689
1.05 3.58531
1.053 3.58372
1.056 3.58213
1.059 3.58055
1.062 3.57895
1.065 3.57736
1.068 3.57577
1.071 3.57418
1.074 3.57258
1.077 3.57098
1.08 3.56939
1.083 3.56779
1.086 3.56619
1.089 3.56459
1.092 3.56299
1.095 3.56139
1.098 3.55979
1.101 3.55818
1.104 3.55658
1.107 3.55498
1.11 3.55338
1.113 3.55178
1.116 3.55017
1.119 3.54857
1.122 3.54697
1.125 3.54537
1.128 3.54377
1.131 3.54217
1.134 3.54057
1.137 3.53897
1.14 3.53737
1.143 3.53578
1.146 3.53418
1.149 3.53258
1.152 3.53099
1.155 3.5294
1.158 3.5278
1.161 3.52621
1.164 3.52462
1.167 3.52303
1.17 3.52145
1.173 3.51986
1.176 3.51828
1.179 3.51669
1.182 3.51511
1.185 3.51353
1.188 3.51196
1.191 3.51038
1.194 3.50881
1.197 3.50723
1.2 3.50566
1.203 3.50409
1.206 3.50253
1.209 3.50096
1.212 3.4994
1.215 3.49784
1.218 3.49628
1.221 3.49473
1.224 3.49317
1.227 3.49162
1.23 3.49007
1.233 3.48852
1.236 3.48698
1.239 3.48544
1.242 3.48389
1.245 3.48236
1.248 3.48082
1.251 3.47929
1.254 3.47776
1.257 3.47623
1.26 3.4747
1.263 3.47318
1.266 3.47166
1.269 3.47014
1.272 3.46863
1.275 3.46711
1.278 3.4656
1.281 3.4641
1.284 3.46259
1.287 3.46109
1.29 3.45959
1.293 3.45809
1.296 3.4566
1.299 3.45511
1.302 3.45362
1.305 3.45213
1.308 3.45065
1.311 3.44917
1.314 3.44769
1.317 3.44622
1.32 3.44474
1.323 3.44327
1.326 3.44181
1.329 3.44034
1.332 3.43888
1.335 3.43742
1.338 3.43597
1.341 3.43451
1.344 3.43306
1.347 3.43162
1.35 3.43017
1.353 3.42873
1.356 3.42729
1.359 3.42585
1.362 3.42442
1.365 3.42299
1.368 3.42156
1.371 3.42013
1.374 3.41871
1.377 3.41729
1.38 3.41587
1.383 3.41445
1.386 3.41304
1.389 3.41163
1.392 3.41022
1.395 3.40882
1.398 3.40742
1.401 3.40602
1.404 3.40462
1.407 3.40322
1.41 3.40183
1.413 3.40044
1.416 3.39906
1.419 3.39767
1.422 3.39629
1.425 3.39491
1.428 3.39353
1.431 3.39216
1.434 3.39078
1.437 3.38941
1.44 3.38804
1.443 3.38668
1.446 3.38532
1.449 3.38395
1.452 3.3826
1.455 3.38124
1.458 3.37988
1.461 3.37853
1.464 3.37718
1.467 3.37583
1.47 3.37449
1.473 3.37314
1.476 3.3718
1.479 3.37046
1.482 3.36912
1.485 3.36778
1.488 3.36645
1.491 3.36512
1.494 3.36379
1.497 3.36246
1.5 3.36113
1.503 3.35981
1.506 3.35848
1.509 3.35716
1.512 3.35584
1.515 3.35452
1.518 3.3532
1.521 3.35189
1.524 3.35057
1.527 3.34926
1.53 3.34795
1.533 3.34664
1.536 3.34533
1.539 3.34402
1.542 3.34272
1.545 3.34141
1.548 3.34011
1.551 3.33881
1.554 3.3375
1.557 3.3362
1.56 3.3349
1.563 3.33361
1.566 3.33231
1.569 3.33101
1.572 3.32972
1.575 3.32842
1.578 3.32713
1.581 3.32584
1.584 3.32454
1.587 3.32325
1.59 3.32196
1.593 3.32067
1.596 3.31938
1.599 3.31809
1.602 3.3168
1.605 3.31551
1.608 3.31423
1.611 3.31294
1.614 3.31165
1.617 3.31036
1.62 3.30908
1.623 3.30779
1.626 3.3065
1.629 3.30522
1.632 3.30393
1.635 3.30264
1.638 3.30135
1.641 3.30007
1.644 3.29878
1.647 3.29749
1.65 3.2962
1.653 3.29492
1.656 3.29363
1.659 3.29234
1.662 3.29105
1.665 3.28976
1.668 3.28847
1.671 3.28718
1.674 3.28589
1.677 3.28459
1.68 3.2833
1.683 3.28201
1.686 3.28071
1.689 3.27942
1.692 3.27812
1.695 3.27682
1.698 3.27552
1.701 3.27422
1.704 3.27292
1.707 3.27162
1.71 3.27032
1.713 3.26901
1.716 3.26771
1.719 3.2664
1.722 3.26509
1.725 3.26378
1.728 3.26247
1.731 3.26116
1.734 3.25984
1.737 3.25852
1.74 3.25721
1.743 3.25589
1.746 3.25456
1.749 3.25324
1.752 3.25191
1.755 3.25059
1.758 3.24926
1.761 3.24792
1.764 3.24659
1.767 3.24525
1.77 3.24392
1.773 3.24258
1.776 3.24123
1.779 3.23989
1.782 3.23854
1.785 3.23719
1.788 3.23584
1.791 3.23448
1.794 3.23312
1.797 3.23176
1.8 3.2304
1.803 3.22903
1.806 3.22766
1.809 3.22629
1.812 3.22492
1.815 3.22354
1.818 3.22216
1.821 3.22078
1.824 3.21939
1.827 3.218
1.83 3.21661
1.833 3.21521
1.836 3.21381
1.839 3.21241
1.842 3.211
1.845 3.20959
1.848 3.20818
1.851 3.20677
1.854 3.20535
1.857 3.20392
1.86 3.2025
1.863 3.20107
1.866 3.19963
1.869 3.19819
1.872 3.19675
1.875 3.19531
1.878 3.19386
1.881 3.1924
1.884 3.19095
1.887 3.18949
1.89 3.18802
1.893 3.18655
1.896 3.18508
1.899 3.1836
1.902 3.18212
1.905 3.18064
1.908 3.17915
1.911 3.17765
1.914 3.17616
1.917 3.17465
1.92 3.17315
1.923 3.17164
1.926 3.17012
1.929 3.1686
1.932 3.16708
1.935 3.16555
1.938 3.16402
1.941 3.16248
1.944 3.16094
1.947 3.15939
1.95 3.15784
1.953 3.15629
1.956 3.15473
1.959 3.15316
1.962 3.15159
1.965 3.15002
1.968 3.14844
1.971 3.14686
1.974 3.14527
1.977 3.14367
1.98 3.14208
1.983 3.14047
1.986 3.13887
1.989 3.13725
1.992 3.13564
1.995 3.13402
1.998 3.13239
2.001 3.13076
2.004 3.12912
2.007 3.12748
2.01 3.12584
2.013 3.12419
2.016 3.12253
2.019 3.12087
2.022 3.1192
2.025 3.11753
2.028 3.11586
2.031 3.11418
2.034 3.1125
2.037 3.11081
2.04 3.10911
2.043 3.10741
2.046 3.10571
2.049 3.104
2.052 3.10229
2.055 3.10057
2.058 3.09885
2.061 3.09712
2.064 3.09539
2.067 3.09365
2.07 3.09191
2.073 3.09016
2.076 3.08841
2.079 3.08666
2.082 3.08489
2.085 3.08313
2.088 3.08136
2.091 3.07959
2.094 3.07781
2.097 3.07603
2.1 3.07424
2.103 3.07245
2.106 3.07065
2.109 3.06885
2.112 3.06705
2.115 3.06524
2.118 3.06343
2.121 3.06161
2.124 3.05979
2.127 3.05796
2.13 3.05614
2.133 3.0543
2.136 3.05247
2.139 3.05063
2.142 3.04878
2.145 3.04693
2.148 3.04508
2.151 3.04323
2.154 3.04137
2.157 3.0395
2.16 3.03764
2.163 3.03577
2.166 3.0339
2.169 3.03202
2.172 3.03014
2.175 3.02826
2.178 3.02638
2.181 3.02449
2.184 3.0226
2.187 3.0207
2.19 3.01881
2.193 3.01691
2.196 3.015
2.199 3.0131
2.202 3.01119
2.205 3.00928
2.208 3.00737
2.211 3.00546
2.214 3.00354
2.217 3.00163
2.22 2.99971
2.223 2.99779
2.226 2.99586
2.229 2.99394
2.232 2.99201
2.235 2.99008
2.238 2.98815
2.241 2.98622
2.244 2.98429
2.247 2.98236
2.25 2.98043
2.253 2.97849
2.256 2.97656
2.259 2.97462
2.262 2.97268
2.265 2.97075
2.268 2.96881
2.271 2.96687
2.274 2.96493
2.277 2.963
2.28 2.96106
2.283 2.95912
2.286 2.95718
2.289 2.95525
2.292 2.95331
2.295 2.95138
2.298 2.94944
2.301 2.94751
2.304 2.94558
2.307 2.94364
2.31 2.94171
2.313 2.93978
2.316 2.93786
2.319 2.93593
2.322 2.93401
2.325 2.93208
2.328 2.93016
2.331 2.92824
2.334 2.92633
2.337 2.92441
2.34 2.9225
2.343 2.92059
2.346 2.91869
2.349 2.91678
2.352 2.91488
2.355 2.91298
2.358 2.91109
2.361 2.9092
2.364 2.90731
2.367 2.90542
2.37 2.90354
2.373 2.90167
2.376 2.89979
2.379 2.89792
2.382 2.89606
2.385 2.8942
2.388 2.89234
2.391 2.89049
2.394 2.88864
2.397 2.8868
2.4 2.88496
2.403 2.88313
2.406 2.8813
2.409 2.87947
2.412 2.87766
2.415 2.87584
2.418 2.87404
2.421 2.87223
2.424 2.87044
2.427 2.86865
2.43 2.86686
2.433 2.86509
2.436 2.86331
2.439 2.86155
2.442 2.85979
2.445 2.85804
2.448 2.85629
2.451 2.85455
2.454 2.85282
2.457 2.85109
2.46 2.84937
2.463 2.84766
2.466 2.84595
2.469 2.84425
2.472 2.84256
2.475 2.84088
2.478 2.8392
2.481 2.83754
2.484 2.83587
2.487 2.83422
2.49 2.83258
2.493 2.83094
2.496 2.82931
2.499 2.82769
2.502 2.82608
2.505 2.82447
2.508 2.82287
2.511 2.82129
2.514 2.81971
2.517 2.81813
2.52 2.81657
2.523 2.81502
2.526 2.81347
2.529 2.81193
2.532 2.81041
2.535 2.80889
2.538 2.80738
2.541 2.80587
2.544 2.80438
2.547 2.8029
2.55 2.80142
2.553 2.79996
2.556 2.7985
2.559 2.79706
2.562 2.79562
2.565 2.79419
2.568 2.79277
2.571 2.79136
2.574 2.78996
2.577 2.78857
2.58 2.78719
2.583 2.78582
2.586 2.78446
2.589 2.7831
2.592 2.78176
2.595 2.78043
2.598 2.7791
2.601 2.77779
2.604 2.77648
2.607 2.77519
2.61 2.7739
2.613 2.77263
2.616 2.77136
2.619 2.7701
2.622 2.76886
2.625 2.76762
2.628 2.76639
2.631 2.76518
2.634 2.76397
2.637 2.76277
2.64 2.76158
2.643 2.7604
2.646 2.75923
2.649 2.75807
2.652 2.75692
2.655 2.75578
2.658 2.75465
2.661 2.75353
2.664 2.75242
2.667 2.75132
2.67 2.75023
2.673 2.74914
2.676 2.74807
2.679 2.74701
2.682 2.74595
2.685 2.74491
2.688 2.74387
2.691 2.74284
2.694 2.74183
2.697 2.74082
2.7 2.73982
2.703 2.73883
2.706 2.73785
2.709 2.73688
2.712 2.73592
2.715 2.73497
2.718 2.73403
2.721 2.73309
2.724 2.73217
2.727 2.73125
2.73 2.73035
2.733 2.72945
2.736 2.72856
2.739 2.72768
2.742 2.72681
2.745 2.72594
2.748 2.72509
2.751 2.72424
2.754 2.72341
2.757 2.72258
2.76 2.72176
2.763 2.72095
2.766 2.72014
2.769 2.71935
2.772 2.71856
2.775 2.71778
2.778 2.71701
2.781 2.71625
2.784 2.7155
2.787 2.71475
2.79 2.71401
2.793 2.71328
2.796 2.71256
2.799 2.71185
2.802 2.71114
2.805 2.71044
2.808 2.70975
2.811 2.70907
2.814 2.70839
2.817 2.70773
2.82 2.70706
2.823 2.70641
2.826 2.70577
2.829 2.70513
2.832 2.7045
2.835 2.70387
2.838 2.70325
2.841 2.70264
2.844 2.70204
2.847 2.70144
2.85 2.70086
2.853 2.70027
2.856 2.6997
2.859 2.69913
2.862 2.69857
2.865 2.69801
2.868 2.69746
2.871 2.69692
2.874 2.69638
2.877 2.69585
2.88 2.69533
2.883 2.69481
2.886 2.6943
2.889 2.6938
2.892 2.6933
2.895 2.69281
2.898 2.69232
2.901 2.69184
2.904 2.69137
2.907 2.6909
2.91 2.69043
2.913 2.68998
2.916 2.68953
2.919 2.68908
2.922 2.68864
2.925 2.6882
2.928 2.68778
2.931 2.68735
2.934 2.68693
2.937 2.68652
2.94 2.68611
2.943 2.68571
2.946 2.68531
2.949 2.68492
2.952 2.68453
2.955 2.68415
2.958 2.68377
2.961 2.6834
2.964 2.68303
2.967 2.68267
2.97 2.68231
2.973 2.68196
2.976 2.68161
2.979 2.68126
2.982 2.68092
2.985 2.68059
2.988 2.68026
2.991 2.67993
2.994 2.67961
2.997 2.67929
3 2.67898
3.001 5
