0 0
0.003 0.171841
0.006 0.172054
0.009 0.172268
0.012 0.172485
0.015 0.172704
0.018 0.172926
0.021 0.173149
0.024 0.173375
0.027 0.173603
0.03 0.173834
0.033 0.174067
0.036 0.174302
0.039 0.17454
0.042 0.17478
0.045 0.175022
0.048 0.175267
0.051 0.175515
0.054 0.175765
0.057 0.176017
0.06 0.176272
0.063 0.17653
0.066 0.17679
0.069 0.177052
0.072 0.177318
0.075 0.177586
0.078 0.177857
0.081 0.17813
0.084 0.178406
0.087 0.178685
0.09 0.178967
0.093 0.179251
0.096 0.179539
0.099 0.179829
0.102 0.180122
0.105 0.180418
0.108 0.180717
0.111 0.181019
0.114 0.181324
0.117 0.181632
0.12 0.181942
0.123 0.182256
0.126 0.182574
0.129 0.182894
0.132 0.183217
0.135 0.183544
0.138 0.183873
0.141 0.184206
0.144 0.184543
0.147 0.184882
0.15 0.185225
0.153 0.185572
0.156 0.185921
0.159 0.186274
0.162 0.186631
0.165 0.186991
0.168 0.187355
0.171 0.187722
0.174 0.188092
0.177 0.188467
0.18 0.188845
0.183 0.189226
0.186 0.189612
0.189 0.190001
0.192 0.190394
0.195 0.190791
0.198 0.191191
0.201 0.191596
0.204 0.192004
0.207 0.192417
0.21 0.192833
0.213 0.193254
0.216 0.193678
0.219 0.194107
0.222 0.19454
0.225 0.194977
0.228 0.195418
0.231 0.195863
0.234 0.196313
0.237 0.196768
0.24 0.197226
0.243 0.197689
0.246 0.198157
0.249 0.198629
0.252 0.199105
0.255 0.199587
0.258 0.200073
0.261 0.200563
0.264 0.201059
0.267 0.201559
0.27 0.202064
0.273 0.202573
0.276 0.203088
0.279 0.203608
0.282 0.204133
0.285 0.204663
0.288 0.205198
0.291 0.205738
0.294 0.206283
0.297 0.206834
0.3 0.20739
0.303 0.207951
0.306 0.208518
0.309 0.20909
0.312 0.209667
0.315 0.210251
0.318 0.21084
0.321 0.211434
0.324 0.212035
0.327 0.212641
0.33 0.213253
0.333 0.213871
0.336 0.214495
0.339 0.215125
0.342 0.215761
0.345 0.216403
0.348 0.217051
0.351 0.217706
0.354 0.218367
0.357 0.219034
0.36 0.219708
0.363 0.220388
0.366 0.221075
0.369 0.221769
0.372 0.222469
0.375 0.223176
0.378 0.22389
0.381 0.224611
0.384 0.225338
0.387 0.226073
0.39 0.226815
0.393 0.227564
0.396 0.228321
0.399 0.229085
0.402 0.229856
0.405 0.230634
0.408 0.231421
0.411 0.232214
0.414 0.233016
0.417 0.233825
0.42 0.234642
0.423 0.235468
0.426 0.236301
0.429 0.237142
0.432 0.237992
0.435 0.238849
0.438 0.239715
0.441 0.24059
0.444 0.241473
0.447 0.242365
0.45 0.243265
0.453 0.244174
0.456 0.245092
0.459 0.246019
0.462 0.246955
0.465 0.247901
0.468 0.248855
0.471 0.249819
0.474 0.250792
0.477 0.251775
0.48 0.252767
0.483 0.25377
0.486 0.254782
0.489 0.255803
0.492 0.256835
0.495 0.257877
0.498 0.25893
0.501 0.259992
0.504 0.261065
0.507 0.262149
0.51 0.263243
0.513 0.264348
0.516 0.265464
0.519 0.266591
0.522 0.267729
0.525 0.268879
0.528 0.270039
0.531 0.271211
0.534 0.272395
0.537 0.27359
0.54 0.274798
0.543 0.276017
0.546 0.277248
0.549 0.278491
0.552 0.279747
0.555 0.281015
0.558 0.282296
0.561 0.283589
0.564 0.284895
0.567 0.286215
0.57 0.287547
0.573 0.288892
0.576 0.290251
0.579 0.291624
0.582 0.29301
0.585 0.294409
0.588 0.295823
0.591 0.297251
0.594 0.298693
0.597 0.300149
0.6 0.30162
0.603 0.303106
0.606 0.304606
0.609 0.306121
0.612 0.307652
0.615 0.309197
0.618 0.310758
0.621 0.312335
0.624 0.313927
0.627 0.315536
0.63 0.31716
0.633 0.3188
0.636 0.320457
0.639 0.32213
0.642 0.323821
0.645 0.325527
0.648 0.327251
0.651 0.328993
0.654 0.330751
0.657 0.332527
0.66 0.334321
0.663 0.336133
0.666 0.337962
0.669 0.33981
0.672 0.341677
0.675 0.343562
0.678 0.345465
0.681 0.347388
0.684 0.34933
0.687 0.351291
0.69 0.353271
0.693 0.355272
0.696 0.357292
0.699 0.359332
0.702 0.361392
0.705 0.363473
0.708 0.365574
0.711 0.367697
0.714 0.36984
0.717 0.372004
0.72 0.37419
0.723 0.376397
0.726 0.378626
0.729 0.380877
0.732 0.38315
0.735 0.385445
0.738 0.387763
0.741 0.390103
0.744 0.392466
0.747 0.394853
0.75 0.397262
0.753 0.399695
0.756 0.402152
0.759 0.404633
0.762 0.407137
0.765 0.409666
0.768 0.412219
0.771 0.414796
0.774 0.417399
0.777 0.420026
0.78 0.422678
0.783 0.425356
0.786 0.428059
0.789 0.430788
0.792 0.433543
0.795 0.436324
0.798 0.439131
0.801 0.441964
0.804 0.444824
0.807 0.44771
0.81 0.450624
0.813 0.453564
0.816 0.456532
0.819 0.459527
0.822 0.462549
0.825 0.4656
0.828 0.468678
0.831 0.471784
0.834 0.474918
0.837 0.47808
0.84 0.481271
0.843 0.48449
0.846 0.487738
0.849 0.491015
0.852 0.494321
0.855 0.497655
0.858 0.501019
0.861 0.504413
0.864 0.507835
0.867 0.511287
0.87 0.514769
0.873 0.51828
0.876 0.521821
0.879 0.525392
0.882 0.528993
0.885 0.532624
0.888 0.536284
0.891 0.539975
0.894 0.543696
0.897 0.547448
0.9 0.551229
0.903 0.555041
0.906 0.558883
0.909 0.562756
0.912 0.566659
0.915 0.570592
0.918 0.574556
0.921 0.57855
0.924 0.582574
0.927 0.586629
0.93 0.590714
0.933 0.594829
0.936 0.598975
0.939 0.60315
0.942 0.607356
0.945 0.611592
0.948 0.615858
0.951 0.620154
0.954 0.624479
0.957 0.628834
0.96 0.633219
0.963 0.637634
0.966 0.642077
0.969 0.64655
0.972 0.651052
0.975 0.655583
0.978 0.660143
0.981 0.664731
0.984 0.669348
0.987 0.673993
0.99 0.678667
0.993 0.683368
0.996 0.688097
0.999 0.692853
1.002 0.697636
1.005 0.702447
1.008 0.707284
1.011 0.712148
1.014 0.717038
1.017 0.721954
1.02 0.726896
1.023 0.731863
1.026 0.736855
1.029 0.741872
1.032 0.746914
1.035 0.75198
1.038 0.75707
1.041 0.762184
1.044 0.76732
1.047 0.77248
1.05 0.777662
1.053 0.782867
1.056 0.788093
1.059 0.793341
1.062 0.79861
1.065 0.8039
1.068 0.80921
1.071 0.814541
1.074 0.819891
1.077 0.82526
1.08 0.830647
1.083 0.836054
1.086 0.841478
1.089 0.84692
1.092 0.852379
1.095 0.857855
1.098 0.863347
1.101 0.868855
1.104 0.874378
1.107 0.879916
1.11 0.885469
1.113 0.891037
1.116 0.896617
1.119 0.902212
1.122 0.907819
1.125 0.913438
1.128 0.919069
1.131 0.924712
1.134 0.930366
1.137 0.936031
1.14 0.941705
1.143 0.94739
1.146 0.953084
1.149 0.958786
1.152 0.964497
1.155 0.970216
1.158 0.975943
1.161 0.981676
1.164 0.987416
1.167 0.993163
1.17 0.998915
1.173 1.00467
1.176 1.01044
1.179 1.0162
1.182 1.02197
1.185 1.02775
1.188 1.03353
1.191 1.03931
1.194 1.04509
1.197 1.05088
1.2 1.05667
1.203 1.06245
1.206 1.06824
1.209 1.07403
1.212 1.07983
1.215 1.08562
1.218 1.09141
1.221 1.09719
1.224 1.10298
1.227 1.10877
1.23 1.11455
1.233 1.12034
1.236 1.12612
1.239 1.13189
1.242 1.13767
1.245 1.14344
1.248 1.1492
1.251 1.15496
1.254 1.16072
1.257 1.16647
1.26 1.17222
1.263 1.17796
1.266 1.1837
1.269 1.18943
1.272 1.19516
1.275 1.20088
1.278 1.20659
1.281 1.2123
1.284 1.218
1.287 1.22369
1.29 1.22937
1.293 1.23505
1.296 1.24072
1.299 1.24638
1.302 1.25203
1.305 1.25768
1.308 1.26332
1.311 1.26894
1.314 1.27456
1.317 1.28017
1.32 1.28577
1.323 1.29137
1.326 1.29695
1.329 1.30252
1.332 1.30809
1.335 1.31364
1.338 1.31918
1.341 1.32472
1.344 1.33024
1.347 1.33576
1.35 1.34126
1.353 1.34675
1.356 1.35224
1.359 1.35771
1.362 1.36317
1.365 1.36862
1.368 1.37406
1.371 1.37949
1.374 1.38491
1.377 1.39032
1.38 1.39572
1.383 1.40111
1.386 1.40648
1.389 1.41185
1.392 1.4172
1.395 1.42255
1.398 1.42788
1.401 1.4332
1.404 1.43852
1.407 1.44382
1.41 1.44911
1.413 1.45439
1.416 1.45966
1.419 1.46491
1.422 1.47016
1.425 1.4754
1.428 1.48062
1.431 1.48584
1.434 1.49104
1.437 1.49624
1.44 1.50142
1.443 1.5066
1.446 1.51176
1.449 1.51691
1.452 1.52206
1.455 1.52719
1.458 1.53231
1.461 1.53743
1.464 1.54253
1.467 1.54763
1.47 1.55271
1.473 1.55778
1.476 1.56285
1.479 1.56791
1.482 1.57295
1.485 1.57799
1.488 1.58302
1.491 1.58804
1.494 1.59305
1.497 1.59805
1.5 1.60304
1.503 1.60803
1.506 1.613
1.509 1.61797
1.512 1.62293
1.515 1.62788
1.518 1.63283
1.521 1.63776
1.524 1.64269
1.527 1.64761
1.53 1.65253
1.533 1.65743
1.536 1.66233
1.539 1.66723
1.542 1.67211
1.545 1.67699
1.548 1.68186
1.551 1.68673
1.554 1.69159
1.557 1.69644
1.56 1.70129
1.563 1.70613
1.566 1.71097
1.569 1.7158
1.572 1.72063
1.575 1.72545
1.578 1.73026
1.581 1.73507
1.584 1.73988
1.587 1.74468
1.59 1.74948
1.593 1.75427
1.596 1.75906
1.599 1.76385
1.602 1.76863
1.605 1.7734
1.608 1.77818
1.611 1.78295
1.614 1.78772
1.617 1.79248
1.62 1.79725
1.623 1.80201
1.626 1.80676
1.629 1.81152
1.632 1.81627
1.635 1.82102
1.638 1.82577
1.641 1.83052
1.644 1.83527
1.647 1.84002
1.65 1.84476
1.653 1.84951
1.656 1.85425
1.659 1.85899
1.662 1.86373
1.665 1.86848
1.668 1.87322
1.671 1.87796
1.674 1.88271
1.677 1.88745
1.68 1.89219
1.683 1.89694
1.686 1.90169
1.689 1.90643
1.692 1.91118
1.695 1.91594
1.698 1.92069
1.701 1.92544
1.704 1.9302
1.707 1.93496
1.71 1.93972
1.713 1.94449
1.716 1.94925
1.719 1.95402
1.722 1.9588
1.725 1.96358
1.728 1.96836
1.731 1.97314
1.734 1.97793
1.737 1.98272
1.74 1.98752
1.743 1.99232
1.746 1.99713
1.749 2.00194
1.752 2.00675
1.755 2.01157
1.758 2.0164
1.761 2.02123
1.764 2.02607
1.767 2.03091
1.77 2.03576
1.773 2.04061
1.776 2.04547
1.779 2.05034
1.782 2.05522
1.785 2.0601
1.788 2.06498
1.791 2.06988
1.794 2.07478
1.797 2.07969
1.8 2.08461
1.803 2.08953
1.806 2.09447
1.809 2.09941
1.812 2.10435
1.815 2.10931
1.818 2.11428
1.821 2.11925
1.824 2.12423
1.827 2.12923
1.83 2.13423
1.833 2.13924
1.836 2.14426
1.839 2.14928
1.842 2.15432
1.845 2.15937
1.848 2.16443
1.851 2.1695
1.854 2.17457
1.857 2.17966
1.86 2.18476
1.863 2.18987
1.866 2.19499
1.869 2.20012
1.872 2.20526
1.875 2.21041
1.878 2.21558
1.881 2.22075
1.884 2.22594
1.887 2.23114
1.89 2.23634
1.893 2.24156
1.896 2.2468
1.899 2.25204
1.902 2.2573
1.905 2.26256
1.908 2.26784
1.911 2.27314
1.914 2.27844
1.917 2.28376
1.92 2.28909
1.923 2.29443
1.926 2.29978
1.929 2.30515
1.932 2.31053
1.935 2.31592
1.938 2.32133
1.941 2.32675
1.944 2.33218
1.947 2.33762
1.95 2.34308
1.953 2.34855
1.956 2.35403
1.959 2.35953
1.962 2.36504
1.965 2.37056
1.968 2.3761
1.971 2.38165
1.974 2.38721
1.977 2.39279
1.98 2.39838
1.983 2.40398
1.986 2.4096
1.989 2.41523
1.992 2.42087
1.995 2.42653
1.998 2.4322
2.001 2.43789
2.004 2.44358
2.007 2.44929
2.01 2.45502
2.013 2.46076
2.016 2.46651
2.019 2.47227
2.022 2.47805
2.025 2.48384
2.028 2.48964
2.031 2.49546
2.034 2.50129
2.037 2.50713
2.04 2.51299
2.043 2.51886
2.046 2.52474
2.049 2.53063
2.052 2.53654
2.055 2.54246
2.058 2.54839
2.061 2.55433
2.064 2.56029
2.067 2.56626
2.07 2.57224
2.073 2.57823
2.076 2.58423
2.079 2.59025
2.082 2.59628
2.085 2.60232
2.088 2.60837
2.091 2.61443
2.094 2.6205
2.097 2.62659
2.1 2.63268
2.103 2.63878
2.106 2.6449
2.109 2.65103
2.112 2.65716
2.115 2.66331
2.118 2.66946
2.121 2.67563
2.124 2.6818
2.127 2.68799
2.13 2.69418
2.133 2.70038
2.136 2.70659
2.139 2.71281
2.142 2.71903
2.145 2.72527
2.148 2.73151
2.151 2.73776
2.154 2.74402
2.157 2.75028
2.16 2.75655
2.163 2.76283
2.166 2.76911
2.169 2.7754
2.172 2.7817
2.175 2.788
2.178 2.7943
2.181 2.80061
2.184 2.80693
2.187 2.81325
2.19 2.81958
2.193 2.8259
2.196 2.83224
2.199 2.83857
2.202 2.84491
2.205 2.85125
2.208 2.85759
2.211 2.86394
2.214 2.87028
2.217 2.87663
2.22 2.88298
2.223 2.88933
2.226 2.89568
2.229 2.90204
2.232 2.90839
2.235 2.91474
2.238 2.92109
2.241 2.92744
2.244 2.93378
2.247 2.94013
2.25 2.94647
2.253 2.95281
2.256 2.95915
2.259 2.96548
2.262 2.97181
2.265 2.97814
2.268 2.98446
2.271 2.99078
2.274 2.99709
2.277 3.0034
2.28 3.0097
2.283 3.016
2.286 3.02228
2.289 3.02857
2.292 3.03484
2.295 3.04111
2.298 3.04737
2.301 3.05362
2.304 3.05986
2.307 3.06609
2.31 3.07232
2.313 3.07853
2.316 3.08473
2.319 3.09092
2.322 3.09711
2.325 3.10328
2.328 3.10943
2.331 3.11558
2.334 3.12171
2.337 3.12784
2.34 3.13394
2.343 3.14004
2.346 3.14612
2.349 3.15218
2.352 3.15823
2.355 3.16427
2.358 3.17029
2.361 3.1763
2.364 3.18228
2.367 3.18826
2.37 3.19421
2.373 3.20015
2.376 3.20607
2.379 3.21197
2.382 3.21785
2.385 3.22372
2.388 3.22957
2.391 3.23539
2.394 3.2412
2.397 3.24699
2.4 3.25275
2.403 3.2585
2.406 3.26423
2.409 3.26993
2.412 3.27561
2.415 3.28127
2.418 3.28691
2.421 3.29253
2.424 3.29812
2.427 3.30369
2.43 3.30923
2.433 3.31476
2.436 3.32026
2.439 3.32573
2.442 3.33118
2.445 3.3366
2.448 3.342
2.451 3.34738
2.454 3.35273
2.457 3.35805
2.46 3.36335
2.463 3.36862
2.466 3.37386
2.469 3.37908
2.472 3.38427
2.475 3.38943
2.478 3.39457
2.481 3.39968
2.484 3.40476
2.487 3.40981
2.49 3.41483
2.493 3.41983
2.496 3.42479
2.499 3.42973
2.502 3.43464
2.505 3.43952
2.508 3.44437
2.511 3.4492
2.514 3.45399
2.517 3.45875
2.52 3.46348
2.523 3.46819
2.526 3.47286
2.529 3.4775
2.532 3.48212
2.535 3.4867
2.538 3.49125
2.541 3.49577
2.544 3.50026
2.547 3.50472
2.55 3.50915
2.553 3.51355
2.556 3.51792
2.559 3.52226
2.562 3.52656
2.565 3.53084
2.568 3.53508
2.571 3.5393
2.574 3.54348
2.577 3.54763
2.58 3.55175
2.583 3.55584
2.586 3.5599
2.589 3.56393
2.592 3.56792
2.595 3.57189
2.598 3.57582
2.601 3.57973
2.604 3.5836
2.607 3.58744
2.61 3.59125
2.613 3.59503
2.616 3.59878
2.619 3.6025
2.622 3.60618
2.625 3.60984
2.628 3.61347
2.631 3.61706
2.634 3.62063
2.637 3.62416
2.64 3.62767
2.643 3.63114
2.646 3.63459
2.649 3.638
2.652 3.64139
2.655 3.64474
2.658 3.64807
2.661 3.65136
2.664 3.65463
2.667 3.65787
2.67 3.66107
2.673 3.66425
2.676 3.6674
2.679 3.67052
2.682 3.67362
2.685 3.67668
2.688 3.67972
2.691 3.68272
2.694 3.6857
2.697 3.68865
2.7 3.69158
2.703 3.69447
2.706 3.69734
2.709 3.70018
2.712 3.70299
2.715 3.70578
2.718 3.70854
2.721 3.71127
2.724 3.71398
2.727 3.71666
2.73 3.71931
2.733 3.72194
2.736 3.72454
2.739 3.72712
2.742 3.72967
2.745 3.73219
2.748 3.73469
2.751 3.73717
2.754 3.73962
2.757 3.74204
2.76 3.74444
2.763 3.74682
2.766 3.74917
2.769 3.7515
2.772 3.7538
2.775 3.75608
2.778 3.75834
2.781 3.76057
2.784 3.76278
2.787 3.76497
2.79 3.76714
2.793 3.76928
2.796 3.7714
2.799 3.7735
2.802 3.77558
2.805 3.77763
2.808 3.77966
2.811 3.78167
2.814 3.78366
2.817 3.78563
2.82 3.78758
2.823 3.78951
2.826 3.79141
2.829 3.7933
2.832 3.79517
2.835 3.79701
2.838 3.79884
2.841 3.80065
2.844 3.80244
2.847 3.8042
2.85 3.80595
2.853 3.80768
2.856 3.80939
2.859 3.81109
2.862 3.81276
2.865 3.81442
2.868 3.81606
2.871 3.81768
2.874 3.81928
2.877 3.82087
2.88 3.82243
2.883 3.82398
2.886 3.82552
2.889 3.82703
2.892 3.82853
2.895 3.83002
2.898 3.83149
2.901 3.83294
2.904 3.83437
2.907 3.83579
2.91 3.83719
2.913 3.83858
2.916 3.83995
2.919 3.84131
2.922 3.84265
2.925 3.84398
2.928 3.84529
2.931 3.84659
2.934 3.84788
2.937 3.84915
2.94 3.8504
2.943 3.85164
2.946 3.85287
2.949 3.85408
2.952 3.85528
2.955 3.85647
2.958 3.85764
2.961 3.8588
2.964 3.85995
2.967 3.86108
2.97 3.8622
2.973 3.86331
2.976 3.86441
2.979 3.86549
2.982 3.86657
2.985 3.86763
2.988 3.86867
2.991 3.86971
2.994 3.87073
2.997 3.87175
3 3.87275
3.001 0
