0 0
0.003 0.447173
0.006 0.448721
0.009 0.450279
0.012 0.451847
0.015 0.453425
0.018 0.455013
0.021 0.456611
0.024 0.458219
0.027 0.459838
0.03 0.461467
0.033 0.463106
0.036 0.464756
0.039 0.466416
0.042 0.468086
0.045 0.469767
0.048 0.471458
0.051 0.47316
0.054 0.474872
0.057 0.476595
0.06 0.478329
0.063 0.480073
0.066 0.481828
0.069 0.483594
0.072 0.48537
0.075 0.487157
0.078 0.488955
0.081 0.490764
0.084 0.492584
0.087 0.494414
0.09 0.496256
0.093 0.498109
0.096 0.499972
0.099 0.501847
0.102 0.503732
0.105 0.505629
0.108 0.507537
0.111 0.509456
0.114 0.511387
0.117 0.513328
0.12 0.515281
0.123 0.517245
0.126 0.519221
0.129 0.521207
0.132 0.523206
0.135 0.525215
0.138 0.527236
0.141 0.529269
0.144 0.531313
0.147 0.533368
0.15 0.535435
0.153 0.537514
0.156 0.539604
0.159 0.541706
0.162 0.54382
0.165 0.545945
0.168 0.548082
0.171 0.550231
0.174 0.552391
0.177 0.554564
0.18 0.556748
0.183 0.558944
0.186 0.561152
0.189 0.563371
0.192 0.565603
0.195 0.567847
0.198 0.570102
0.201 0.57237
0.204 0.574649
0.207 0.576941
0.21 0.579245
0.213 0.58156
0.216 0.583888
0.219 0.586228
0.222 0.58858
0.225 0.590944
0.228 0.593321
0.231 0.595709
0.234 0.59811
0.237 0.600523
0.24 0.602948
0.243 0.605386
0.246 0.607836
0.249 0.610298
0.252 0.612772
0.255 0.615259
0.258 0.617758
0.261 0.62027
0.264 0.622794
0.267 0.62533
0.27 0.627879
0.273 0.63044
0.276 0.633013
0.279 0.635599
0.282 0.638197
0.285 0.640808
0.288 0.643432
0.291 0.646067
0.294 0.648716
0.297 0.651376
0.3 0.65405
0.303 0.656735
0.306 0.659434
0.309 0.662145
0.312 0.664868
0.315 0.667604
0.318 0.670352
0.321 0.673113
0.324 0.675887
0.327 0.678673
0.33 0.681471
0.333 0.684282
0.336 0.687106
0.339 0.689942
0.342 0.692791
0.345 0.695652
0.348 0.698526
0.351 0.701412
0.354 0.704311
0.357 0.707223
0.36 0.710147
0.363 0.713083
0.366 0.716032
0.369 0.718993
0.372 0.721967
0.375 0.724953
0.378 0.727952
0.381 0.730963
0.384 0.733987
0.387 0.737023
0.39 0.740071
0.393 0.743132
0.396 0.746206
0.399 0.749291
0.402 0.752389
0.405 0.755499
0.408 0.758622
0.411 0.761756
0.414 0.764903
0.417 0.768062
0.42 0.771234
0.423 0.774417
0.426 0.777613
0.429 0.780821
0.432 0.78404
0.435 0.787272
0.438 0.790516
0.441 0.793772
0.444 0.79704
0.447 0.80032
0.45 0.803611
0.453 0.806914
0.456 0.81023
0.459 0.813557
0.462 0.816895
0.465 0.820246
0.468 0.823608
0.471 0.826981
0.474 0.830366
0.477 0.833763
0.48 0.837171
0.483 0.84059
0.486 0.844021
0.489 0.847463
0.492 0.850916
0.495 0.85438
0.498 0.857855
0.501 0.861342
0.504 0.864839
0.507 0.868348
0.51 0.871867
0.513 0.875397
0.516 0.878938
0.519 0.882489
0.522 0.886051
0.525 0.889624
0.528 0.893207
0.531 0.8968
0.534 0.900404
0.537 0.904018
0.54 0.907642
0.543 0.911276
0.546 0.91492
0.549 0.918574
0.552 0.922238
0.555 0.925911
0.558 0.929595
0.561 0.933287
0.564 0.93699
0.567 0.940701
0.57 0.944422
0.573 0.948152
0.576 0.951891
0.579 0.955639
0.582 0.959397
0.585 0.963162
0.588 0.966937
0.591 0.97072
0.594 0.974512
0.597 0.978312
0.6 0.98212
0.603 0.985937
0.606 0.989761
0.609 0.993594
0.612 0.997434
0.615 1.00128
0.618 1.00514
0.621 1.009
0.624 1.01287
0.627 1.01675
0.63 1.02063
0.633 1.02453
0.636 1.02842
0.639 1.03233
0.642 1.03624
0.645 1.04016
0.648 1.04408
0.651 1.04802
0.654 1.05195
0.657 1.0559
0.66 1.05984
0.663 1.0638
0.666 1.06776
0.669 1.07172
0.672 1.0757
0.675 1.07967
0.678 1.08365
0.681 1.08764
0.684 1.09163
0.687 1.09562
0.69 1.09962
0.693 1.10363
0.696 1.10763
0.699 1.11164
0.702 1.11566
0.705 1.11968
0.708 1.1237
0.711 1.12773
0.714 1.13176
0.717 1.13579
0.72 1.13982
0.723 1.14386
0.726 1.1479
0.729 1.15194
0.732 1.15599
0.735 1.16003
0.738 1.16408
0.741 1.16813
0.744 1.17219
0.747 1.17624
0.75 1.18029
0.753 1.18435
0.756 1.18841
0.759 1.19246
0.762 1.19652
0.765 1.20058
0.768 1.20464
0.771 1.2087
0.774 1.21276
0.777 1.21681
0.78 1.22087
0.783 1.22493
0.786 1.22899
0.789 1.23304
0.792 1.2371
0.795 1.24115
0.798 1.2452
0.801 1.24925
0.804 1.2533
0.807 1.25735
0.81 1.26139
0.813 1.26544
0.816 1.26948
0.819 1.27352
0.822 1.27755
0.825 1.28158
0.828 1.28561
0.831 1.28964
0.834 1.29366
0.837 1.29768
0.84 1.30169
0.843 1.30571
0.846 1.30971
0.849 1.31372
0.852 1.31771
0.855 1.32171
0.858 1.3257
0.861 1.32968
0.864 1.33366
0.867 1.33764
0.87 1.34161
0.873 1.34557
0.876 1.34953
0.879 1.35348
0.882 1.35743
0.885 1.36137
0.888 1.36531
0.891 1.36923
0.894 1.37316
0.897 1.37707
0.9 1.38098
0.903 1.38488
0.906 1.38878
0.909 1.39266
0.912 1.39654
0.915 1.40042
0.918 1.40428
0.921 1.40814
0.924 1.41199
0.927 1.41583
0.93 1.41966
0.933 1.42349
0.936 1.42731
0.939 1.43111
0.942 1.43491
0.945 1.43871
0.948 1.44249
0.951 1.44626
0.954 1.45003
0.957 1.45378
0.96 1.45753
0.963 1.46126
0.966 1.46499
0.969 1.46871
0.972 1.47242
0.975 1.47611
0.978 1.4798
0.981 1.48348
0.984 1.48715
0.987 1.49081
0.99 1.49446
0.993 1.49809
0.996 1.50172
0.999 1.50534
1.002 1.50894
1.005 1.51254
1.008 1.51612
1.011 1.5197
1.014 1.52326
1.017 1.52681
1.02 1.53035
1.023 1.53388
1.026 1.5374
1.029 1.54091
1.032 1.5444
1.035 1.54789
1.038 1.55136
1.041 1.55482
1.044 1.55827
1.047 1.56171
1.05 1.56514
1.053 1.56856
1.056 1.57196
1.059 1.57535
1.062 1.57873
1.065 1.5821
1.068 1.58546
1.071 1.5888
1.074 1.59213
1.077 1.59545
1.08 1.59876
1.083 1.60206
1.086 1.60535
1.089 1.60862
1.092 1.61188
1.095 1.61513
1.098 1.61837
1.101 1.62159
1.104 1.6248
1.107 1.628
1.11 1.63119
1.113 1.63437
1.116 1.63753
1.119 1.64068
1.122 1.64383
1.125 1.64695
1.128 1.65007
1.131 1.65317
1.134 1.65627
1.137 1.65935
1.14 1.66241
1.143 1.66547
1.146 1.66851
1.149 1.67155
1.152 1.67457
1.155 1.67757
1.158 1.68057
1.161 1.68356
1.164 1.68653
1.167 1.68949
1.17 1.69244
1.173 1.69538
1.176 1.6983
1.179 1.70122
1.182 1.70412
1.185 1.70701
1.188 1.70989
1.191 1.71276
1.194 1.71562
1.197 1.71847
1.2 1.7213
1.203 1.72412
1.206 1.72694
1.209 1.72974
1.212 1.73253
1.215 1.73531
1.218 1.73808
1.221 1.74084
1.224 1.74359
1.227 1.74632
1.23 1.74905
1.233 1.75177
1.236 1.75447
1.239 1.75717
1.242 1.75985
1.245 1.76253
1.248 1.7652
1.251 1.76785
1.254 1.7705
1.257 1.77313
1.26 1.77576
1.263 1.77838
1.266 1.78098
1.269 1.78358
1.272 1.78617
1.275 1.78875
1.278 1.79132
1.281 1.79388
1.284 1.79644
1.287 1.79898
1.29 1.80152
1.293 1.80405
1.296 1.80656
1.299 1.80908
1.302 1.81158
1.305 1.81407
1.308 1.81656
1.311 1.81904
1.314 1.82151
1.317 1.82398
1.32 1.82643
1.323 1.82888
1.326 1.83133
1.329 1.83376
1.332 1.83619
1.335 1.83861
1.338 1.84103
1.341 1.84344
1.344 1.84584
1.347 1.84824
1.35 1.85063
1.353 1.85301
1.356 1.85539
1.359 1.85777
1.362 1.86014
1.365 1.8625
1.368 1.86486
1.371 1.86721
1.374 1.86956
1.377 1.87191
1.38 1.87425
1.383 1.87658
1.386 1.87891
1.389 1.88124
1.392 1.88356
1.395 1.88588
1.398 1.8882
1.401 1.89052
1.404 1.89283
1.407 1.89513
1.41 1.89744
1.413 1.89974
1.416 1.90204
1.419 1.90434
1.422 1.90663
1.425 1.90893
1.428 1.91122
1.431 1.91351
1.434 1.9158
1.437 1.91809
1.44 1.92038
1.443 1.92266
1.446 1.92495
1.449 1.92724
1.452 1.92952
1.455 1.93181
1.458 1.9341
1.461 1.93638
1.464 1.93867
1.467 1.94096
1.47 1.94325
1.473 1.94554
1.476 1.94783
1.479 1.95013
1.482 1.95242
1.485 1.95472
1.488 1.95702
1.491 1.95933
1.494 1.96163
1.497 1.96394
1.5 1.96625
1.503 1.96857
1.506 1.97089
1.509 1.97321
1.512 1.97554
1.515 1.97787
1.518 1.9802
1.521 1.98254
1.524 1.98489
1.527 1.98724
1.53 1.9896
1.533 1.99196
1.536 1.99433
1.539 1.9967
1.542 1.99908
1.545 2.00147
1.548 2.00386
1.551 2.00626
1.554 2.00867
1.557 2.01109
1.56 2.01351
1.563 2.01594
1.566 2.01838
1.569 2.02083
1.572 2.02329
1.575 2.02575
1.578 2.02823
1.581 2.03071
1.584 2.03321
1.587 2.03571
1.59 2.03822
1.593 2.04075
1.596 2.04328
1.599 2.04583
1.602 2.04839
1.605 2.05096
1.608 2.05354
1.611 2.05613
1.614 2.05874
1.617 2.06135
1.62 2.06398
1.623 2.06663
1.626 2.06928
1.629 2.07195
1.632 2.07463
1.635 2.07733
1.638 2.08004
1.641 2.08277
1.644 2.08551
1.647 2.08826
1.65 2.09103
1.653 2.09382
1.656 2.09662
1.659 2.09944
1.662 2.10227
1.665 2.10512
1.668 2.10799
1.671 2.11087
1.674 2.11377
1.677 2.11669
1.68 2.11963
1.683 2.12258
1.686 2.12555
1.689 2.12854
1.692 2.13155
1.695 2.13458
1.698 2.13763
1.701 2.14069
1.704 2.14378
1.707 2.14688
1.71 2.15001
1.713 2.15316
1.716 2.15632
1.719 2.15951
1.722 2.16272
1.725 2.16595
1.728 2.1692
1.731 2.17247
1.734 2.17576
1.737 2.17908
1.74 2.18242
1.743 2.18578
1.746 2.18916
1.749 2.19257
1.752 2.196
1.755 2.19945
1.758 2.20293
1.761 2.20643
1.764 2.20996
1.767 2.2135
1.77 2.21708
1.773 2.22067
1.776 2.2243
1.779 2.22794
1.782 2.23161
1.785 2.23531
1.788 2.23903
1.791 2.24278
1.794 2.24655
1.797 2.25035
1.8 2.25418
1.803 2.25803
1.806 2.26191
1.809 2.26581
1.812 2.26974
1.815 2.2737
1.818 2.27768
1.821 2.28169
1.824 2.28573
1.827 2.28979
1.83 2.29389
1.833 2.298
1.836 2.30215
1.839 2.30633
1.842 2.31053
1.845 2.31476
1.848 2.31901
1.851 2.3233
1.854 2.32761
1.857 2.33195
1.86 2.33632
1.863 2.34071
1.866 2.34513
1.869 2.34959
1.872 2.35407
1.875 2.35857
1.878 2.36311
1.881 2.36767
1.884 2.37226
1.887 2.37688
1.89 2.38153
1.893 2.3862
1.896 2.3909
1.899 2.39563
1.902 2.40039
1.905 2.40518
1.908 2.40999
1.911 2.41483
1.914 2.4197
1.917 2.42459
1.92 2.42952
1.923 2.43446
1.926 2.43944
1.929 2.44444
1.932 2.44947
1.935 2.45453
1.938 2.45961
1.941 2.46472
1.944 2.46985
1.947 2.47501
1.95 2.4802
1.953 2.48541
1.956 2.49064
1.959 2.4959
1.962 2.50119
1.965 2.5065
1.968 2.51183
1.971 2.51719
1.974 2.52257
1.977 2.52798
1.98 2.53341
1.983 2.53886
1.986 2.54433
1.989 2.54983
1.992 2.55535
1.995 2.56089
1.998 2.56645
2.001 2.57203
2.004 2.57763
2.007 2.58326
2.01 2.5889
2.013 2.59456
2.016 2.60024
2.019 2.60595
2.022 2.61167
2.025 2.6174
2.028 2.62316
2.031 2.62893
2.034 2.63472
2.037 2.64053
2.04 2.64635
2.043 2.65219
2.046 2.65804
2.049 2.66391
2.052 2.66979
2.055 2.67569
2.058 2.6816
2.061 2.68752
2.064 2.69346
2.067 2.6994
2.07 2.70536
2.073 2.71133
2.076 2.71731
2.079 2.7233
2.082 2.7293
2.085 2.73531
2.088 2.74133
2.091 2.74736
2.094 2.75339
2.097 2.75943
2.1 2.76548
2.103 2.77154
2.106 2.7776
2.109 2.78366
2.112 2.78973
2.115 2.79581
2.118 2.80189
2.121 2.80797
2.124 2.81405
2.127 2.82014
2.13 2.82623
2.133 2.83232
2.136 2.83841
2.139 2.8445
2.142 2.85059
2.145 2.85668
2.148 2.86277
2.151 2.86886
2.154 2.87495
2.157 2.88103
2.16 2.88711
2.163 2.89319
2.166 2.89926
2.169 2.90532
2.172 2.91139
2.175 2.91744
2.178 2.9235
2.181 2.92954
2.184 2.93558
2.187 2.94161
2.19 2.94763
2.193 2.95365
2.196 2.95966
2.199 2.96566
2.202 2.97164
2.205 2.97762
2.208 2.98359
2.211 2.98955
2.214 2.9955
2.217 3.00143
2.22 3.00736
2.223 3.01327
2.226 3.01917
2.229 3.02506
2.232 3.03093
2.235 3.03679
2.238 3.04264
2.241 3.04847
2.244 3.05429
2.247 3.06009
2.25 3.06588
2.253 3.07165
2.256 3.07741
2.259 3.08315
2.262 3.08887
2.265 3.09458
2.268 3.10027
2.271 3.10594
2.274 3.1116
2.277 3.11723
2.28 3.12285
2.283 3.12845
2.286 3.13404
2.289 3.1396
2.292 3.14515
2.295 3.15067
2.298 3.15618
2.301 3.16166
2.304 3.16713
2.307 3.17258
2.31 3.178
2.313 3.18341
2.316 3.18879
2.319 3.19416
2.322 3.1995
2.325 3.20482
2.328 3.21012
2.331 3.2154
2.334 3.22066
2.337 3.22589
2.34 3.2311
2.343 3.2363
2.346 3.24146
2.349 3.24661
2.352 3.25173
2.355 3.25683
2.358 3.26191
2.361 3.26696
2.364 3.272
2.367 3.277
2.37 3.28199
2.373 3.28695
2.376 3.29189
2.379 3.2968
2.382 3.30169
2.385 3.30656
2.388 3.3114
2.391 3.31622
2.394 3.32101
2.397 3.32578
2.4 3.33053
2.403 3.33525
2.406 3.33994
2.409 3.34461
2.412 3.34926
2.415 3.35388
2.418 3.35848
2.421 3.36305
2.424 3.3676
2.427 3.37213
2.43 3.37662
2.433 3.3811
2.436 3.38554
2.439 3.38997
2.442 3.39437
2.445 3.39874
2.448 3.40308
2.451 3.40741
2.454 3.4117
2.457 3.41597
2.46 3.42022
2.463 3.42444
2.466 3.42863
2.469 3.4328
2.472 3.43695
2.475 3.44106
2.478 3.44516
2.481 3.44922
2.484 3.45326
2.487 3.45728
2.49 3.46127
2.493 3.46523
2.496 3.46917
2.499 3.47308
2.502 3.47697
2.505 3.48083
2.508 3.48467
2.511 3.48848
2.514 3.49226
2.517 3.49602
2.52 3.49975
2.523 3.50346
2.526 3.50714
2.529 3.5108
2.532 3.51443
2.535 3.51803
2.538 3.52161
2.541 3.52517
2.544 3.5287
2.547 3.5322
2.55 3.53568
2.553 3.53913
2.556 3.54255
2.559 3.54595
2.562 3.54933
2.565 3.55268
2.568 3.556
2.571 3.5593
2.574 3.56258
2.577 3.56583
2.58 3.56905
2.583 3.57225
2.586 3.57543
2.589 3.57857
2.592 3.5817
2.595 3.5848
2.598 3.58787
2.601 3.59092
2.604 3.59395
2.607 3.59695
2.61 3.59993
2.613 3.60288
2.616 3.60581
2.619 3.60871
2.622 3.61159
2.625 3.61445
2.628 3.61728
2.631 3.62009
2.634 3.62287
2.637 3.62563
2.64 3.62837
2.643 3.63108
2.646 3.63377
2.649 3.63643
2.652 3.63908
2.655 3.6417
2.658 3.64429
2.661 3.64687
2.664 3.64942
2.667 3.65194
2.67 3.65445
2.673 3.65693
2.676 3.65939
2.679 3.66183
2.682 3.66425
2.685 3.66664
2.688 3.66901
2.691 3.67136
2.694 3.67369
2.697 3.67599
2.7 3.67828
2.703 3.68054
2.706 3.68278
2.709 3.685
2.712 3.6872
2.715 3.68938
2.718 3.69154
2.721 3.69368
2.724 3.69579
2.727 3.69789
2.73 3.69997
2.733 3.70202
2.736 3.70406
2.739 3.70607
2.742 3.70807
2.745 3.71005
2.748 3.712
2.751 3.71394
2.754 3.71586
2.757 3.71776
2.76 3.71964
2.763 3.7215
2.766 3.72334
2.769 3.72517
2.772 3.72697
2.775 3.72876
2.778 3.73053
2.781 3.73228
2.784 3.73401
2.787 3.73573
2.79 3.73743
2.793 3.73911
2.796 3.74077
2.799 3.74242
2.802 3.74405
2.805 3.74566
2.808 3.74725
2.811 3.74883
2.814 3.75039
2.817 3.75194
2.82 3.75347
2.823 3.75498
2.826 3.75648
2.829 3.75796
2.832 3.75943
2.835 3.76088
2.838 3.76231
2.841 3.76373
2.844 3.76514
2.847 3.76653
2.85 3.7679
2.853 3.76926
2.856 3.7706
2.859 3.77194
2.862 3.77325
2.865 3.77455
2.868 3.77584
2.871 3.77711
2.874 3.77837
2.877 3.77962
2.88 3.78085
2.883 3.78207
2.886 3.78328
2.889 3.78447
2.892 3.78565
2.895 3.78682
2.898 3.78797
2.901 3.78911
2.904 3.79024
2.907 3.79135
2.91 3.79246
2.913 3.79355
2.916 3.79463
2.919 3.7957
2.922 3.79675
2.925 3.79779
2.928 3.79883
2.931 3.79985
2.934 3.80085
2.937 3.80185
2.94 3.80284
2.943 3.80381
2.946 3.80478
2.949 3.80573
2.952 3.80667
2.955 3.80761
2.958 3.80853
2.961 3.80944
2.964 3.81034
2.967 3.81123
2.97 3.81211
2.973 3.81298
2.976 3.81384
2.979 3.81469
2.982 3.81553
2.985 3.81636
2.988 3.81719
2.991 3.818
2.994 3.8188
2.997 3.8196
3 3.82038
3.001 0
