0 -10
0.003 -5.88632
0.006 -5.88299
0.009 -5.87964
0.012 -5.87627
0.015 -5.87288
0.018 -5.86947
0.021 -5.86604
0.024 -5.8626
0.027 -5.85914
0.03 -5.85566
0.033 -5.85216
0.036 -5.84865
0.039 -5.84512
0.042 -5.84156
0.045 -5.838
0.048 -5.83441
0.051 -5.8308
0.054 -5.82718
0.057 -5.82354
0.06 -5.81988
0.063 -5.8162
0.066 -5.81251
0.069 -5.8088
0.072 -5.80507
0.075 -5.80132
0.078 -5.79755
0.081 -5.79377
0.084 -5.78997
0.087 -5.78615
0.09 -5.78231
0.093 -5.77846
0.096 -5.77458
0.099 -5.77069
0.102 -5.76679
0.105 -5.76286
0.108 -5.75892
0.111 -5.75496
0.114 -5.75098
0.117 -5.74698
0.12 -5.74297
0.123 -5.73894
0.126 -5.73489
0.129 -5.73083
0.132 -5.72674
0.135 -5.72265
0.138 -5.71853
0.141 -5.71439
0.144 -5.71024
0.147 -5.70608
0.15 -5.70189
0.153 -5.69769
0.156 -5.69347
0.159 -5.68923
0.162 -5.68498
0.165 -5.68071
0.168 -5.67643
0.171 -5.67212
0.174 -5.6678
0.177 -5.66347
0.18 -5.65912
0.183 -5.65475
0.186 -5.65036
0.189 -5.64596
0.192 -5.64154
0.195 -5.63711
0.198 -5.63266
0.201 -5.62819
0.204 -5.62371
0.207 -5.61921
0.21 -5.6147
0.213 -5.61017
0.216 -5.60563
0.219 -5.60107
0.222 -5.59649
0.225 -5.5919
0.228 -5.5873
0.231 -5.58267
0.234 -5.57804
0.237 -5.57339
0.24 -5.56872
0.243 -5.56404
0.246 -5.55934
0.249 -5.55463
0.252 -5.54991
0.255 -5.54517
0.258 -5.54042
0.261 -5.53565
0.264 -5.53086
0.267 -5.52607
0.27 -5.52126
0.273 -5.51643
0.276 -5.5116
0.279 -5.50675
0.282 -5.50188
0.285 -5.497
0.288 -5.49211
0.291 -5.48721
0.294 -5.48229
0.297 -5.47736
0.3 -5.47241
0.303 -5.46746
0.306 -5.46249
0.309 -5.45751
0.312 -5.45252
0.315 -5.44751
0.318 -5.44249
0.321 -5.43746
0.324 -5.43242
0.327 -5.42737
0.33 -5.42231
0.333 -5.41723
0.336 -5.41214
0.339 -5.40704
0.342 -5.40194
0.345 -5.39682
0.348 -5.39169
0.351 -5.38655
0.354 -5.38139
0.357 -5.37623
0.36 -5.37106
0.363 -5.36588
0.366 -5.36069
0.369 -5.35549
0.372 -5.35028
0.375 -5.34506
0.378 -5.33983
0.381 -5.3346
0.384 -5.32935
0.387 -5.3241
0.39 -5.31883
0.393 -5.31356
0.396 -5.30828
0.399 -5.303
0.402 -5.2977
0.405 -5.2924
0.408 -5.28709
0.411 -5.28178
0.414 -5.27645
0.417 -5.27112
0.42 -5.26578
0.423 -5.26044
0.426 -5.25509
0.429 -5.24974
0.432 -5.24438
0.435 -5.23901
0.438 -5.23364
0.441 -5.22826
0.444 -5.22287
0.447 -5.21749
0.45 -5.21209
0.453 -5.2067
0.456 -5.2013
0.459 -5.19589
0.462 -5.19048
0.465 -5.18507
0.468 -5.17965
0.471 -5.17423
0.474 -5.16881
0.477 -5.16339
0.48 -5.15796
0.483 -5.15253
0.486 -5.1471
0.489 -5.14166
0.492 -5.13623
0.495 -5.13079
0.498 -5.12535
0.501 -5.11991
0.504 -5.11447
0.507 -5.10903
0.51 -5.10359
0.513 -5.09814
0.516 -5.0927
0.519 -5.08726
0.522 -5.08182
0.525 -5.07638
0.528 -5.07094
0.531 -5.0655
0.534 -5.06006
0.537 -5.05463
0.54 -5.0492
0.543 -5.04376
0.546 -5.03834
0.549 -5.03291
0.552 -5.02749
0.555 -5.02207
0.558 -5.01665
0.561 -5.01124
0.564 -5.00583
0.567 -5.00042
0.57 -4.99502
0.573 -4.98962
0.576 -4.98423
0.579 -4.97884
0.582 -4.97346
0.585 -4.96808
0.588 -4.96271
0.591 -4.95735
0.594 -4.95199
0.597 -4.94664
0.6 -4.94129
0.603 -4.93595
0.606 -4.93062
0.609 -4.9253
0.612 -4.91998
0.615 -4.91467
0.618 -4.90937
0.621 -4.90407
0.624 -4.89879
0.627 -4.89351
0.63 -4.88825
0.633 -4.88299
0.636 -4.87774
0.639 -4.8725
0.642 -4.86727
0.645 -4.86206
0.648 -4.85685
0.651 -4.85165
0.654 -4.84646
0.657 -4.84129
0.66 -4.83612
0.663 -4.83097
0.666 -4.82583
0.669 -4.8207
0.672 -4.81558
0.675 -4.81047
0.678 -4.80538
0.681 -4.8003
0.684 -4.79523
0.687 -4.79018
0.69 -4.78514
0.693 -4.78011
0.696 -4.7751
0.699 -4.7701
0.702 -4.76512
0.705 -4.76015
0.708 -4.75519
0.711 -4.75025
0.714 -4.74532
0.717 -4.74041
0.72 -4.73551
0.723 -4.73063
0.726 -4.72577
0.729 -4.72092
0.732 -4.71609
0.735 -4.71127
0.738 -4.70647
0.741 -4.70169
0.744 -4.69692
0.747 -4.69217
0.75 -4.68744
0.753 -4.68273
0.756 -4.67803
0.759 -4.67335
0.762 -4.66869
0.765 -4.66404
0.768 -4.65942
0.771 -4.65481
0.774 -4.65022
0.777 -4.64565
0.78 -4.6411
0.783 -4.63656
0.786 -4.63205
0.789 -4.62755
0.792 -4.62308
0.795 -4.61862
0.798 -4.61418
0.801 -4.60976
0.804 -4.60537
0.807 -4.60099
0.81 -4.59663
0.813 -4.59229
0.816 -4.58797
0.819 -4.58367
0.822 -4.57939
0.825 -4.57514
0.828 -4.5709
0.831 -4.56668
0.834 -4.56249
0.837 -4.55831
0.84 -4.55416
0.843 -4.55002
0.846 -4.54591
0.849 -4.54182
0.852 -4.53775
0.855 -4.5337
0.858 -4.52967
0.861 -4.52567
0.864 -4.52168
0.867 -4.51772
0.87 -4.51378
0.873 -4.50986
0.876 -4.50596
0.879 -4.50208
0.882 -4.49823
0.885 -4.49439
0.888 -4.49058
0.891 -4.48679
0.894 -4.48302
0.897 -4.47928
0.9 -4.47555
0.903 -4.47185
0.906 -4.46817
0.909 -4.46451
0.912 -4.46087
0.915 -4.45726
0.918 -4.45367
0.921 -4.4501
0.924 -4.44655
0.927 -4.44302
0.93 -4.43952
0.933 -4.43603
0.936 -4.43257
0.939 -4.42914
0.942 -4.42572
0.945 -4.42232
0.948 -4.41895
0.951 -4.4156
0.954 -4.41227
0.957 -4.40897
0.96 -4.40568
0.963 -4.40242
0.966 -4.39918
0.969 -4.39596
0.972 -4.39276
0.975 -4.38958
0.978 -4.38643
0.981 -4.3833
0.984 -4.38018
0.987 -4.37709
0.99 -4.37403
0.993 -4.37098
0.996 -4.36795
0.999 -4.36495
1.002 -4.36197
1.005 -4.359
1.008 -4.35606
1.011 -4.35314
1.014 -4.35025
1.017 -4.34737
1.02 -4.34451
1.023 -4.34168
1.026 -4.33886
1.029 -4.33607
1.032 -4.33329
1.035 -4.33054
1.038 -4.32781
1.041 -4.32509
1.044 -4.3224
1.047 -4.31973
1.05 -4.31708
1.053 -4.31445
1.056 -4.31183
1.059 -4.30924
1.062 -4.30667
1.065 -4.30412
1.068 -4.30158
1.071 -4.29907
1.074 -4.29658
1.077 -4.2941
1.08 -4.29165
1.083 -4.28921
1.086 -4.28679
1.089 -4.2844
1.092 -4.28202
1.095 -4.27966
1.098 -4.27731
1.101 -4.27499
1.104 -4.27269
1.107 -4.2704
1.11 -4.26813
1.113 -4.26588
1.116 -4.26365
1.119 -4.26143
1.122 -4.25924
1.125 -4.25706
1.128 -4.2549
1.131 -4.25275
1.134 -4.25063
1.137 -4.24852
1.14 -4.24643
1.143 -4.24435
1.146 -4.24229
1.149 -4.24025
1.152 -4.23823
1.155 -4.23622
1.158 -4.23423
1.161 -4.23225
1.164 -4.23029
1.167 -4.22835
1.17 -4.22642
1.173 -4.22451
1.176 -4.22261
1.179 -4.22073
1.182 -4.21887
1.185 -4.21702
1.188 -4.21518
1.191 -4.21337
1.194 -4.21156
1.197 -4.20977
1.2 -4.208
1.203 -4.20624
1.206 -4.20449
1.209 -4.20276
1.212 -4.20104
1.215 -4.19934
1.218 -4.19765
1.221 -4.19598
1.224 -4.19432
1.227 -4.19267
1.23 -4.19103
1.233 -4.18941
1.236 -4.1878
1.239 -4.18621
1.242 -4.18463
1.245 -4.18306
1.248 -4.1815
1.251 -4.17996
1.254 -4.17843
1.257 -4.17691
1.26 -4.1754
1.263 -4.17391
1.266 -4.17242
1.269 -4.17095
1.272 -4.16949
1.275 -4.16805
1.278 -4.16661
1.281 -4.16518
1.284 -4.16377
1.287 -4.16237
1.29 -4.16097
1.293 -4.15959
1.296 -4.15822
1.299 -4.15686
1.302 -4.15551
1.305 -4.15417
1.308 -4.15284
1.311 -4.15152
1.314 -4.15021
1.317 -4.14891
1.32 -4.14761
1.323 -4.14633
1.326 -4.14506
1.329 -4.1438
1.332 -4.14254
1.335 -4.1413
1.338 -4.14006
1.341 -4.13883
1.344 -4.13761
1.347 -4.1364
1.35 -4.1352
1.353 -4.134
1.356 -4.13281
1.359 -4.13163
1.362 -4.13046
1.365 -4.1293
1.368 -4.12814
1.371 -4.12699
1.374 -4.12585
1.377 -4.12471
1.38 -4.12358
1.383 -4.12246
1.386 -4.12134
1.389 -4.12023
1.392 -4.11913
1.395 -4.11803
1.398 -4.11694
1.401 -4.11586
1.404 -4.11478
1.407 -4.1137
1.41 -4.11264
1.413 -4.11157
1.416 -4.11052
1.419 -4.10946
1.422 -4.10841
1.425 -4.10737
1.428 -4.10633
1.431 -4.1053
1.434 -4.10427
1.437 -4.10325
1.44 -4.10222
1.443 -4.10121
1.446 -4.10019
1.449 -4.09918
1.452 -4.09818
1.455 -4.09718
1.458 -4.09618
1.461 -4.09518
1.464 -4.09419
1.467 -4.0932
1.47 -4.09221
1.473 -4.09123
1.476 -4.09024
1.479 -4.08926
1.482 -4.08829
1.485 -4.08731
1.488 -4.08634
1.491 -4.08537
1.494 -4.0844
1.497 -4.08343
1.5 -4.08246
1.503 -4.08149
1.506 -4.08053
1.509 -4.07957
1.512 -4.0786
1.515 -4.07764
1.518 -4.07668
1.521 -4.07572
1.524 -4.07476
1.527 -4.0738
1.53 -4.07284
1.533 -4.07188
1.536 -4.07091
1.539 -4.06995
1.542 -4.06899
1.545 -4.06803
1.548 -4.06707
1.551 -4.0661
1.554 -4.06514
1.557 -4.06417
1.56 -4.0632
1.563 -4.06224
1.566 -4.06127
1.569 -4.06029
1.572 -4.05932
1.575 -4.05834
1.578 -4.05737
1.581 -4.05639
1.584 -4.05541
1.587 -4.05442
1.59 -4.05343
1.593 -4.05244
1.596 -4.05145
1.599 -4.05046
1.602 -4.04946
1.605 -4.04846
1.608 -4.04745
1.611 -4.04644
1.614 -4.04543
1.617 -4.04442
1.62 -4.0434
1.623 -4.04237
1.626 -4.04135
1.629 -4.04032
1.632 -4.03928
1.635 -4.03824
1.638 -4.0372
1.641 -4.03615
1.644 -4.03509
1.647 -4.03403
1.65 -4.03297
1.653 -4.0319
1.656 -4.03083
1.659 -4.02975
1.662 -4.02867
1.665 -4.02758
1.668 -4.02648
1.671 -4.02538
1.674 -4.02428
1.677 -4.02316
1.68 -4.02204
1.683 -4.02092
1.686 -4.01979
1.689 -4.01865
1.692 -4.01751
1.695 -4.01636
1.698 -4.01521
1.701 -4.01404
1.704 -4.01287
1.707 -4.0117
1.71 -4.01051
1.713 -4.00933
1.716 -4.00813
1.719 -4.00692
1.722 -4.00571
1.725 -4.0045
1.728 -4.00327
1.731 -4.00204
1.734 -4.0008
1.737 -3.99955
1.74 -3.99829
1.743 -3.99703
1.746 -3.99576
1.749 -3.99448
1.752 -3.9932
1.755 -3.9919
1.758 -3.9906
1.761 -3.98929
1.764 -3.98797
1.767 -3.98665
1.77 -3.98531
1.773 -3.98397
1.776 -3.98262
1.779 -3.98126
1.782 -3.9799
1.785 -3.97852
1.788 -3.97714
1.791 -3.97575
1.794 -3.97435
1.797 -3.97294
1.8 -3.97152
1.803 -3.9701
1.806 -3.96866
1.809 -3.96722
1.812 -3.96577
1.815 -3.96432
1.818 -3.96285
1.821 -3.96137
1.824 -3.95989
1.827 -3.9584
1.83 -3.9569
1.833 -3.95539
1.836 -3.95388
1.839 -3.95235
1.842 -3.95082
1.845 -3.94928
1.848 -3.94773
1.851 -3.94617
1.854 -3.9446
1.857 -3.94303
1.86 -3.94145
1.863 -3.93986
1.866 -3.93826
1.869 -3.93666
1.872 -3.93504
1.875 -3.93342
1.878 -3.9318
1.881 -3.93016
1.884 -3.92852
1.887 -3.92686
1.89 -3.92521
1.893 -3.92354
1.896 -3.92187
1.899 -3.92019
1.902 -3.9185
1.905 -3.91681
1.908 -3.91511
1.911 -3.9134
1.914 -3.91168
1.917 -3.90996
1.92 -3.90823
1.923 -3.9065
1.926 -3.90476
1.929 -3.90301
1.932 -3.90126
1.935 -3.8995
1.938 -3.89774
1.941 -3.89597
1.944 -3.8942
1.947 -3.89242
1.95 -3.89063
1.953 -3.88884
1.956 -3.88704
1.959 -3.88524
1.962 -3.88344
1.965 -3.88163
1.968 -3.87981
1.971 -3.87799
1.974 -3.87617
1.977 -3.87435
1.98 -3.87251
1.983 -3.87068
1.986 -3.86884
1.989 -3.867
1.992 -3.86516
1.995 -3.86331
1.998 -3.86146
2.001 -3.85961
2.004 -3.85775
2.007 -3.85589
2.01 -3.85403
2.013 -3.85217
2.016 -3.85031
2.019 -3.84844
2.022 -3.84658
2.025 -3.84471
2.028 -3.84284
2.031 -3.84097
2.034 -3.8391
2.037 -3.83722
2.04 -3.83535
2.043 -3.83348
2.046 -3.8316
2.049 -3.82973
2.052 -3.82786
2.055 -3.82599
2.058 -3.82411
2.061 -3.82224
2.064 -3.82037
2.067 -3.8185
2.07 -3.81663
2.073 -3.81476
2.076 -3.8129
2.079 -3.81103
2.082 -3.80917
2.085 -3.80731
2.088 -3.80545
2.091 -3.8036
2.094 -3.80174
2.097 -3.79989
2.1 -3.79804
2.103 -3.7962
2.106 -3.79435
2.109 -3.79251
2.112 -3.79068
2.115 -3.78884
2.118 -3.78701
2.121 -3.78519
2.124 -3.78337
2.127 -3.78155
2.13 -3.77973
2.133 -3.77792
2.136 -3.77612
2.139 -3.77432
2.142 -3.77252
2.145 -3.77073
2.148 -3.76894
2.151 -3.76716
2.154 -3.76538
2.157 -3.76361
2.16 -3.76184
2.163 -3.76008
2.166 -3.75832
2.169 -3.75657
2.172 -3.75482
2.175 -3.75308
2.178 -3.75135
2.181 -3.74962
2.184 -3.74789
2.187 -3.74617
2.19 -3.74446
2.193 -3.74275
2.196 -3.74105
2.199 -3.73936
2.202 -3.73767
2.205 -3.73599
2.208 -3.73431
2.211 -3.73264
2.214 -3.73098
2.217 -3.72932
2.22 -3.72767
2.223 -3.72602
2.226 -3.72438
2.229 -3.72275
2.232 -3.72112
2.235 -3.7195
2.238 -3.71789
2.241 -3.71628
2.244 -3.71468
2.247 -3.71309
2.25 -3.7115
2.253 -3.70992
2.256 -3.70834
2.259 -3.70677
2.262 -3.70521
2.265 -3.70365
2.268 -3.7021
2.271 -3.70056
2.274 -3.69902
2.277 -3.69749
2.28 -3.69597
2.283 -3.69445
2.286 -3.69294
2.289 -3.69143
2.292 -3.68993
2.295 -3.68843
2.298 -3.68695
2.301 -3.68546
2.304 -3.68399
2.307 -3.68252
2.31 -3.68106
2.313 -3.6796
2.316 -3.67815
2.319 -3.6767
2.322 -3.67526
2.325 -3.67383
2.328 -3.6724
2.331 -3.67098
2.334 -3.66956
2.337 -3.66815
2.34 -3.66674
2.343 -3.66534
2.346 -3.66395
2.349 -3.66256
2.352 -3.66118
2.355 -3.6598
2.358 -3.65843
2.361 -3.65706
2.364 -3.6557
2.367 -3.65435
2.37 -3.653
2.373 -3.65165
2.376 -3.65031
2.379 -3.64898
2.382 -3.64765
2.385 -3.64633
2.388 -3.64501
2.391 -3.6437
2.394 -3.64239
2.397 -3.64109
2.4 -3.6398
2.403 -3.63851
2.406 -3.63722
2.409 -3.63594
2.412 -3.63466
2.415 -3.63339
2.418 -3.63213
2.421 -3.63087
2.424 -3.62962
2.427 -3.62837
2.43 -3.62712
2.433 -3.62588
2.436 -3.62465
2.439 -3.62342
2.442 -3.6222
2.445 -3.62098
2.448 -3.61977
2.451 -3.61856
2.454 -3.61736
2.457 -3.61617
2.46 -3.61498
2.463 -3.61379
2.466 -3.61261
2.469 -3.61144
2.472 -3.61027
2.475 -3.60911
2.478 -3.60795
2.481 -3.6068
2.484 -3.60565
2.487 -3.60451
2.49 -3.60337
2.493 -3.60224
2.496 -3.60112
2.499 -3.6
2.502 -3.59889
2.505 -3.59778
2.508 -3.59668
2.511 -3.59559
2.514 -3.5945
2.517 -3.59342
2.52 -3.59234
2.523 -3.59127
2.526 -3.5902
2.529 -3.58915
2.532 -3.58809
2.535 -3.58705
2.538 -3.58601
2.541 -3.58497
2.544 -3.58395
2.547 -3.58293
2.55 -3.58191
2.553 -3.58091
2.556 -3.5799
2.559 -3.57891
2.562 -3.57792
2.565 -3.57694
2.568 -3.57597
2.571 -3.575
2.574 -3.57404
2.577 -3.57309
2.58 -3.57214
2.583 -3.5712
2.586 -3.57027
2.589 -3.56934
2.592 -3.56842
2.595 -3.56751
2.598 -3.56661
2.601 -3.56571
2.604 -3.56482
2.607 -3.56394
2.61 -3.56306
2.613 -3.56219
2.616 -3.56133
2.619 -3.56048
2.622 -3.55963
2.625 -3.55879
2.628 -3.55796
2.631 -3.55714
2.634 -3.55632
2.637 -3.55552
2.64 -3.55472
2.643 -3.55392
2.646 -3.55314
2.649 -3.55236
2.652 -3.55159
2.655 -3.55083
2.658 -3.55008
2.661 -3.54933
2.664 -3.54859
2.667 -3.54786
2.67 -3.54714
2.673 -3.54642
2.676 -3.54571
2.679 -3.54502
2.682 -3.54432
2.685 -3.54364
2.688 -3.54297
2.691 -3.5423
2.694 -3.54164
2.697 -3.54099
2.7 -3.54034
2.703 -3.53971
2.706 -3.53908
2.709 -3.53846
2.712 -3.53785
2.715 -3.53724
2.718 -3.53665
2.721 -3.53606
2.724 -3.53548
2.727 -3.53491
2.73 -3.53434
2.733 -3.53379
2.736 -3.53324
2.739 -3.5327
2.742 -3.53216
2.745 -3.53164
2.748 -3.53112
2.751 -3.53061
2.754 -3.53011
2.757 -3.52962
2.76 -3.52913
2.763 -3.52865
2.766 -3.52818
2.769 -3.52772
2.772 -3.52726
2.775 -3.52682
2.778 -3.52638
2.781 -3.52594
2.784 -3.52552
2.787 -3.5251
2.79 -3.52469
2.793 -3.52429
2.796 -3.52389
2.799 -3.5235
2.802 -3.52312
2.805 -3.52275
2.808 -3.52238
2.811 -3.52203
2.814 -3.52167
2.817 -3.52133
2.82 -3.52099
2.823 -3.52066
2.826 -3.52034
2.829 -3.52002
2.832 -3.51972
2.835 -3.51941
2.838 -3.51912
2.841 -3.51883
2.844 -3.51855
2.847 -3.51827
2.85 -3.51801
2.853 -3.51774
2.856 -3.51749
2.859 -3.51724
2.862 -3.517
2.865 -3.51676
2.868 -3.51654
2.871 -3.51631
2.874 -3.5161
2.877 -3.51589
2.88 -3.51568
2.883 -3.51549
2.886 -3.51529
2.889 -3.51511
2.892 -3.51493
2.895 -3.51476
2.898 -3.51459
2.901 -3.51443
2.904 -3.51427
2.907 -3.51412
2.91 -3.51398
2.913 -3.51384
2.916 -3.51371
2.919 -3.51358
2.922 -3.51346
2.925 -3.51334
2.928 -3.51323
2.931 -3.51313
2.934 -3.51303
2.937 -3.51293
2.94 -3.51284
2.943 -3.51276
2.946 -3.51268
2.949 -3.5126
2.952 -3.51254
2.955 -3.51247
2.958 -3.51241
2.961 -3.51236
2.964 -3.51231
2.967 -3.51226
2.97 -3.51222
2.973 -3.51219
2.976 -3.51216
2.979 -3.51213
2.982 -3.51211
2.985 -3.51209
2.988 -3.51208
2.991 -3.51207
2.994 -3.51206
2.997 -3.51206
3 -3.51207
3.001 -10
