0 5
0.003 3.64589
0.006 3.64543
0.009 3.64497
0.012 3.6445
0.015 3.64404
0.018 3.64357
0.021 3.6431
0.024 3.64262
0.027 3.64215
0.03 3.64167
0.033 3.64119
0.036 3.64071
0.039 3.64023
0.042 3.63974
0.045 3.63925
0.048 3.63876
0.051 3.63827
0.054 3.63777
0.057 3.63728
0.06 3.63678
0.063 3.63628
0.066 3.63577
0.069 3.63527
0.072 3.63476
0.075 3.63425
0.078 3.63374
0.081 3.63322
0.084 3.63271
0.087 3.63219
0.09 3.63167
0.093 3.63115
0.096 3.63062
0.099 3.6301
0.102 3.62957
0.105 3.62904
0.108 3.6285
0.111 3.62797
0.114 3.62743
0.117 3.62689
0.12 3.62635
0.123 3.62581
0.126 3.62526
0.129 3.62472
0.132 3.62417
0.135 3.62362
0.138 3.62306
0.141 3.62251
0.144 3.62195
0.147 3.62139
0.15 3.62083
0.153 3.62027
0.156 3.61971
0.159 3.61914
0.162 3.61857
0.165 3.618
0.168 3.61743
0.171 3.61685
0.174 3.61628
0.177 3.6157
0.18 3.61512
0.183 3.61454
0.186 3.61396
0.189 3.61337
0.192 3.61278
0.195 3.61219
0.198 3.6116
0.201 3.61101
0.204 3.61042
0.207 3.60982
0.21 3.60922
0.213 3.60862
0.216 3.60802
0.219 3.60742
0.222 3.60681
0.225 3.60621
0.228 3.6056
0.231 3.60499
0.234 3.60438
0.237 3.60376
0.24 3.60315
0.243 3.60253
0.246 3.60191
0.249 3.60129
0.252 3.60067
0.255 3.60004
0.258 3.59942
0.261 3.59879
0.264 3.59816
0.267 3.59753
0.27 3.5969
0.273 3.59627
0.276 3.59563
0.279 3.595
0.282 3.59436
0.285 3.59372
0.288 3.59308
0.291 3.59243
0.294 3.59179
0.297 3.59114
0.3 3.5905
0.303 3.58985
0.306 3.5892
0.309 3.58855
0.312 3.58789
0.315 3.58724
0.318 3.58658
0.321 3.58592
0.324 3.58526
0.327 3.5846
0.33 3.58394
0.333 3.58328
0.336 3.58261
0.339 3.58195
0.342 3.58128
0.345 3.58061
0.348 3.57994
0.351 3.57927
0.354 3.57859
0.357 3.57792
0.36 3.57724
0.363 3.57656
0.366 3.57588
0.369 3.5752
0.372 3.57452
0.375 3.57384
0.378 3.57315
0.381 3.57247
0.384 3.57178
0.387 3.57109
0.39 3.5704
0.393 3.56971
0.396 3.56902
0.399 3.56833
0.402 3.56763
0.405 3.56694
0.408 3.56624
0.411 3.56554
0.414 3.56484
0.417 3.56414
0.42 3.56344
0.423 3.56273
0.426 3.56203
0.429 3.56132
0.432 3.56062
0.435 3.55991
0.438 3.5592
0.441 3.55849
0.444 3.55778
0.447 3.55706
0.45 3.55635
0.453 3.55563
0.456 3.55492
0.459 3.5542
0.462 3.55348
0.465 3.55276
0.468 3.55204
0.471 3.55131
0.474 3.55059
0.477 3.54987
0.48 3.54914
0.483 3.54841
0.486 3.54768
0.489 3.54695
0.492 3.54622
0.495 3.54549
0.498 3.54476
0.501 3.54403
0.504 3.54329
0.507 3.54256
0.51 3.54182
0.513 3.54108
0.516 3.54034
0.519 3.5396
0.522 3.53886
0.525 3.53812
0.528 3.53737
0.531 3.53663
0.534 3.53588
0.537 3.53514
0.54 3.53439
0.543 3.53364
0.546 3.53289
0.549 3.53214
0.552 3.53139
0.555 3.53063
0.558 3.52988
0.561 3.52912
0.564 3.52837
0.567 3.52761
0.57 3.52685
0.573 3.52609
0.576 3.52533
0.579 3.52457
0.582 3.52381
0.585 3.52305
0.588 3.52228
0.591 3.52152
0.594 3.52075
0.597 3.51998
0.6 3.51922
0.603 3.51845
0.606 3.51768
0.609 3.51691
0.612 3.51614
0.615 3.51536
0.618 3.51459
0.621 3.51381
0.624 3.51304
0.627 3.51226
0.63 3.51149
0.633 3.51071
0.636 3.50993
0.639 3.50915
0.642 3.50837
0.645 3.50759
0.648 3.5068
0.651 3.50602
0.654 3.50524
0.657 3.50445
0.66 3.50367
0.663 3.50288
0.666 3.50209
0.669 3.50131
0.672 3.50052
0.675 3.49973
0.678 3.49894
0.681 3.49815
0.684 3.49736
0.687 3.49656
0.69 3.49577
0.693 3.49498
0.696 3.49418
0.699 3.49339
0.702 3.49259
0.705 3.49179
0.708 3.491
0.711 3.4902
0.714 3.4894
0.717 3.4886
0.72 3.4878
0.723 3.487
0.726 3.4862
0.729 3.4854
0.732 3.4846
0.735 3.4838
0.738 3.483
0.741 3.48219
0.744 3.48139
0.747 3.48059
0.75 3.47978
0.753 3.47898
0.756 3.47817
0.759 3.47737
0.762 3.47656
0.765 3.47575
0.768 3.47495
0.771 3.47414
0.774 3.47333
0.777 3.47253
0.78 3.47172
0.783 3.47091
0.786 3.4701
0.789 3.4693
0.792 3.46849
0.795 3.46768
0.798 3.46687
0.801 3.46606
0.804 3.46525
0.807 3.46444
0.81 3.46364
0.813 3.46283
0.816 3.46202
0.819 3.46121
0.822 3.4604
0.825 3.45959
0.828 3.45879
0.831 3.45798
0.834 3.45717
0.837 3.45636
0.84 3.45555
0.843 3.45475
0.846 3.45394
0.849 3.45313
0.852 3.45233
0.855 3.45152
0.858 3.45071
0.861 3.44991
0.864 3.4491
0.867 3.4483
0.87 3.44749
0.873 3.44669
0.876 3.44589
0.879 3.44509
0.882 3.44428
0.885 3.44348
0.888 3.44268
0.891 3.44188
0.894 3.44108
0.897 3.44028
0.9 3.43948
0.903 3.43869
0.906 3.43789
0.909 3.43709
0.912 3.4363
0.915 3.43551
0.918 3.43471
0.921 3.43392
0.924 3.43313
0.927 3.43234
0.93 3.43155
0.933 3.43076
0.936 3.42997
0.939 3.42919
0.942 3.4284
0.945 3.42762
0.948 3.42683
0.951 3.42605
0.954 3.42527
0.957 3.42449
0.96 3.42371
0.963 3.42293
0.966 3.42216
0.969 3.42138
0.972 3.42061
0.975 3.41984
0.978 3.41907
0.981 3.4183
0.984 3.41753
0.987 3.41676
0.99 3.416
0.993 3.41524
0.996 3.41447
0.999 3.41371
1.002 3.41295
1.005 3.4122
1.008 3.41144
1.011 3.41069
1.014 3.40993
1.017 3.40918
1.02 3.40843
1.023 3.40769
1.026 3.40694
1.029 3.4062
1.032 3.40545
1.035 3.40471
1.038 3.40397
1.041 3.40324
1.044 3.4025
1.047 3.40177
1.05 3.40104
1.053 3.40031
1.056 3.39958
1.059 3.39885
1.062 3.39813
1.065 3.3974
1.068 3.39668
1.071 3.39596
1.074 3.39525
1.077 3.39453
1.08 3.39382
1.083 3.39311
1.086 3.3924
1.089 3.39169
1.092 3.39099
1.095 3.39029
1.098 3.38959
1.101 3.38889
1.104 3.38819
1.107 3.38749
1.11 3.3868
1.113 3.38611
1.116 3.38542
1.119 3.38474
1.122 3.38405
1.125 3.38337
1.128 3.38269
1.131 3.38201
1.134 3.38134
1.137 3.38066
1.14 3.37999
1.143 3.37932
1.146 3.37865
1.149 3.37799
1.152 3.37732
1.155 3.37666
1.158 3.376
1.161 3.37534
1.164 3.37469
1.167 3.37404
1.17 3.37339
1.173 3.37274
1.176 3.37209
1.179 3.37144
1.182 3.3708
1.185 3.37016
1.188 3.36952
1.191 3.36889
1.194 3.36825
1.197 3.36762
1.2 3.36699
1.203 3.36636
1.206 3.36574
1.209 3.36511
1.212 3.36449
1.215 3.36387
1.218 3.36325
1.221 3.36263
1.224 3.36202
1.227 3.36141
1.23 3.3608
1.233 3.36019
1.236 3.35958
1.239 3.35898
1.242 3.35838
1.245 3.35778
1.248 3.35718
1.251 3.35658
1.254 3.35598
1.257 3.35539
1.26 3.3548
1.263 3.35421
1.266 3.35362
1.269 3.35304
1.272 3.35245
1.275 3.35187
1.278 3.35129
1.281 3.35071
1.284 3.35013
1.287 3.34956
1.29 3.34898
1.293 3.34841
1.296 3.34784
1.299 3.34727
1.302 3.3467
1.305 3.34613
1.308 3.34557
1.311 3.345
1.314 3.34444
1.317 3.34388
1.32 3.34332
1.323 3.34276
1.326 3.34221
1.329 3.34165
1.332 3.3411
1.335 3.34055
1.338 3.33999
1.341 3.33944
1.344 3.33889
1.347 3.33835
1.35 3.3378
1.353 3.33725
1.356 3.33671
1.359 3.33617
1.362 3.33562
1.365 3.33508
1.368 3.33454
1.371 3.334
1.374 3.33346
1.377 3.33292
1.38 3.33239
1.383 3.33185
1.386 3.33131
1.389 3.33078
1.392 3.33025
1.395 3.32971
1.398 3.32918
1.401 3.32865
1.404 3.32811
1.407 3.32758
1.41 3.32705
1.413 3.32652
1.416 3.32599
1.419 3.32546
1.422 3.32493
1.425 3.3244
1.428 3.32387
1.431 3.32334
1.434 3.32281
1.437 3.32229
1.44 3.32176
1.443 3.32123
1.446 3.3207
1.449 3.32017
1.452 3.31964
1.455 3.31911
1.458 3.31858
1.461 3.31806
1.464 3.31753
1.467 3.317
1.47 3.31647
1.473 3.31593
1.476 3.3154
1.479 3.31487
1.482 3.31434
1.485 3.31381
1.488 3.31327
1.491 3.31274
1.494 3.3122
1.497 3.31167
1.5 3.31113
1.503 3.31059
1.506 3.31005
1.509 3.30952
1.512 3.30897
1.515 3.30843
1.518 3.30789
1.521 3.30735
1.524 3.3068
1.527 3.30625
1.53 3.30571
1.533 3.30516
1.536 3.30461
1.539 3.30405
1.542 3.3035
1.545 3.30295
1.548 3.30239
1.551 3.30183
1.554 3.30127
1.557 3.30071
1.56 3.30014
1.563 3.29958
1.566 3.29901
1.569 3.29844
1.572 3.29786
1.575 3.29729
1.578 3.29671
1.581 3.29613
1.584 3.29555
1.587 3.29497
1.59 3.29438
1.593 3.29379
1.596 3.2932
1.599 3.29261
1.602 3.29201
1.605 3.29141
1.608 3.29081
1.611 3.2902
1.614 3.2896
1.617 3.28898
1.62 3.28837
1.623 3.28775
1.626 3.28713
1.629 3.28651
1.632 3.28588
1.635 3.28525
1.638 3.28462
1.641 3.28398
1.644 3.28334
1.647 3.28269
1.65 3.28204
1.653 3.28139
1.656 3.28074
1.659 3.28008
1.662 3.27941
1.665 3.27875
1.668 3.27807
1.671 3.2774
1.674 3.27672
1.677 3.27603
1.68 3.27534
1.683 3.27465
1.686 3.27395
1.689 3.27325
1.692 3.27255
1.695 3.27183
1.698 3.27112
1.701 3.2704
1.704 3.26967
1.707 3.26894
1.71 3.26821
1.713 3.26747
1.716 3.26672
1.719 3.26597
1.722 3.26522
1.725 3.26446
1.728 3.26369
1.731 3.26292
1.734 3.26214
1.737 3.26136
1.74 3.26057
1.743 3.25978
1.746 3.25898
1.749 3.25817
1.752 3.25736
1.755 3.25655
1.758 3.25572
1.761 3.2549
1.764 3.25406
1.767 3.25322
1.77 3.25237
1.773 3.25152
1.776 3.25066
1.779 3.2498
1.782 3.24893
1.785 3.24805
1.788 3.24716
1.791 3.24627
1.794 3.24538
1.797 3.24447
1.8 3.24356
1.803 3.24264
1.806 3.24172
1.809 3.24079
1.812 3.23985
1.815 3.23891
1.818 3.23796
1.821 3.237
1.824 3.23603
1.827 3.23506
1.83 3.23408
1.833 3.23309
1.836 3.2321
1.839 3.2311
1.842 3.23009
1.845 3.22907
1.848 3.22805
1.851 3.22702
1.854 3.22598
1.857 3.22494
1.86 3.22389
1.863 3.22283
1.866 3.22176
1.869 3.22069
1.872 3.2196
1.875 3.21851
1.878 3.21742
1.881 3.21631
1.884 3.2152
1.887 3.21408
1.89 3.21295
1.893 3.21182
1.896 3.21067
1.899 3.20952
1.902 3.20837
1.905 3.2072
1.908 3.20603
1.911 3.20485
1.914 3.20366
1.917 3.20246
1.92 3.20126
1.923 3.20005
1.926 3.19883
1.929 3.1976
1.932 3.19637
1.935 3.19512
1.938 3.19387
1.941 3.19262
1.944 3.19135
1.947 3.19008
1.95 3.1888
1.953 3.18751
1.956 3.18622
1.959 3.18492
1.962 3.18361
1.965 3.18229
1.968 3.18097
1.971 3.17964
1.974 3.1783
1.977 3.17695
1.98 3.1756
1.983 3.17424
1.986 3.17287
1.989 3.1715
1.992 3.17012
1.995 3.16873
1.998 3.16734
2.001 3.16593
2.004 3.16453
2.007 3.16311
2.01 3.16169
2.013 3.16026
2.016 3.15883
2.019 3.15739
2.022 3.15594
2.025 3.15449
2.028 3.15303
2.031 3.15156
2.034 3.15009
2.037 3.14861
2.04 3.14713
2.043 3.14564
2.046 3.14414
2.049 3.14264
2.052 3.14114
2.055 3.13962
2.058 3.13811
2.061 3.13658
2.064 3.13506
2.067 3.13352
2.07 3.13198
2.073 3.13044
2.076 3.12889
2.079 3.12734
2.082 3.12578
2.085 3.12422
2.088 3.12266
2.091 3.12109
2.094 3.11951
2.097 3.11793
2.1 3.11635
2.103 3.11476
2.106 3.11317
2.109 3.11158
2.112 3.10998
2.115 3.10838
2.118 3.10677
2.121 3.10516
2.124 3.10355
2.127 3.10194
2.13 3.10032
2.133 3.0987
2.136 3.09708
2.139 3.09545
2.142 3.09382
2.145 3.09219
2.148 3.09055
2.151 3.08892
2.154 3.08728
2.157 3.08564
2.16 3.084
2.163 3.08235
2.166 3.08071
2.169 3.07906
2.172 3.07741
2.175 3.07576
2.178 3.07411
2.181 3.07245
2.184 3.0708
2.187 3.06914
2.19 3.06748
2.193 3.06583
2.196 3.06417
2.199 3.06251
2.202 3.06085
2.205 3.05919
2.208 3.05753
2.211 3.05587
2.214 3.0542
2.217 3.05254
2.22 3.05088
2.223 3.04922
2.226 3.04755
2.229 3.04589
2.232 3.04423
2.235 3.04257
2.238 3.04091
2.241 3.03925
2.244 3.03759
2.247 3.03593
2.25 3.03427
2.253 3.03261
2.256 3.03095
2.259 3.0293
2.262 3.02764
2.265 3.02599
2.268 3.02433
2.271 3.02268
2.274 3.02103
2.277 3.01938
2.28 3.01773
2.283 3.01609
2.286 3.01444
2.289 3.0128
2.292 3.01115
2.295 3.00951
2.298 3.00788
2.301 3.00624
2.304 3.0046
2.307 3.00297
2.31 3.00134
2.313 2.99971
2.316 2.99808
2.319 2.99646
2.322 2.99484
2.325 2.99322
2.328 2.9916
2.331 2.98998
2.334 2.98837
2.337 2.98676
2.34 2.98515
2.343 2.98355
2.346 2.98194
2.349 2.98034
2.352 2.97874
2.355 2.97715
2.358 2.97556
2.361 2.97397
2.364 2.97238
2.367 2.9708
2.37 2.96922
2.373 2.96764
2.376 2.96607
2.379 2.9645
2.382 2.96293
2.385 2.96137
2.388 2.95981
2.391 2.95825
2.394 2.9567
2.397 2.95514
2.4 2.9536
2.403 2.95205
2.406 2.95051
2.409 2.94898
2.412 2.94745
2.415 2.94592
2.418 2.94439
2.421 2.94287
2.424 2.94136
2.427 2.93984
2.43 2.93833
2.433 2.93683
2.436 2.93533
2.439 2.93383
2.442 2.93234
2.445 2.93085
2.448 2.92937
2.451 2.92789
2.454 2.92641
2.457 2.92494
2.46 2.92348
2.463 2.92202
2.466 2.92056
2.469 2.91911
2.472 2.91766
2.475 2.91622
2.478 2.91478
2.481 2.91335
2.484 2.91192
2.487 2.9105
2.49 2.90908
2.493 2.90767
2.496 2.90626
2.499 2.90486
2.502 2.90346
2.505 2.90207
2.508 2.90068
2.511 2.8993
2.514 2.89792
2.517 2.89655
2.52 2.89519
2.523 2.89383
2.526 2.89248
2.529 2.89113
2.532 2.88978
2.535 2.88845
2.538 2.88712
2.541 2.88579
2.544 2.88447
2.547 2.88316
2.55 2.88185
2.553 2.88055
2.556 2.87925
2.559 2.87796
2.562 2.87668
2.565 2.8754
2.568 2.87413
2.571 2.87287
2.574 2.87161
2.577 2.87036
2.58 2.86911
2.583 2.86787
2.586 2.86664
2.589 2.86541
2.592 2.86419
2.595 2.86298
2.598 2.86177
2.601 2.86057
2.604 2.85937
2.607 2.85818
2.61 2.857
2.613 2.85583
2.616 2.85466
2.619 2.8535
2.622 2.85235
2.625 2.8512
2.628 2.85006
2.631 2.84892
2.634 2.8478
2.637 2.84667
2.64 2.84556
2.643 2.84445
2.646 2.84335
2.649 2.84226
2.652 2.84117
2.655 2.84009
2.658 2.83902
2.661 2.83796
2.664 2.8369
2.667 2.83585
2.67 2.8348
2.673 2.83376
2.676 2.83273
2.679 2.83171
2.682 2.83069
2.685 2.82968
2.688 2.82868
2.691 2.82768
2.694 2.8267
2.697 2.82571
2.7 2.82474
2.703 2.82377
2.706 2.82281
2.709 2.82186
2.712 2.82091
2.715 2.81997
2.718 2.81903
2.721 2.81811
2.724 2.81719
2.727 2.81628
2.73 2.81537
2.733 2.81447
2.736 2.81358
2.739 2.8127
2.742 2.81182
2.745 2.81095
2.748 2.81008
2.751 2.80923
2.754 2.80837
2.757 2.80753
2.76 2.80669
2.763 2.80586
2.766 2.80504
2.769 2.80422
2.772 2.80341
2.775 2.80261
2.778 2.80181
2.781 2.80102
2.784 2.80024
2.787 2.79946
2.79 2.79869
2.793 2.79793
2.796 2.79717
2.799 2.79642
2.802 2.79567
2.805 2.79493
2.808 2.7942
2.811 2.79348
2.814 2.79276
2.817 2.79205
2.82 2.79134
2.823 2.79064
2.826 2.78994
2.829 2.78926
2.832 2.78857
2.835 2.7879
2.838 2.78723
2.841 2.78657
2.844 2.78591
2.847 2.78526
2.85 2.78461
2.853 2.78397
2.856 2.78334
2.859 2.78271
2.862 2.78209
2.865 2.78147
2.868 2.78086
2.871 2.78026
2.874 2.77966
2.877 2.77906
2.88 2.77848
2.883 2.77789
2.886 2.77732
2.889 2.77675
2.892 2.77618
2.895 2.77562
2.898 2.77507
2.901 2.77452
2.904 2.77397
2.907 2.77343
2.91 2.7729
2.913 2.77237
2.916 2.77185
2.919 2.77133
2.922 2.77082
2.925 2.77031
2.928 2.76981
2.931 2.76931
2.934 2.76882
2.937 2.76833
2.94 2.76785
2.943 2.76737
2.946 2.7669
2.949 2.76643
2.952 2.76596
2.955 2.7655
2.958 2.76505
2.961 2.7646
2.964 2.76415
2.967 2.76371
2.97 2.76328
2.973 2.76285
2.976 2.76242
2.979 2.762
2.982 2.76158
2.985 2.76116
2.988 2.76075
2.991 2.76035
2.994 2.75995
2.997 2.75955
3 2.75916
3.001 5
