0 0
0.003 0.418966
0.006 0.419907
0.009 0.420855
0.012 0.421809
0.015 0.422769
0.018 0.423735
0.021 0.424708
0.024 0.425688
0.027 0.426673
0.03 0.427665
0.033 0.428664
0.036 0.429669
0.039 0.43068
0.042 0.431698
0.045 0.432723
0.048 0.433753
0.051 0.434791
0.054 0.435835
0.057 0.436885
0.06 0.437942
0.063 0.439005
0.066 0.440075
0.069 0.441152
0.072 0.442235
0.075 0.443325
0.078 0.444422
0.081 0.445525
0.084 0.446635
0.087 0.447751
0.09 0.448874
0.093 0.450004
0.096 0.451141
0.099 0.452284
0.102 0.453434
0.105 0.454591
0.108 0.455755
0.111 0.456925
0.114 0.458102
0.117 0.459286
0.12 0.460477
0.123 0.461674
0.126 0.462879
0.129 0.46409
0.132 0.465308
0.135 0.466533
0.138 0.467765
0.141 0.469003
0.144 0.470249
0.147 0.471501
0.15 0.472761
0.153 0.474027
0.156 0.4753
0.159 0.476581
0.162 0.477868
0.165 0.479162
0.168 0.480463
0.171 0.481771
0.174 0.483086
0.177 0.484408
0.18 0.485737
0.183 0.487073
0.186 0.488416
0.189 0.489766
0.192 0.491123
0.195 0.492488
0.198 0.493859
0.201 0.495237
0.204 0.496623
0.207 0.498015
0.21 0.499414
0.213 0.500821
0.216 0.502235
0.219 0.503656
0.222 0.505084
0.225 0.506519
0.228 0.507961
0.231 0.50941
0.234 0.510866
0.237 0.51233
0.24 0.513801
0.243 0.515278
0.246 0.516763
0.249 0.518256
0.252 0.519755
0.255 0.521261
0.258 0.522775
0.261 0.524296
0.264 0.525824
0.267 0.527359
0.27 0.528901
0.273 0.530451
0.276 0.532008
0.279 0.533572
0.282 0.535143
0.285 0.536721
0.288 0.538307
0.291 0.539899
0.294 0.541499
0.297 0.543106
0.3 0.544721
0.303 0.546342
0.306 0.547971
0.309 0.549607
0.312 0.551251
0.315 0.552901
0.318 0.554559
0.321 0.556224
0.324 0.557896
0.327 0.559575
0.33 0.561262
0.333 0.562956
0.336 0.564657
0.339 0.566365
0.342 0.568081
0.345 0.569804
0.348 0.571534
0.351 0.573271
0.354 0.575016
0.357 0.576767
0.36 0.578526
0.363 0.580292
0.366 0.582066
0.369 0.583846
0.372 0.585634
0.375 0.587429
0.378 0.589232
0.381 0.591041
0.384 0.592858
0.387 0.594682
0.39 0.596513
0.393 0.598351
0.396 0.600197
0.399 0.602049
0.402 0.603909
0.405 0.605777
0.408 0.607651
0.411 0.609532
0.414 0.611421
0.417 0.613317
0.42 0.61522
0.423 0.61713
0.426 0.619047
0.429 0.620972
0.432 0.622903
0.435 0.624842
0.438 0.626788
0.441 0.628741
0.444 0.630701
0.447 0.632668
0.45 0.634643
0.453 0.636624
0.456 0.638613
0.459 0.640608
0.462 0.642611
0.465 0.644621
0.468 0.646637
0.471 0.648661
0.474 0.650692
0.477 0.65273
0.48 0.654775
0.483 0.656827
0.486 0.658886
0.489 0.660951
0.492 0.663024
0.495 0.665104
0.498 0.667191
0.501 0.669284
0.504 0.671385
0.507 0.673492
0.51 0.675606
0.513 0.677727
0.516 0.679855
0.519 0.68199
0.522 0.684132
0.525 0.68628
0.528 0.688436
0.531 0.690598
0.534 0.692766
0.537 0.694942
0.54 0.697124
0.543 0.699313
0.546 0.701508
0.549 0.70371
0.552 0.705919
0.555 0.708135
0.558 0.710357
0.561 0.712585
0.564 0.71482
0.567 0.717062
0.57 0.71931
0.573 0.721565
0.576 0.723825
0.579 0.726093
0.582 0.728367
0.585 0.730647
0.588 0.732933
0.591 0.735226
0.594 0.737525
0.597 0.73983
0.6 0.742142
0.603 0.744459
0.606 0.746783
0.609 0.749113
0.612 0.751449
0.615 0.753791
0.618 0.756139
0.621 0.758493
0.624 0.760853
0.627 0.763218
0.63 0.76559
0.633 0.767967
0.636 0.770351
0.639 0.77274
0.642 0.775134
0.645 0.777535
0.648 0.77994
0.651 0.782352
0.654 0.784769
0.657 0.787191
0.66 0.789619
0.663 0.792053
0.666 0.794491
0.669 0.796935
0.672 0.799384
0.675 0.801839
0.678 0.804298
0.681 0.806763
0.684 0.809232
0.687 0.811707
0.69 0.814186
0.693 0.81667
0.696 0.81916
0.699 0.821653
0.702 0.824152
0.705 0.826655
0.708 0.829163
0.711 0.831675
0.714 0.834192
0.717 0.836713
0.72 0.839239
0.723 0.841768
0.726 0.844302
0.729 0.84684
0.732 0.849382
0.735 0.851928
0.738 0.854478
0.741 0.857032
0.744 0.85959
0.747 0.862151
0.75 0.864716
0.753 0.867285
0.756 0.869857
0.759 0.872432
0.762 0.875011
0.765 0.877593
0.768 0.880178
0.771 0.882767
0.774 0.885358
0.777 0.887953
0.78 0.89055
0.783 0.89315
0.786 0.895752
0.789 0.898358
0.792 0.900965
0.795 0.903576
0.798 0.906188
0.801 0.908803
0.804 0.91142
0.807 0.91404
0.81 0.916661
0.813 0.919284
0.816 0.921909
0.819 0.924535
0.822 0.927164
0.825 0.929794
0.828 0.932425
0.831 0.935057
0.834 0.937691
0.837 0.940327
0.84 0.942963
0.843 0.9456
0.846 0.948238
0.849 0.950877
0.852 0.953516
0.855 0.956156
0.858 0.958797
0.861 0.961438
0.864 0.964079
0.867 0.96672
0.87 0.969362
0.873 0.972003
0.876 0.974645
0.879 0.977286
0.882 0.979927
0.885 0.982567
0.888 0.985207
0.891 0.987846
0.894 0.990484
0.897 0.993122
0.9 0.995758
0.903 0.998394
0.906 1.00103
0.909 1.00366
0.912 1.00629
0.915 1.00892
0.918 1.01155
0.921 1.01418
0.924 1.0168
0.927 1.01943
0.93 1.02205
0.933 1.02467
0.936 1.02728
0.939 1.0299
0.942 1.03251
0.945 1.03512
0.948 1.03773
0.951 1.04033
0.954 1.04293
0.957 1.04553
0.96 1.04812
0.963 1.05071
0.966 1.0533
0.969 1.05589
0.972 1.05847
0.975 1.06105
0.978 1.06362
0.981 1.06619
0.984 1.06876
0.987 1.07132
0.99 1.07388
0.993 1.07643
0.996 1.07898
0.999 1.08152
1.002 1.08406
1.005 1.0866
1.008 1.08913
1.011 1.09165
1.014 1.09417
1.017 1.09669
1.02 1.0992
1.023 1.1017
1.026 1.1042
1.029 1.1067
1.032 1.10919
1.035 1.11167
1.038 1.11414
1.041 1.11662
1.044 1.11908
1.047 1.12154
1.05 1.12399
1.053 1.12644
1.056 1.12888
1.059 1.13131
1.062 1.13374
1.065 1.13616
1.068 1.13857
1.071 1.14098
1.074 1.14338
1.077 1.14577
1.08 1.14816
1.083 1.15054
1.086 1.15291
1.089 1.15527
1.092 1.15763
1.095 1.15998
1.098 1.16232
1.101 1.16465
1.104 1.16698
1.107 1.1693
1.11 1.17161
1.113 1.17391
1.116 1.17621
1.119 1.17849
1.122 1.18077
1.125 1.18304
1.128 1.1853
1.131 1.18756
1.134 1.1898
1.137 1.19204
1.14 1.19427
1.143 1.19649
1.146 1.1987
1.149 1.2009
1.152 1.2031
1.155 1.20528
1.158 1.20746
1.161 1.20962
1.164 1.21178
1.167 1.21393
1.17 1.21607
1.173 1.2182
1.176 1.22032
1.179 1.22244
1.182 1.22454
1.185 1.22664
1.188 1.22872
1.191 1.2308
1.194 1.23286
1.197 1.23492
1.2 1.23697
1.203 1.23901
1.206 1.24104
1.209 1.24305
1.212 1.24506
1.215 1.24707
1.218 1.24906
1.221 1.25104
1.224 1.25301
1.227 1.25497
1.23 1.25693
1.233 1.25887
1.236 1.2608
1.239 1.26273
1.242 1.26464
1.245 1.26655
1.248 1.26844
1.251 1.27033
1.254 1.2722
1.257 1.27407
1.26 1.27593
1.263 1.27778
1.266 1.27961
1.269 1.28144
1.272 1.28326
1.275 1.28507
1.278 1.28687
1.281 1.28866
1.284 1.29044
1.287 1.29222
1.29 1.29398
1.293 1.29573
1.296 1.29748
1.299 1.29921
1.302 1.30094
1.305 1.30266
1.308 1.30437
1.311 1.30606
1.314 1.30775
1.317 1.30944
1.32 1.31111
1.323 1.31277
1.326 1.31443
1.329 1.31607
1.332 1.31771
1.335 1.31934
1.338 1.32096
1.341 1.32257
1.344 1.32418
1.347 1.32577
1.35 1.32736
1.353 1.32894
1.356 1.33051
1.359 1.33208
1.362 1.33363
1.365 1.33518
1.368 1.33672
1.371 1.33826
1.374 1.33978
1.377 1.3413
1.38 1.34281
1.383 1.34432
1.386 1.34581
1.389 1.3473
1.392 1.34879
1.395 1.35027
1.398 1.35174
1.401 1.3532
1.404 1.35466
1.407 1.35611
1.41 1.35756
1.413 1.359
1.416 1.36043
1.419 1.36186
1.422 1.36329
1.425 1.36471
1.428 1.36612
1.431 1.36753
1.434 1.36893
1.437 1.37033
1.44 1.37173
1.443 1.37312
1.446 1.3745
1.449 1.37589
1.452 1.37727
1.455 1.37864
1.458 1.38001
1.461 1.38138
1.464 1.38275
1.467 1.38411
1.47 1.38547
1.473 1.38683
1.476 1.38819
1.479 1.38954
1.482 1.39089
1.485 1.39224
1.488 1.39359
1.491 1.39494
1.494 1.39629
1.497 1.39763
1.5 1.39898
1.503 1.40033
1.506 1.40167
1.509 1.40302
1.512 1.40436
1.515 1.40571
1.518 1.40706
1.521 1.40841
1.524 1.40976
1.527 1.41111
1.53 1.41247
1.533 1.41382
1.536 1.41518
1.539 1.41654
1.542 1.41791
1.545 1.41928
1.548 1.42065
1.551 1.42203
1.554 1.42341
1.557 1.42479
1.56 1.42618
1.563 1.42757
1.566 1.42897
1.569 1.43038
1.572 1.43179
1.575 1.43321
1.578 1.43463
1.581 1.43607
1.584 1.4375
1.587 1.43895
1.59 1.44041
1.593 1.44187
1.596 1.44334
1.599 1.44482
1.602 1.44631
1.605 1.44781
1.608 1.44932
1.611 1.45084
1.614 1.45237
1.617 1.45391
1.62 1.45546
1.623 1.45702
1.626 1.4586
1.629 1.46019
1.632 1.46179
1.635 1.46341
1.638 1.46504
1.641 1.46668
1.644 1.46834
1.647 1.47001
1.65 1.4717
1.653 1.4734
1.656 1.47512
1.659 1.47686
1.662 1.47861
1.665 1.48038
1.668 1.48217
1.671 1.48398
1.674 1.4858
1.677 1.48765
1.68 1.48951
1.683 1.4914
1.686 1.4933
1.689 1.49523
1.692 1.49717
1.695 1.49914
1.698 1.50113
1.701 1.50315
1.704 1.50518
1.707 1.50724
1.71 1.50933
1.713 1.51144
1.716 1.51357
1.719 1.51573
1.722 1.51792
1.725 1.52013
1.728 1.52237
1.731 1.52463
1.734 1.52693
1.737 1.52925
1.74 1.5316
1.743 1.53399
1.746 1.5364
1.749 1.53884
1.752 1.54131
1.755 1.54382
1.758 1.54636
1.761 1.54893
1.764 1.55153
1.767 1.55417
1.77 1.55684
1.773 1.55954
1.776 1.56229
1.779 1.56506
1.782 1.56788
1.785 1.57073
1.788 1.57362
1.791 1.57654
1.794 1.57951
1.797 1.58251
1.8 1.58555
1.803 1.58864
1.806 1.59176
1.809 1.59493
1.812 1.59814
1.815 1.60139
1.818 1.60468
1.821 1.60802
1.824 1.6114
1.827 1.61483
1.83 1.6183
1.833 1.62182
1.836 1.62539
1.839 1.629
1.842 1.63266
1.845 1.63636
1.848 1.64012
1.851 1.64393
1.854 1.64778
1.857 1.65169
1.86 1.65565
1.863 1.65966
1.866 1.66372
1.869 1.66783
1.872 1.672
1.875 1.67622
1.878 1.6805
1.881 1.68483
1.884 1.68921
1.887 1.69366
1.89 1.69816
1.893 1.70271
1.896 1.70733
1.899 1.712
1.902 1.71673
1.905 1.72152
1.908 1.72637
1.911 1.73128
1.914 1.73625
1.917 1.74129
1.92 1.74638
1.923 1.75154
1.926 1.75676
1.929 1.76204
1.932 1.76739
1.935 1.7728
1.938 1.77827
1.941 1.78381
1.944 1.78942
1.947 1.79509
1.95 1.80083
1.953 1.80663
1.956 1.81251
1.959 1.81844
1.962 1.82445
1.965 1.83053
1.968 1.83667
1.971 1.84288
1.974 1.84916
1.977 1.85551
1.98 1.86193
1.983 1.86842
1.986 1.87498
1.989 1.88161
1.992 1.88831
1.995 1.89508
1.998 1.90192
2.001 1.90883
2.004 1.91581
2.007 1.92286
2.01 1.92999
2.013 1.93718
2.016 1.94445
2.019 1.95178
2.022 1.95919
2.025 1.96667
2.028 1.97422
2.031 1.98184
2.034 1.98953
2.037 1.99729
2.04 2.00512
2.043 2.01302
2.046 2.02099
2.049 2.02903
2.052 2.03714
2.055 2.04532
2.058 2.05356
2.061 2.06188
2.064 2.07026
2.067 2.07871
2.07 2.08722
2.073 2.0958
2.076 2.10445
2.079 2.11316
2.082 2.12194
2.085 2.13077
2.088 2.13968
2.091 2.14864
2.094 2.15766
2.097 2.16675
2.1 2.17589
2.103 2.1851
2.106 2.19436
2.109 2.20367
2.112 2.21305
2.115 2.22248
2.118 2.23196
2.121 2.24149
2.124 2.25108
2.127 2.26071
2.13 2.2704
2.133 2.28014
2.136 2.28992
2.139 2.29974
2.142 2.30961
2.145 2.31953
2.148 2.32948
2.151 2.33948
2.154 2.34951
2.157 2.35959
2.16 2.36969
2.163 2.37984
2.166 2.39001
2.169 2.40022
2.172 2.41046
2.175 2.42072
2.178 2.43102
2.181 2.44133
2.184 2.45168
2.187 2.46204
2.19 2.47242
2.193 2.48283
2.196 2.49325
2.199 2.50368
2.202 2.51414
2.205 2.5246
2.208 2.53507
2.211 2.54555
2.214 2.55604
2.217 2.56654
2.22 2.57704
2.223 2.58754
2.226 2.59804
2.229 2.60854
2.232 2.61904
2.235 2.62954
2.238 2.64003
2.241 2.65051
2.244 2.66098
2.247 2.67144
2.25 2.68189
2.253 2.69233
2.256 2.70275
2.259 2.71316
2.262 2.72354
2.265 2.73391
2.268 2.74425
2.271 2.75457
2.274 2.76487
2.277 2.77515
2.28 2.78539
2.283 2.79561
2.286 2.8058
2.289 2.81596
2.292 2.82608
2.295 2.83618
2.298 2.84623
2.301 2.85626
2.304 2.86624
2.307 2.87619
2.31 2.8861
2.313 2.89597
2.316 2.9058
2.319 2.91558
2.322 2.92532
2.325 2.93502
2.328 2.94468
2.331 2.95428
2.334 2.96384
2.337 2.97336
2.34 2.98282
2.343 2.99224
2.346 3.0016
2.349 3.01092
2.352 3.02018
2.355 3.02939
2.358 3.03855
2.361 3.04766
2.364 3.05671
2.367 3.06571
2.37 3.07465
2.373 3.08354
2.376 3.09237
2.379 3.10114
2.382 3.10986
2.385 3.11852
2.388 3.12712
2.391 3.13567
2.394 3.14415
2.397 3.15258
2.4 3.16095
2.403 3.16926
2.406 3.17751
2.409 3.18569
2.412 3.19382
2.415 3.20189
2.418 3.2099
2.421 3.21785
2.424 3.22573
2.427 3.23356
2.43 3.24132
2.433 3.24903
2.436 3.25667
2.439 3.26425
2.442 3.27177
2.445 3.27922
2.448 3.28662
2.451 3.29395
2.454 3.30122
2.457 3.30843
2.46 3.31558
2.463 3.32267
2.466 3.32969
2.469 3.33666
2.472 3.34356
2.475 3.3504
2.478 3.35718
2.481 3.3639
2.484 3.37055
2.487 3.37715
2.49 3.38368
2.493 3.39016
2.496 3.39657
2.499 3.40292
2.502 3.40921
2.505 3.41544
2.508 3.42162
2.511 3.42773
2.514 3.43378
2.517 3.43977
2.52 3.4457
2.523 3.45158
2.526 3.45739
2.529 3.46315
2.532 3.46885
2.535 3.47449
2.538 3.48007
2.541 3.48559
2.544 3.49106
2.547 3.49647
2.55 3.50182
2.553 3.50712
2.556 3.51236
2.559 3.51754
2.562 3.52267
2.565 3.52775
2.568 3.53276
2.571 3.53773
2.574 3.54264
2.577 3.54749
2.58 3.55229
2.583 3.55704
2.586 3.56173
2.589 3.56637
2.592 3.57096
2.595 3.5755
2.598 3.57999
2.601 3.58442
2.604 3.5888
2.607 3.59314
2.61 3.59742
2.613 3.60165
2.616 3.60583
2.619 3.60997
2.622 3.61405
2.625 3.61809
2.628 3.62207
2.631 3.62602
2.634 3.62991
2.637 3.63376
2.64 3.63756
2.643 3.64131
2.646 3.64502
2.649 3.64868
2.652 3.6523
2.655 3.65587
2.658 3.6594
2.661 3.66289
2.664 3.66633
2.667 3.66974
2.67 3.67309
2.673 3.67641
2.676 3.67968
2.679 3.68292
2.682 3.68611
2.685 3.68926
2.688 3.69237
2.691 3.69544
2.694 3.69848
2.697 3.70147
2.7 3.70443
2.703 3.70735
2.706 3.71023
2.709 3.71307
2.712 3.71588
2.715 3.71865
2.718 3.72138
2.721 3.72408
2.724 3.72674
2.727 3.72937
2.73 3.73196
2.733 3.73452
2.736 3.73705
2.739 3.73954
2.742 3.742
2.745 3.74443
2.748 3.74683
2.751 3.74919
2.754 3.75152
2.757 3.75382
2.76 3.7561
2.763 3.75834
2.766 3.76055
2.769 3.76273
2.772 3.76488
2.775 3.767
2.778 3.7691
2.781 3.77116
2.784 3.7732
2.787 3.77521
2.79 3.77719
2.793 3.77915
2.796 3.78108
2.799 3.78299
2.802 3.78486
2.805 3.78672
2.808 3.78855
2.811 3.79035
2.814 3.79213
2.817 3.79388
2.82 3.79561
2.823 3.79732
2.826 3.799
2.829 3.80066
2.832 3.8023
2.835 3.80392
2.838 3.80551
2.841 3.80708
2.844 3.80863
2.847 3.81016
2.85 3.81167
2.853 3.81316
2.856 3.81463
2.859 3.81607
2.862 3.8175
2.865 3.81891
2.868 3.8203
2.871 3.82167
2.874 3.82302
2.877 3.82435
2.88 3.82566
2.883 3.82696
2.886 3.82824
2.889 3.8295
2.892 3.83074
2.895 3.83197
2.898 3.83317
2.901 3.83437
2.904 3.83554
2.907 3.8367
2.91 3.83785
2.913 3.83898
2.916 3.84009
2.919 3.84119
2.922 3.84227
2.925 3.84334
2.928 3.84439
2.931 3.84543
2.934 3.84645
2.937 3.84746
2.94 3.84846
2.943 3.84944
2.946 3.85041
2.949 3.85137
2.952 3.85231
2.955 3.85324
2.958 3.85416
2.961 3.85507
2.964 3.85596
2.967 3.85684
2.97 3.85771
2.973 3.85856
2.976 3.85941
2.979 3.86024
2.982 3.86106
2.985 3.86187
2.988 3.86267
2.991 3.86346
2.994 3.86424
2.997 3.86501
3 3.86577
3.001 0
