0 5
0.003 3.63982
0.006 3.63947
0.009 3.63913
0.012 3.63879
0.015 3.63844
0.018 3.63809
0.021 3.63774
0.024 3.63738
0.027 3.63703
0.03 3.63667
0.033 3.63631
0.036 3.63595
0.039 3.63558
0.042 3.63522
0.045 3.63485
0.048 3.63448
0.051 3.63411
0.054 3.63373
0.057 3.63336
0.06 3.63298
0.063 3.6326
0.066 3.63222
0.069 3.63183
0.072 3.63145
0.075 3.63106
0.078 3.63067
0.081 3.63027
0.084 3.62988
0.087 3.62948
0.09 3.62908
0.093 3.62868
0.096 3.62828
0.099 3.62788
0.102 3.62747
0.105 3.62706
0.108 3.62665
0.111 3.62624
0.114 3.62582
0.117 3.6254
0.12 3.62498
0.123 3.62456
0.126 3.62414
0.129 3.62372
0.132 3.62329
0.135 3.62286
0.138 3.62243
0.141 3.622
0.144 3.62156
0.147 3.62113
0.15 3.62069
0.153 3.62025
0.156 3.6198
0.159 3.61936
0.162 3.61891
0.165 3.61847
0.168 3.61802
0.171 3.61756
0.174 3.61711
0.177 3.61665
0.18 3.61619
0.183 3.61574
0.186 3.61527
0.189 3.61481
0.192 3.61434
0.195 3.61388
0.198 3.61341
0.201 3.61294
0.204 3.61246
0.207 3.61199
0.21 3.61151
0.213 3.61103
0.216 3.61055
0.219 3.61007
0.222 3.60959
0.225 3.6091
0.228 3.60861
0.231 3.60813
0.234 3.60763
0.237 3.60714
0.24 3.60665
0.243 3.60615
0.246 3.60565
0.249 3.60515
0.252 3.60465
0.255 3.60415
0.258 3.60364
0.261 3.60313
0.264 3.60263
0.267 3.60211
0.27 3.6016
0.273 3.60109
0.276 3.60057
0.279 3.60006
0.282 3.59954
0.285 3.59902
0.288 3.59849
0.291 3.59797
0.294 3.59744
0.297 3.59692
0.3 3.59639
0.303 3.59586
0.306 3.59532
0.309 3.59479
0.312 3.59425
0.315 3.59372
0.318 3.59318
0.321 3.59264
0.324 3.5921
0.327 3.59155
0.33 3.59101
0.333 3.59046
0.336 3.58991
0.339 3.58936
0.342 3.58881
0.345 3.58826
0.348 3.5877
0.351 3.58715
0.354 3.58659
0.357 3.58603
0.36 3.58547
0.363 3.58491
0.366 3.58435
0.369 3.58378
0.372 3.58322
0.375 3.58265
0.378 3.58208
0.381 3.58151
0.384 3.58094
0.387 3.58036
0.39 3.57979
0.393 3.57921
0.396 3.57863
0.399 3.57805
0.402 3.57747
0.405 3.57689
0.408 3.57631
0.411 3.57572
0.414 3.57514
0.417 3.57455
0.42 3.57396
0.423 3.57337
0.426 3.57278
0.429 3.57219
0.432 3.57159
0.435 3.571
0.438 3.5704
0.441 3.5698
0.444 3.5692
0.447 3.5686
0.45 3.568
0.453 3.5674
0.456 3.56679
0.459 3.56619
0.462 3.56558
0.465 3.56497
0.468 3.56436
0.471 3.56375
0.474 3.56314
0.477 3.56253
0.48 3.56191
0.483 3.5613
0.486 3.56068
0.489 3.56006
0.492 3.55944
0.495 3.55882
0.498 3.5582
0.501 3.55758
0.504 3.55695
0.507 3.55633
0.51 3.5557
0.513 3.55508
0.516 3.55445
0.519 3.55382
0.522 3.55319
0.525 3.55256
0.528 3.55193
0.531 3.55129
0.534 3.55066
0.537 3.55002
0.54 3.54939
0.543 3.54875
0.546 3.54811
0.549 3.54747
0.552 3.54683
0.555 3.54619
0.558 3.54554
0.561 3.5449
0.564 3.54425
0.567 3.54361
0.57 3.54296
0.573 3.54231
0.576 3.54167
0.579 3.54102
0.582 3.54037
0.585 3.53971
0.588 3.53906
0.591 3.53841
0.594 3.53775
0.597 3.5371
0.6 3.53644
0.603 3.53579
0.606 3.53513
0.609 3.53447
0.612 3.53381
0.615 3.53315
0.618 3.53249
0.621 3.53183
0.624 3.53116
0.627 3.5305
0.63 3.52984
0.633 3.52917
0.636 3.5285
0.639 3.52784
0.642 3.52717
0.645 3.5265
0.648 3.52583
0.651 3.52516
0.654 3.52449
0.657 3.52382
0.66 3.52315
0.663 3.52248
0.666 3.5218
0.669 3.52113
0.672 3.52045
0.675 3.51978
0.678 3.5191
0.681 3.51843
0.684 3.51775
0.687 3.51707
0.69 3.51639
0.693 3.51571
0.696 3.51503
0.699 3.51435
0.702 3.51367
0.705 3.51299
0.708 3.51231
0.711 3.51162
0.714 3.51094
0.717 3.51026
0.72 3.50957
0.723 3.50889
0.726 3.5082
0.729 3.50752
0.732 3.50683
0.735 3.50614
0.738 3.50546
0.741 3.50477
0.744 3.50408
0.747 3.50339
0.75 3.5027
0.753 3.50201
0.756 3.50132
0.759 3.50063
0.762 3.49994
0.765 3.49925
0.768 3.49856
0.771 3.49787
0.774 3.49718
0.777 3.49649
0.78 3.49579
0.783 3.4951
0.786 3.49441
0.789 3.49371
0.792 3.49302
0.795 3.49233
0.798 3.49163
0.801 3.49094
0.804 3.49024
0.807 3.48955
0.81 3.48885
0.813 3.48816
0.816 3.48746
0.819 3.48677
0.822 3.48607
0.825 3.48538
0.828 3.48468
0.831 3.48399
0.834 3.48329
0.837 3.4826
0.84 3.4819
0.843 3.4812
0.846 3.48051
0.849 3.47981
0.852 3.47912
0.855 3.47842
0.858 3.47773
0.861 3.47703
0.864 3.47633
0.867 3.47564
0.87 3.47494
0.873 3.47425
0.876 3.47355
0.879 3.47286
0.882 3.47216
0.885 3.47147
0.888 3.47077
0.891 3.47008
0.894 3.46939
0.897 3.46869
0.9 3.468
0.903 3.4673
0.906 3.46661
0.909 3.46592
0.912 3.46523
0.915 3.46453
0.918 3.46384
0.921 3.46315
0.924 3.46246
0.927 3.46177
0.93 3.46108
0.933 3.46039
0.936 3.4597
0.939 3.45901
0.942 3.45832
0.945 3.45763
0.948 3.45695
0.951 3.45626
0.954 3.45557
0.957 3.45489
0.96 3.4542
0.963 3.45351
0.966 3.45283
0.969 3.45215
0.972 3.45146
0.975 3.45078
0.978 3.4501
0.981 3.44942
0.984 3.44874
0.987 3.44806
0.99 3.44738
0.993 3.4467
0.996 3.44602
0.999 3.44534
1.002 3.44467
1.005 3.44399
1.008 3.44332
1.011 3.44264
1.014 3.44197
1.017 3.4413
1.02 3.44063
1.023 3.43996
1.026 3.43929
1.029 3.43862
1.032 3.43795
1.035 3.43728
1.038 3.43662
1.041 3.43595
1.044 3.43529
1.047 3.43463
1.05 3.43397
1.053 3.4333
1.056 3.43264
1.059 3.43199
1.062 3.43133
1.065 3.43067
1.068 3.43002
1.071 3.42936
1.074 3.42871
1.077 3.42806
1.08 3.42741
1.083 3.42676
1.086 3.42611
1.089 3.42546
1.092 3.42481
1.095 3.42417
1.098 3.42352
1.101 3.42288
1.104 3.42224
1.107 3.4216
1.11 3.42096
1.113 3.42033
1.116 3.41969
1.119 3.41905
1.122 3.41842
1.125 3.41779
1.128 3.41716
1.131 3.41653
1.134 3.4159
1.137 3.41527
1.14 3.41465
1.143 3.41403
1.146 3.4134
1.149 3.41278
1.152 3.41216
1.155 3.41155
1.158 3.41093
1.161 3.41031
1.164 3.4097
1.167 3.40909
1.17 3.40848
1.173 3.40787
1.176 3.40726
1.179 3.40666
1.182 3.40605
1.185 3.40545
1.188 3.40485
1.191 3.40425
1.194 3.40365
1.197 3.40305
1.2 3.40246
1.203 3.40187
1.206 3.40127
1.209 3.40068
1.212 3.40009
1.215 3.39951
1.218 3.39892
1.221 3.39834
1.224 3.39776
1.227 3.39718
1.23 3.3966
1.233 3.39602
1.236 3.39544
1.239 3.39487
1.242 3.3943
1.245 3.39373
1.248 3.39316
1.251 3.39259
1.254 3.39203
1.257 3.39146
1.26 3.3909
1.263 3.39034
1.266 3.38978
1.269 3.38922
1.272 3.38867
1.275 3.38811
1.278 3.38756
1.281 3.38701
1.284 3.38646
1.287 3.38591
1.29 3.38536
1.293 3.38482
1.296 3.38428
1.299 3.38374
1.302 3.3832
1.305 3.38266
1.308 3.38212
1.311 3.38159
1.314 3.38105
1.317 3.38052
1.32 3.37999
1.323 3.37946
1.326 3.37894
1.329 3.37841
1.332 3.37789
1.335 3.37736
1.338 3.37684
1.341 3.37632
1.344 3.3758
1.347 3.37529
1.35 3.37477
1.353 3.37426
1.356 3.37375
1.359 3.37324
1.362 3.37273
1.365 3.37222
1.368 3.37171
1.371 3.37121
1.374 3.3707
1.377 3.3702
1.38 3.3697
1.383 3.3692
1.386 3.3687
1.389 3.3682
1.392 3.36771
1.395 3.36721
1.398 3.36672
1.401 3.36622
1.404 3.36573
1.407 3.36524
1.41 3.36475
1.413 3.36427
1.416 3.36378
1.419 3.36329
1.422 3.36281
1.425 3.36232
1.428 3.36184
1.431 3.36136
1.434 3.36088
1.437 3.3604
1.44 3.35992
1.443 3.35944
1.446 3.35896
1.449 3.35848
1.452 3.35801
1.455 3.35753
1.458 3.35705
1.461 3.35658
1.464 3.35611
1.467 3.35563
1.47 3.35516
1.473 3.35469
1.476 3.35422
1.479 3.35375
1.482 3.35327
1.485 3.3528
1.488 3.35233
1.491 3.35186
1.494 3.35139
1.497 3.35092
1.5 3.35046
1.503 3.34999
1.506 3.34952
1.509 3.34905
1.512 3.34858
1.515 3.34811
1.518 3.34764
1.521 3.34717
1.524 3.3467
1.527 3.34623
1.53 3.34576
1.533 3.34529
1.536 3.34482
1.539 3.34435
1.542 3.34388
1.545 3.34341
1.548 3.34294
1.551 3.34246
1.554 3.34199
1.557 3.34152
1.56 3.34104
1.563 3.34057
1.566 3.34009
1.569 3.33961
1.572 3.33913
1.575 3.33865
1.578 3.33817
1.581 3.33769
1.584 3.33721
1.587 3.33672
1.59 3.33624
1.593 3.33575
1.596 3.33526
1.599 3.33477
1.602 3.33428
1.605 3.33379
1.608 3.3333
1.611 3.3328
1.614 3.3323
1.617 3.3318
1.62 3.3313
1.623 3.3308
1.626 3.33029
1.629 3.32978
1.632 3.32927
1.635 3.32876
1.638 3.32824
1.641 3.32773
1.644 3.32721
1.647 3.32668
1.65 3.32616
1.653 3.32563
1.656 3.3251
1.659 3.32457
1.662 3.32403
1.665 3.32349
1.668 3.32295
1.671 3.32241
1.674 3.32186
1.677 3.3213
1.68 3.32075
1.683 3.32019
1.686 3.31963
1.689 3.31906
1.692 3.31849
1.695 3.31792
1.698 3.31734
1.701 3.31676
1.704 3.31617
1.707 3.31558
1.71 3.31499
1.713 3.31439
1.716 3.31379
1.719 3.31318
1.722 3.31257
1.725 3.31195
1.728 3.31133
1.731 3.3107
1.734 3.31007
1.737 3.30943
1.74 3.30879
1.743 3.30814
1.746 3.30749
1.749 3.30683
1.752 3.30617
1.755 3.3055
1.758 3.30482
1.761 3.30414
1.764 3.30345
1.767 3.30276
1.77 3.30206
1.773 3.30135
1.776 3.30064
1.779 3.29992
1.782 3.29919
1.785 3.29846
1.788 3.29772
1.791 3.29697
1.794 3.29622
1.797 3.29546
1.8 3.29469
1.803 3.29391
1.806 3.29313
1.809 3.29234
1.812 3.29154
1.815 3.29073
1.818 3.28991
1.821 3.28909
1.824 3.28826
1.827 3.28741
1.83 3.28657
1.833 3.28571
1.836 3.28484
1.839 3.28396
1.842 3.28308
1.845 3.28218
1.848 3.28128
1.851 3.28037
1.854 3.27944
1.857 3.27851
1.86 3.27757
1.863 3.27661
1.866 3.27565
1.869 3.27467
1.872 3.27369
1.875 3.2727
1.878 3.27169
1.881 3.27067
1.884 3.26965
1.887 3.26861
1.89 3.26756
1.893 3.26649
1.896 3.26542
1.899 3.26434
1.902 3.26324
1.905 3.26213
1.908 3.26101
1.911 3.25987
1.914 3.25873
1.917 3.25757
1.92 3.2564
1.923 3.25521
1.926 3.25402
1.929 3.25281
1.932 3.25158
1.935 3.25034
1.938 3.24909
1.941 3.24783
1.944 3.24655
1.947 3.24526
1.95 3.24395
1.953 3.24263
1.956 3.24129
1.959 3.23994
1.962 3.23858
1.965 3.2372
1.968 3.23581
1.971 3.2344
1.974 3.23297
1.977 3.23153
1.98 3.23008
1.983 3.22861
1.986 3.22712
1.989 3.22562
1.992 3.2241
1.995 3.22256
1.998 3.22101
2.001 3.21945
2.004 3.21786
2.007 3.21627
2.01 3.21465
2.013 3.21302
2.016 3.21137
2.019 3.2097
2.022 3.20802
2.025 3.20632
2.028 3.20461
2.031 3.20287
2.034 3.20113
2.037 3.19936
2.04 3.19757
2.043 3.19577
2.046 3.19396
2.049 3.19212
2.052 3.19027
2.055 3.1884
2.058 3.18651
2.061 3.18461
2.064 3.18269
2.067 3.18075
2.07 3.1788
2.073 3.17683
2.076 3.17484
2.079 3.17283
2.082 3.17081
2.085 3.16877
2.088 3.16671
2.091 3.16464
2.094 3.16255
2.097 3.16045
2.1 3.15832
2.103 3.15619
2.106 3.15403
2.109 3.15186
2.112 3.14967
2.115 3.14747
2.118 3.14525
2.121 3.14302
2.124 3.14077
2.127 3.13851
2.13 3.13623
2.133 3.13394
2.136 3.13163
2.139 3.12931
2.142 3.12698
2.145 3.12463
2.148 3.12227
2.151 3.11989
2.154 3.1175
2.157 3.1151
2.16 3.11269
2.163 3.11026
2.166 3.10782
2.169 3.10538
2.172 3.10292
2.175 3.10044
2.178 3.09796
2.181 3.09547
2.184 3.09297
2.187 3.09045
2.19 3.08793
2.193 3.0854
2.196 3.08286
2.199 3.08031
2.202 3.07776
2.205 3.0752
2.208 3.07262
2.211 3.07005
2.214 3.06746
2.217 3.06487
2.22 3.06228
2.223 3.05967
2.226 3.05707
2.229 3.05445
2.232 3.05184
2.235 3.04922
2.238 3.04659
2.241 3.04397
2.244 3.04134
2.247 3.0387
2.25 3.03607
2.253 3.03343
2.256 3.03079
2.259 3.02815
2.262 3.02551
2.265 3.02287
2.268 3.02023
2.271 3.01759
2.274 3.01494
2.277 3.0123
2.28 3.00967
2.283 3.00703
2.286 3.00439
2.289 3.00176
2.292 2.99913
2.295 2.9965
2.298 2.99388
2.301 2.99126
2.304 2.98864
2.307 2.98602
2.31 2.98341
2.313 2.98081
2.316 2.97821
2.319 2.97561
2.322 2.97302
2.325 2.97044
2.328 2.96786
2.331 2.96529
2.334 2.96272
2.337 2.96017
2.34 2.95761
2.343 2.95507
2.346 2.95253
2.349 2.95
2.352 2.94748
2.355 2.94496
2.358 2.94245
2.361 2.93995
2.364 2.93746
2.367 2.93498
2.37 2.93251
2.373 2.93005
2.376 2.92759
2.379 2.92515
2.382 2.92271
2.385 2.92029
2.388 2.91787
2.391 2.91546
2.394 2.91307
2.397 2.91068
2.4 2.90831
2.403 2.90594
2.406 2.90359
2.409 2.90124
2.412 2.89891
2.415 2.89659
2.418 2.89428
2.421 2.89198
2.424 2.88969
2.427 2.88742
2.43 2.88515
2.433 2.8829
2.436 2.88066
2.439 2.87843
2.442 2.87621
2.445 2.87401
2.448 2.87182
2.451 2.86964
2.454 2.86747
2.457 2.86531
2.46 2.86317
2.463 2.86104
2.466 2.85892
2.469 2.85682
2.472 2.85472
2.475 2.85264
2.478 2.85058
2.481 2.84852
2.484 2.84648
2.487 2.84446
2.49 2.84244
2.493 2.84044
2.496 2.83846
2.499 2.83648
2.502 2.83452
2.505 2.83257
2.508 2.83064
2.511 2.82872
2.514 2.82681
2.517 2.82492
2.52 2.82304
2.523 2.82118
2.526 2.81932
2.529 2.81749
2.532 2.81566
2.535 2.81385
2.538 2.81205
2.541 2.81027
2.544 2.8085
2.547 2.80675
2.55 2.805
2.553 2.80328
2.556 2.80156
2.559 2.79986
2.562 2.79818
2.565 2.79651
2.568 2.79485
2.571 2.7932
2.574 2.79157
2.577 2.78996
2.58 2.78836
2.583 2.78677
2.586 2.78519
2.589 2.78363
2.592 2.78208
2.595 2.78055
2.598 2.77903
2.601 2.77753
2.604 2.77603
2.607 2.77456
2.61 2.77309
2.613 2.77164
2.616 2.7702
2.619 2.76878
2.622 2.76737
2.625 2.76597
2.628 2.76459
2.631 2.76322
2.634 2.76187
2.637 2.76052
2.64 2.75919
2.643 2.75788
2.646 2.75657
2.649 2.75528
2.652 2.75401
2.655 2.75274
2.658 2.75149
2.661 2.75025
2.664 2.74903
2.667 2.74781
2.67 2.74662
2.673 2.74543
2.676 2.74425
2.679 2.74309
2.682 2.74194
2.685 2.7408
2.688 2.73968
2.691 2.73857
2.694 2.73747
2.697 2.73638
2.7 2.7353
2.703 2.73424
2.706 2.73318
2.709 2.73214
2.712 2.73111
2.715 2.7301
2.718 2.72909
2.721 2.7281
2.724 2.72711
2.727 2.72614
2.73 2.72518
2.733 2.72423
2.736 2.72329
2.739 2.72236
2.742 2.72145
2.745 2.72054
2.748 2.71965
2.751 2.71876
2.754 2.71789
2.757 2.71702
2.76 2.71617
2.763 2.71533
2.766 2.71449
2.769 2.71367
2.772 2.71286
2.775 2.71205
2.778 2.71126
2.781 2.71048
2.784 2.7097
2.787 2.70894
2.79 2.70818
2.793 2.70744
2.796 2.7067
2.799 2.70597
2.802 2.70525
2.805 2.70454
2.808 2.70384
2.811 2.70315
2.814 2.70247
2.817 2.7018
2.82 2.70113
2.823 2.70047
2.826 2.69982
2.829 2.69918
2.832 2.69855
2.835 2.69793
2.838 2.69731
2.841 2.6967
2.844 2.6961
2.847 2.69551
2.85 2.69493
2.853 2.69435
2.856 2.69378
2.859 2.69322
2.862 2.69266
2.865 2.69212
2.868 2.69157
2.871 2.69104
2.874 2.69052
2.877 2.69
2.88 2.68948
2.883 2.68898
2.886 2.68848
2.889 2.68799
2.892 2.6875
2.895 2.68702
2.898 2.68655
2.901 2.68608
2.904 2.68562
2.907 2.68517
2.91 2.68472
2.913 2.68428
2.916 2.68385
2.919 2.68342
2.922 2.68299
2.925 2.68257
2.928 2.68216
2.931 2.68175
2.934 2.68135
2.937 2.68096
2.94 2.68057
2.943 2.68018
2.946 2.6798
2.949 2.67943
2.952 2.67906
2.955 2.67869
2.958 2.67833
2.961 2.67798
2.964 2.67763
2.967 2.67729
2.97 2.67695
2.973 2.67661
2.976 2.67628
2.979 2.67596
2.982 2.67563
2.985 2.67532
2.988 2.67501
2.991 2.6747
2.994 2.67439
2.997 2.67409
3 2.6738
3.001 5
