0 -10
0.003 -6.27025
0.006 -6.2679
0.009 -6.26554
0.012 -6.26316
0.015 -6.26077
0.018 -6.25836
0.021 -6.25594
0.024 -6.25351
0.027 -6.25105
0.03 -6.24859
0.033 -6.24611
0.036 -6.24361
0.039 -6.2411
0.042 -6.23858
0.045 -6.23603
0.048 -6.23348
0.051 -6.23091
0.054 -6.22832
0.057 -6.22572
0.06 -6.22311
0.063 -6.22048
0.066 -6.21783
0.069 -6.21517
0.072 -6.21249
0.075 -6.2098
0.078 -6.2071
0.081 -6.20438
0.084 -6.20164
0.087 -6.19889
0.09 -6.19613
0.093 -6.19334
0.096 -6.19055
0.099 -6.18774
0.102 -6.18491
0.105 -6.18207
0.108 -6.17922
0.111 -6.17634
0.114 -6.17346
0.117 -6.17056
0.12 -6.16764
0.123 -6.16471
0.126 -6.16177
0.129 -6.1588
0.132 -6.15583
0.135 -6.15284
0.138 -6.14983
0.141 -6.14681
0.144 -6.14377
0.147 -6.14072
0.15 -6.13766
0.153 -6.13458
0.156 -6.13148
0.159 -6.12837
0.162 -6.12525
0.165 -6.12211
0.168 -6.11895
0.171 -6.11578
0.174 -6.1126
0.177 -6.1094
0.18 -6.10618
0.183 -6.10295
0.186 -6.09971
0.189 -6.09645
0.192 -6.09318
0.195 -6.08989
0.198 -6.08659
0.201 -6.08327
0.204 -6.07994
0.207 -6.07659
0.21 -6.07323
0.213 -6.06985
0.216 -6.06646
0.219 -6.06306
0.222 -6.05964
0.225 -6.0562
0.228 -6.05275
0.231 -6.04929
0.234 -6.04581
0.237 -6.04232
0.24 -6.03881
0.243 -6.03529
0.246 -6.03176
0.249 -6.02821
0.252 -6.02465
0.255 -6.02107
0.258 -6.01748
0.261 -6.01387
0.264 -6.01025
0.267 -6.00662
0.27 -6.00297
0.273 -5.99931
0.276 -5.99563
0.279 -5.99194
0.282 -5.98824
0.285 -5.98452
0.288 -5.98079
0.291 -5.97704
0.294 -5.97328
0.297 -5.96951
0.3 -5.96572
0.303 -5.96192
0.306 -5.95811
0.309 -5.95428
0.312 -5.95044
0.315 -5.94659
0.318 -5.94272
0.321 -5.93884
0.324 -5.93495
0.327 -5.93104
0.33 -5.92712
0.333 -5.92318
0.336 -5.91924
0.339 -5.91528
0.342 -5.9113
0.345 -5.90732
0.348 -5.90332
0.351 -5.89931
0.354 -5.89528
0.357 -5.89124
0.36 -5.88719
0.363 -5.88313
0.366 -5.87905
0.369 -5.87496
0.372 -5.87086
0.375 -5.86675
0.378 -5.86262
0.381 -5.85849
0.384 -5.85433
0.387 -5.85017
0.39 -5.846
0.393 -5.84181
0.396 -5.83761
0.399 -5.8334
0.402 -5.82917
0.405 -5.82494
0.408 -5.82069
0.411 -5.81643
0.414 -5.81216
0.417 -5.80788
0.42 -5.80359
0.423 -5.79928
0.426 -5.79496
0.429 -5.79063
0.432 -5.78629
0.435 -5.78194
0.438 -5.77758
0.441 -5.77321
0.444 -5.76882
0.447 -5.76443
0.45 -5.76002
0.453 -5.7556
0.456 -5.75118
0.459 -5.74674
0.462 -5.74229
0.465 -5.73783
0.468 -5.73336
0.471 -5.72888
0.474 -5.72438
0.477 -5.71988
0.48 -5.71537
0.483 -5.71085
0.486 -5.70632
0.489 -5.70178
0.492 -5.69722
0.495 -5.69266
0.498 -5.68809
0.501 -5.68351
0.504 -5.67892
0.507 -5.67432
0.51 -5.66971
0.513 -5.66509
0.516 -5.66047
0.519 -5.65583
0.522 -5.65118
0.525 -5.64653
0.528 -5.64187
0.531 -5.63719
0.534 -5.63251
0.537 -5.62782
0.54 -5.62313
0.543 -5.61842
0.546 -5.61371
0.549 -5.60898
0.552 -5.60425
0.555 -5.59952
0.558 -5.59477
0.561 -5.59002
0.564 -5.58526
0.567 -5.58049
0.57 -5.57571
0.573 -5.57093
0.576 -5.56614
0.579 -5.56134
0.582 -5.55653
0.585 -5.55172
0.588 -5.5469
0.591 -5.54208
0.594 -5.53725
0.597 -5.53241
0.6 -5.52757
0.603 -5.52272
0.606 -5.51786
0.609 -5.513
0.612 -5.50813
0.615 -5.50326
0.618 -5.49838
0.621 -5.4935
0.624 -5.48861
0.627 -5.48371
0.63 -5.47881
0.633 -5.47391
0.636 -5.469
0.639 -5.46409
0.642 -5.45917
0.645 -5.45425
0.648 -5.44932
0.651 -5.44439
0.654 -5.43946
0.657 -5.43452
0.66 -5.42958
0.663 -5.42464
0.666 -5.41969
0.669 -5.41474
0.672 -5.40978
0.675 -5.40483
0.678 -5.39987
0.681 -5.39491
0.684 -5.38994
0.687 -5.38498
0.69 -5.38001
0.693 -5.37504
0.696 -5.37007
0.699 -5.36509
0.702 -5.36012
0.705 -5.35514
0.708 -5.35016
0.711 -5.34519
0.714 -5.34021
0.717 -5.33523
0.72 -5.33025
0.723 -5.32527
0.726 -5.32029
0.729 -5.31531
0.732 -5.31033
0.735 -5.30535
0.738 -5.30038
0.741 -5.2954
0.744 -5.29042
0.747 -5.28545
0.75 -5.28047
0.753 -5.2755
0.756 -5.27053
0.759 -5.26556
0.762 -5.2606
0.765 -5.25563
0.768 -5.25067
0.771 -5.24571
0.774 -5.24076
0.777 -5.23581
0.78 -5.23086
0.783 -5.22591
0.786 -5.22097
0.789 -5.21603
0.792 -5.2111
0.795 -5.20616
0.798 -5.20124
0.801 -5.19632
0.804 -5.1914
0.807 -5.18649
0.81 -5.18158
0.813 -5.17668
0.816 -5.17179
0.819 -5.1669
0.822 -5.16201
0.825 -5.15713
0.828 -5.15226
0.831 -5.1474
0.834 -5.14254
0.837 -5.13769
0.84 -5.13284
0.843 -5.12801
0.846 -5.12318
0.849 -5.11836
0.852 -5.11354
0.855 -5.10874
0.858 -5.10394
0.861 -5.09915
0.864 -5.09437
0.867 -5.0896
0.87 -5.08483
0.873 -5.08008
0.876 -5.07534
0.879 -5.0706
0.882 -5.06588
0.885 -5.06116
0.888 -5.05646
0.891 -5.05176
0.894 -5.04708
0.897 -5.04241
0.9 -5.03775
0.903 -5.0331
0.906 -5.02846
0.909 -5.02383
0.912 -5.01921
0.915 -5.01461
0.918 -5.01001
0.921 -5.00543
0.924 -5.00087
0.927 -4.99631
0.93 -4.99177
0.933 -4.98724
0.936 -4.98272
0.939 -4.97822
0.942 -4.97373
0.945 -4.96925
0.948 -4.96479
0.951 -4.96034
0.954 -4.9559
0.957 -4.95148
0.96 -4.94707
0.963 -4.94268
0.966 -4.9383
0.969 -4.93394
0.972 -4.92959
0.975 -4.92526
0.978 -4.92095
0.981 -4.91664
0.984 -4.91236
0.987 -4.90809
0.99 -4.90383
0.993 -4.8996
0.996 -4.89537
0.999 -4.89117
1.002 -4.88698
1.005 -4.88281
1.008 -4.87865
1.011 -4.87451
1.014 -4.87039
1.017 -4.86628
1.02 -4.8622
1.023 -4.85813
1.026 -4.85407
1.029 -4.85004
1.032 -4.84602
1.035 -4.84202
1.038 -4.83804
1.041 -4.83407
1.044 -4.83013
1.047 -4.8262
1.05 -4.82229
1.053 -4.8184
1.056 -4.81453
1.059 -4.81068
1.062 -4.80684
1.065 -4.80302
1.068 -4.79923
1.071 -4.79545
1.074 -4.79169
1.077 -4.78795
1.08 -4.78423
1.083 -4.78053
1.086 -4.77685
1.089 -4.77318
1.092 -4.76954
1.095 -4.76592
1.098 -4.76231
1.101 -4.75873
1.104 -4.75517
1.107 -4.75162
1.11 -4.7481
1.113 -4.74459
1.116 -4.74111
1.119 -4.73764
1.122 -4.7342
1.125 -4.73077
1.128 -4.72737
1.131 -4.72399
1.134 -4.72062
1.137 -4.71728
1.14 -4.71395
1.143 -4.71065
1.146 -4.70737
1.149 -4.70411
1.152 -4.70086
1.155 -4.69764
1.158 -4.69444
1.161 -4.69126
1.164 -4.6881
1.167 -4.68496
1.17 -4.68184
1.173 -4.67874
1.176 -4.67566
1.179 -4.6726
1.182 -4.66957
1.185 -4.66655
1.188 -4.66355
1.191 -4.66057
1.194 -4.65762
1.197 -4.65468
1.2 -4.65177
1.203 -4.64887
1.206 -4.64599
1.209 -4.64314
1.212 -4.6403
1.215 -4.63749
1.218 -4.63469
1.221 -4.63192
1.224 -4.62917
1.227 -4.62643
1.23 -4.62372
1.233 -4.62102
1.236 -4.61835
1.239 -4.61569
1.242 -4.61306
1.245 -4.61044
1.248 -4.60785
1.251 -4.60527
1.254 -4.60271
1.257 -4.60018
1.26 -4.59766
1.263 -4.59516
1.266 -4.59268
1.269 -4.59022
1.272 -4.58778
1.275 -4.58535
1.278 -4.58295
1.281 -4.58057
1.284 -4.5782
1.287 -4.57585
1.29 -4.57352
1.293 -4.57121
1.296 -4.56892
1.299 -4.56665
1.302 -4.56439
1.305 -4.56215
1.308 -4.55993
1.311 -4.55773
1.314 -4.55555
1.317 -4.55338
1.32 -4.55123
1.323 -4.5491
1.326 -4.54698
1.329 -4.54489
1.332 -4.54281
1.335 -4.54074
1.338 -4.53869
1.341 -4.53666
1.344 -4.53465
1.347 -4.53265
1.35 -4.53067
1.353 -4.5287
1.356 -4.52675
1.359 -4.52482
1.362 -4.5229
1.365 -4.52099
1.368 -4.51911
1.371 -4.51723
1.374 -4.51537
1.377 -4.51353
1.38 -4.5117
1.383 -4.50989
1.386 -4.50809
1.389 -4.5063
1.392 -4.50453
1.395 -4.50277
1.398 -4.50102
1.401 -4.49929
1.404 -4.49757
1.407 -4.49586
1.41 -4.49417
1.413 -4.49249
1.416 -4.49082
1.419 -4.48917
1.422 -4.48752
1.425 -4.48589
1.428 -4.48427
1.431 -4.48266
1.434 -4.48106
1.437 -4.47948
1.44 -4.4779
1.443 -4.47633
1.446 -4.47478
1.449 -4.47323
1.452 -4.4717
1.455 -4.47017
1.458 -4.46866
1.461 -4.46715
1.464 -4.46565
1.467 -4.46416
1.47 -4.46268
1.473 -4.46121
1.476 -4.45974
1.479 -4.45829
1.482 -4.45684
1.485 -4.4554
1.488 -4.45396
1.491 -4.45253
1.494 -4.45111
1.497 -4.4497
1.5 -4.44829
1.503 -4.44688
1.506 -4.44548
1.509 -4.44409
1.512 -4.4427
1.515 -4.44132
1.518 -4.43994
1.521 -4.43857
1.524 -4.43719
1.527 -4.43583
1.53 -4.43446
1.533 -4.4331
1.536 -4.43174
1.539 -4.43039
1.542 -4.42903
1.545 -4.42768
1.548 -4.42633
1.551 -4.42498
1.554 -4.42363
1.557 -4.42229
1.56 -4.42094
1.563 -4.41959
1.566 -4.41824
1.569 -4.41689
1.572 -4.41555
1.575 -4.41419
1.578 -4.41284
1.581 -4.41149
1.584 -4.41013
1.587 -4.40878
1.59 -4.40741
1.593 -4.40605
1.596 -4.40468
1.599 -4.40331
1.602 -4.40194
1.605 -4.40056
1.608 -4.39917
1.611 -4.39778
1.614 -4.39639
1.617 -4.39498
1.62 -4.39358
1.623 -4.39216
1.626 -4.39074
1.629 -4.38932
1.632 -4.38788
1.635 -4.38644
1.638 -4.38499
1.641 -4.38353
1.644 -4.38206
1.647 -4.38059
1.65 -4.3791
1.653 -4.3776
1.656 -4.3761
1.659 -4.37458
1.662 -4.37305
1.665 -4.37151
1.668 -4.36996
1.671 -4.3684
1.674 -4.36683
1.677 -4.36524
1.68 -4.36364
1.683 -4.36202
1.686 -4.3604
1.689 -4.35876
1.692 -4.3571
1.695 -4.35543
1.698 -4.35375
1.701 -4.35204
1.704 -4.35033
1.707 -4.3486
1.71 -4.34685
1.713 -4.34508
1.716 -4.3433
1.719 -4.3415
1.722 -4.33968
1.725 -4.33785
1.728 -4.33599
1.731 -4.33412
1.734 -4.33223
1.737 -4.33032
1.74 -4.32839
1.743 -4.32644
1.746 -4.32447
1.749 -4.32248
1.752 -4.32047
1.755 -4.31843
1.758 -4.31638
1.761 -4.3143
1.764 -4.3122
1.767 -4.31008
1.77 -4.30794
1.773 -4.30577
1.776 -4.30358
1.779 -4.30136
1.782 -4.29913
1.785 -4.29687
1.788 -4.29458
1.791 -4.29227
1.794 -4.28993
1.797 -4.28757
1.8 -4.28519
1.803 -4.28277
1.806 -4.28034
1.809 -4.27787
1.812 -4.27538
1.815 -4.27287
1.818 -4.27032
1.821 -4.26775
1.824 -4.26515
1.827 -4.26253
1.83 -4.25988
1.833 -4.2572
1.836 -4.25449
1.839 -4.25175
1.842 -4.24899
1.845 -4.2462
1.848 -4.24338
1.851 -4.24053
1.854 -4.23765
1.857 -4.23474
1.86 -4.2318
1.863 -4.22884
1.866 -4.22585
1.869 -4.22282
1.872 -4.21977
1.875 -4.21669
1.878 -4.21358
1.881 -4.21043
1.884 -4.20726
1.887 -4.20406
1.89 -4.20084
1.893 -4.19758
1.896 -4.19429
1.899 -4.19097
1.902 -4.18762
1.905 -4.18425
1.908 -4.18084
1.911 -4.17741
1.914 -4.17394
1.917 -4.17045
1.92 -4.16693
1.923 -4.16337
1.926 -4.15979
1.929 -4.15619
1.932 -4.15255
1.935 -4.14888
1.938 -4.14519
1.941 -4.14147
1.944 -4.13772
1.947 -4.13394
1.95 -4.13014
1.953 -4.12631
1.956 -4.12245
1.959 -4.11856
1.962 -4.11465
1.965 -4.11071
1.968 -4.10675
1.971 -4.10276
1.974 -4.09875
1.977 -4.09471
1.98 -4.09065
1.983 -4.08656
1.986 -4.08245
1.989 -4.07832
1.992 -4.07416
1.995 -4.06998
1.998 -4.06578
2.001 -4.06156
2.004 -4.05732
2.007 -4.05305
2.01 -4.04877
2.013 -4.04446
2.016 -4.04014
2.019 -4.0358
2.022 -4.03144
2.025 -4.02706
2.028 -4.02267
2.031 -4.01825
2.034 -4.01383
2.037 -4.00938
2.04 -4.00493
2.043 -4.00046
2.046 -3.99597
2.049 -3.99147
2.052 -3.98696
2.055 -3.98244
2.058 -3.97791
2.061 -3.97336
2.064 -3.96881
2.067 -3.96425
2.07 -3.95968
2.073 -3.9551
2.076 -3.95051
2.079 -3.94592
2.082 -3.94132
2.085 -3.93672
2.088 -3.93211
2.091 -3.9275
2.094 -3.92289
2.097 -3.91828
2.1 -3.91366
2.103 -3.90904
2.106 -3.90443
2.109 -3.89981
2.112 -3.8952
2.115 -3.89058
2.118 -3.88597
2.121 -3.88137
2.124 -3.87677
2.127 -3.87217
2.13 -3.86758
2.133 -3.863
2.136 -3.85842
2.139 -3.85385
2.142 -3.84929
2.145 -3.84474
2.148 -3.8402
2.151 -3.83567
2.154 -3.83115
2.157 -3.82664
2.16 -3.82215
2.163 -3.81767
2.166 -3.8132
2.169 -3.80875
2.172 -3.80432
2.175 -3.7999
2.178 -3.79549
2.181 -3.7911
2.184 -3.78674
2.187 -3.78238
2.19 -3.77805
2.193 -3.77374
2.196 -3.76945
2.199 -3.76517
2.202 -3.76092
2.205 -3.75669
2.208 -3.75248
2.211 -3.74829
2.214 -3.74413
2.217 -3.73999
2.22 -3.73587
2.223 -3.73178
2.226 -3.72771
2.229 -3.72366
2.232 -3.71964
2.235 -3.71565
2.238 -3.71168
2.241 -3.70773
2.244 -3.70382
2.247 -3.69992
2.25 -3.69606
2.253 -3.69222
2.256 -3.68841
2.259 -3.68463
2.262 -3.68087
2.265 -3.67715
2.268 -3.67345
2.271 -3.66977
2.274 -3.66613
2.277 -3.66251
2.28 -3.65892
2.283 -3.65536
2.286 -3.65183
2.289 -3.64833
2.292 -3.64485
2.295 -3.6414
2.298 -3.63799
2.301 -3.6346
2.304 -3.63123
2.307 -3.6279
2.31 -3.62459
2.313 -3.62132
2.316 -3.61807
2.319 -3.61485
2.322 -3.61165
2.325 -3.60849
2.328 -3.60535
2.331 -3.60224
2.334 -3.59916
2.337 -3.5961
2.34 -3.59307
2.343 -3.59007
2.346 -3.5871
2.349 -3.58415
2.352 -3.58123
2.355 -3.57833
2.358 -3.57546
2.361 -3.57262
2.364 -3.5698
2.367 -3.56701
2.37 -3.56425
2.373 -3.5615
2.376 -3.55879
2.379 -3.5561
2.382 -3.55343
2.385 -3.55079
2.388 -3.54817
2.391 -3.54558
2.394 -3.54301
2.397 -3.54046
2.4 -3.53794
2.403 -3.53544
2.406 -3.53296
2.409 -3.53051
2.412 -3.52808
2.415 -3.52567
2.418 -3.52328
2.421 -3.52092
2.424 -3.51857
2.427 -3.51625
2.43 -3.51395
2.433 -3.51168
2.436 -3.50942
2.439 -3.50718
2.442 -3.50497
2.445 -3.50277
2.448 -3.5006
2.451 -3.49845
2.454 -3.49631
2.457 -3.4942
2.46 -3.49211
2.463 -3.49003
2.466 -3.48798
2.469 -3.48595
2.472 -3.48393
2.475 -3.48194
2.478 -3.47996
2.481 -3.478
2.484 -3.47606
2.487 -3.47414
2.49 -3.47224
2.493 -3.47036
2.496 -3.4685
2.499 -3.46665
2.502 -3.46482
2.505 -3.46301
2.508 -3.46122
2.511 -3.45945
2.514 -3.45769
2.517 -3.45596
2.52 -3.45424
2.523 -3.45254
2.526 -3.45085
2.529 -3.44918
2.532 -3.44754
2.535 -3.4459
2.538 -3.44429
2.541 -3.44269
2.544 -3.44111
2.547 -3.43955
2.55 -3.43801
2.553 -3.43648
2.556 -3.43497
2.559 -3.43347
2.562 -3.43199
2.565 -3.43053
2.568 -3.42909
2.571 -3.42766
2.574 -3.42625
2.577 -3.42486
2.58 -3.42348
2.583 -3.42212
2.586 -3.42078
2.589 -3.41945
2.592 -3.41814
2.595 -3.41684
2.598 -3.41557
2.601 -3.4143
2.604 -3.41306
2.607 -3.41183
2.61 -3.41061
2.613 -3.40942
2.616 -3.40823
2.619 -3.40707
2.622 -3.40592
2.625 -3.40478
2.628 -3.40366
2.631 -3.40256
2.634 -3.40147
2.637 -3.4004
2.64 -3.39935
2.643 -3.3983
2.646 -3.39728
2.649 -3.39627
2.652 -3.39527
2.655 -3.39429
2.658 -3.39333
2.661 -3.39238
2.664 -3.39144
2.667 -3.39052
2.67 -3.38961
2.673 -3.38872
2.676 -3.38784
2.679 -3.38698
2.682 -3.38613
2.685 -3.3853
2.688 -3.38448
2.691 -3.38367
2.694 -3.38288
2.697 -3.3821
2.7 -3.38134
2.703 -3.38059
2.706 -3.37985
2.709 -3.37913
2.712 -3.37842
2.715 -3.37773
2.718 -3.37704
2.721 -3.37637
2.724 -3.37572
2.727 -3.37507
2.73 -3.37444
2.733 -3.37382
2.736 -3.37322
2.739 -3.37262
2.742 -3.37204
2.745 -3.37148
2.748 -3.37092
2.751 -3.37038
2.754 -3.36984
2.757 -3.36932
2.76 -3.36881
2.763 -3.36832
2.766 -3.36783
2.769 -3.36736
2.772 -3.3669
2.775 -3.36644
2.778 -3.366
2.781 -3.36558
2.784 -3.36516
2.787 -3.36475
2.79 -3.36435
2.793 -3.36397
2.796 -3.36359
2.799 -3.36322
2.802 -3.36287
2.805 -3.36252
2.808 -3.36219
2.811 -3.36186
2.814 -3.36154
2.817 -3.36124
2.82 -3.36094
2.823 -3.36065
2.826 -3.36037
2.829 -3.3601
2.832 -3.35984
2.835 -3.35959
2.838 -3.35935
2.841 -3.35912
2.844 -3.35889
2.847 -3.35867
2.85 -3.35847
2.853 -3.35827
2.856 -3.35807
2.859 -3.35789
2.862 -3.35771
2.865 -3.35755
2.868 -3.35738
2.871 -3.35723
2.874 -3.35709
2.877 -3.35695
2.88 -3.35682
2.883 -3.35669
2.886 -3.35658
2.889 -3.35647
2.892 -3.35636
2.895 -3.35627
2.898 -3.35618
2.901 -3.3561
2.904 -3.35602
2.907 -3.35595
2.91 -3.35589
2.913 -3.35583
2.916 -3.35578
2.919 -3.35573
2.922 -3.35569
2.925 -3.35566
2.928 -3.35563
2.931 -3.35561
2.934 -3.35559
2.937 -3.35558
2.94 -3.35558
2.943 -3.35558
2.946 -3.35558
2.949 -3.35559
2.952 -3.3556
2.955 -3.35562
2.958 -3.35565
2.961 -3.35568
2.964 -3.35571
2.967 -3.35575
2.97 -3.35579
2.973 -3.35584
2.976 -3.35589
2.979 -3.35595
2.982 -3.35601
2.985 -3.35607
2.988 -3.35614
2.991 -3.35621
2.994 -3.35629
2.997 -3.35637
3 -3.35645
3.001 -10
