0 5
0.003 3.80453
0.006 3.80433
0.009 3.80413
0.012 3.80392
0.015 3.80371
0.018 3.80351
0.021 3.8033
0.024 3.80309
0.027 3.80287
0.03 3.80266
0.033 3.80245
0.036 3.80223
0.039 3.80202
0.042 3.8018
0.045 3.80158
0.048 3.80136
0.051 3.80114
0.054 3.80092
0.057 3.8007
0.06 3.80047
0.063 3.80025
0.066 3.80002
0.069 3.79979
0.072 3.79957
0.075 3.79934
0.078 3.79911
0.081 3.79887
0.084 3.79864
0.087 3.79841
0.09 3.79817
0.093 3.79793
0.096 3.79769
0.099 3.79746
0.102 3.79721
0.105 3.79697
0.108 3.79673
0.111 3.79649
0.114 3.79624
0.117 3.79599
0.12 3.79575
0.123 3.7955
0.126 3.79525
0.129 3.795
0.132 3.79474
0.135 3.79449
0.138 3.79424
0.141 3.79398
0.144 3.79372
0.147 3.79346
0.15 3.7932
0.153 3.79294
0.156 3.79268
0.159 3.79242
0.162 3.79215
0.165 3.79189
0.168 3.79162
0.171 3.79135
0.174 3.79108
0.177 3.79081
0.18 3.79054
0.183 3.79027
0.186 3.78999
0.189 3.78972
0.192 3.78944
0.195 3.78916
0.198 3.78888
0.201 3.7886
0.204 3.78832
0.207 3.78804
0.21 3.78775
0.213 3.78747
0.216 3.78718
0.219 3.78689
0.222 3.7866
0.225 3.78631
0.228 3.78602
0.231 3.78573
0.234 3.78543
0.237 3.78514
0.24 3.78484
0.243 3.78454
0.246 3.78425
0.249 3.78394
0.252 3.78364
0.255 3.78334
0.258 3.78304
0.261 3.78273
0.264 3.78242
0.267 3.78212
0.27 3.78181
0.273 3.7815
0.276 3.78119
0.279 3.78087
0.282 3.78056
0.285 3.78024
0.288 3.77993
0.291 3.77961
0.294 3.77929
0.297 3.77897
0.3 3.77865
0.303 3.77832
0.306 3.778
0.309 3.77768
0.312 3.77735
0.315 3.77702
0.318 3.77669
0.321 3.77636
0.324 3.77603
0.327 3.7757
0.33 3.77536
0.333 3.77503
0.336 3.77469
0.339 3.77435
0.342 3.77402
0.345 3.77367
0.348 3.77333
0.351 3.77299
0.354 3.77265
0.357 3.7723
0.36 3.77196
0.363 3.77161
0.366 3.77126
0.369 3.77091
0.372 3.77056
0.375 3.7702
0.378 3.76985
0.381 3.7695
0.384 3.76914
0.387 3.76878
0.39 3.76842
0.393 3.76806
0.396 3.7677
0.399 3.76734
0.402 3.76697
0.405 3.76661
0.408 3.76624
0.411 3.76588
0.414 3.76551
0.417 3.76514
0.42 3.76477
0.423 3.76439
0.426 3.76402
0.429 3.76365
0.432 3.76327
0.435 3.76289
0.438 3.76251
0.441 3.76213
0.444 3.76175
0.447 3.76137
0.45 3.76099
0.453 3.7606
0.456 3.76022
0.459 3.75983
0.462 3.75944
0.465 3.75905
0.468 3.75866
0.471 3.75827
0.474 3.75788
0.477 3.75748
0.48 3.75709
0.483 3.75669
0.486 3.75629
0.489 3.75589
0.492 3.75549
0.495 3.75509
0.498 3.75469
0.501 3.75428
0.504 3.75388
0.507 3.75347
0.51 3.75306
0.513 3.75265
0.516 3.75224
0.519 3.75183
0.522 3.75142
0.525 3.75101
0.528 3.75059
0.531 3.75017
0.534 3.74976
0.537 3.74934
0.54 3.74892
0.543 3.7485
0.546 3.74807
0.549 3.74765
0.552 3.74723
0.555 3.7468
0.558 3.74637
0.561 3.74594
0.564 3.74551
0.567 3.74508
0.57 3.74465
0.573 3.74422
0.576 3.74378
0.579 3.74335
0.582 3.74291
0.585 3.74247
0.588 3.74203
0.591 3.74159
0.594 3.74115
0.597 3.74071
0.6 3.74027
0.603 3.73982
0.606 3.73937
0.609 3.73893
0.612 3.73848
0.615 3.73803
0.618 3.73758
0.621 3.73712
0.624 3.73667
0.627 3.73622
0.63 3.73576
0.633 3.7353
0.636 3.73484
0.639 3.73438
0.642 3.73392
0.645 3.73346
0.648 3.733
0.651 3.73253
0.654 3.73207
0.657 3.7316
0.66 3.73113
0.663 3.73066
0.666 3.73019
0.669 3.72972
0.672 3.72925
0.675 3.72877
0.678 3.7283
0.681 3.72782
0.684 3.72734
0.687 3.72686
0.69 3.72638
0.693 3.7259
0.696 3.72542
0.699 3.72494
0.702 3.72445
0.705 3.72397
0.708 3.72348
0.711 3.72299
0.714 3.7225
0.717 3.72201
0.72 3.72152
0.723 3.72102
0.726 3.72053
0.729 3.72003
0.732 3.71953
0.735 3.71904
0.738 3.71854
0.741 3.71804
0.744 3.71753
0.747 3.71703
0.75 3.71653
0.753 3.71602
0.756 3.71551
0.759 3.71501
0.762 3.7145
0.765 3.71398
0.768 3.71347
0.771 3.71296
0.774 3.71245
0.777 3.71193
0.78 3.71141
0.783 3.7109
0.786 3.71038
0.789 3.70986
0.792 3.70933
0.795 3.70881
0.798 3.70829
0.801 3.70776
0.804 3.70723
0.807 3.70671
0.81 3.70618
0.813 3.70565
0.816 3.70511
0.819 3.70458
0.822 3.70405
0.825 3.70351
0.828 3.70298
0.831 3.70244
0.834 3.7019
0.837 3.70136
0.84 3.70082
0.843 3.70027
0.846 3.69973
0.849 3.69918
0.852 3.69864
0.855 3.69809
0.858 3.69754
0.861 3.69699
0.864 3.69644
0.867 3.69588
0.87 3.69533
0.873 3.69477
0.876 3.69421
0.879 3.69366
0.882 3.6931
0.885 3.69254
0.888 3.69197
0.891 3.69141
0.894 3.69084
0.897 3.69028
0.9 3.68971
0.903 3.68914
0.906 3.68857
0.909 3.688
0.912 3.68743
0.915 3.68685
0.918 3.68628
0.921 3.6857
0.924 3.68512
0.927 3.68454
0.93 3.68396
0.933 3.68338
0.936 3.68279
0.939 3.68221
0.942 3.68162
0.945 3.68103
0.948 3.68045
0.951 3.67985
0.954 3.67926
0.957 3.67867
0.96 3.67807
0.963 3.67748
0.966 3.67688
0.969 3.67628
0.972 3.67568
0.975 3.67508
0.978 3.67448
0.981 3.67387
0.984 3.67326
0.987 3.67266
0.99 3.67205
0.993 3.67144
0.996 3.67083
0.999 3.67021
1.002 3.6696
1.005 3.66898
1.008 3.66836
1.011 3.66774
1.014 3.66712
1.017 3.6665
1.02 3.66588
1.023 3.66525
1.026 3.66462
1.029 3.66399
1.032 3.66336
1.035 3.66273
1.038 3.6621
1.041 3.66146
1.044 3.66083
1.047 3.66019
1.05 3.65955
1.053 3.65891
1.056 3.65827
1.059 3.65762
1.062 3.65698
1.065 3.65633
1.068 3.65568
1.071 3.65503
1.074 3.65437
1.077 3.65372
1.08 3.65306
1.083 3.65241
1.086 3.65175
1.089 3.65109
1.092 3.65042
1.095 3.64976
1.098 3.64909
1.101 3.64842
1.104 3.64775
1.107 3.64708
1.11 3.64641
1.113 3.64573
1.116 3.64505
1.119 3.64438
1.122 3.64369
1.125 3.64301
1.128 3.64233
1.131 3.64164
1.134 3.64095
1.137 3.64026
1.14 3.63957
1.143 3.63887
1.146 3.63818
1.149 3.63748
1.152 3.63678
1.155 3.63608
1.158 3.63537
1.161 3.63467
1.164 3.63396
1.167 3.63325
1.17 3.63254
1.173 3.63182
1.176 3.63111
1.179 3.63039
1.182 3.62967
1.185 3.62894
1.188 3.62822
1.191 3.62749
1.194 3.62676
1.197 3.62603
1.2 3.62529
1.203 3.62456
1.206 3.62382
1.209 3.62308
1.212 3.62234
1.215 3.62159
1.218 3.62084
1.221 3.62009
1.224 3.61934
1.227 3.61858
1.23 3.61783
1.233 3.61707
1.236 3.6163
1.239 3.61554
1.242 3.61477
1.245 3.614
1.248 3.61323
1.251 3.61245
1.254 3.61167
1.257 3.61089
1.26 3.61011
1.263 3.60932
1.266 3.60854
1.269 3.60774
1.272 3.60695
1.275 3.60615
1.278 3.60535
1.281 3.60455
1.284 3.60374
1.287 3.60294
1.29 3.60212
1.293 3.60131
1.296 3.60049
1.299 3.59967
1.302 3.59885
1.305 3.59802
1.308 3.59719
1.311 3.59636
1.314 3.59552
1.317 3.59469
1.32 3.59384
1.323 3.593
1.326 3.59215
1.329 3.5913
1.332 3.59044
1.335 3.58958
1.338 3.58872
1.341 3.58786
1.344 3.58699
1.347 3.58611
1.35 3.58524
1.353 3.58436
1.356 3.58348
1.359 3.58259
1.362 3.5817
1.365 3.5808
1.368 3.57991
1.371 3.579
1.374 3.5781
1.377 3.57719
1.38 3.57628
1.383 3.57536
1.386 3.57444
1.389 3.57351
1.392 3.57258
1.395 3.57165
1.398 3.57071
1.401 3.56977
1.404 3.56882
1.407 3.56787
1.41 3.56692
1.413 3.56596
1.416 3.565
1.419 3.56403
1.422 3.56306
1.425 3.56208
1.428 3.5611
1.431 3.56011
1.434 3.55912
1.437 3.55812
1.44 3.55712
1.443 3.55612
1.446 3.55511
1.449 3.55409
1.452 3.55308
1.455 3.55205
1.458 3.55102
1.461 3.54999
1.464 3.54895
1.467 3.5479
1.47 3.54685
1.473 3.54579
1.476 3.54473
1.479 3.54367
1.482 3.54259
1.485 3.54152
1.488 3.54043
1.491 3.53934
1.494 3.53825
1.497 3.53715
1.5 3.53604
1.503 3.53493
1.506 3.53381
1.509 3.53269
1.512 3.53156
1.515 3.53042
1.518 3.52928
1.521 3.52813
1.524 3.52697
1.527 3.52581
1.53 3.52464
1.533 3.52347
1.536 3.52229
1.539 3.5211
1.542 3.51991
1.545 3.5187
1.548 3.5175
1.551 3.51628
1.554 3.51506
1.557 3.51383
1.56 3.5126
1.563 3.51135
1.566 3.5101
1.569 3.50884
1.572 3.50758
1.575 3.50631
1.578 3.50503
1.581 3.50374
1.584 3.50244
1.587 3.50114
1.59 3.49983
1.593 3.49851
1.596 3.49718
1.599 3.49585
1.602 3.49451
1.605 3.49315
1.608 3.49179
1.611 3.49043
1.614 3.48905
1.617 3.48767
1.62 3.48627
1.623 3.48487
1.626 3.48346
1.629 3.48204
1.632 3.48061
1.635 3.47917
1.638 3.47773
1.641 3.47627
1.644 3.47481
1.647 3.47333
1.65 3.47185
1.653 3.47036
1.656 3.46885
1.659 3.46734
1.662 3.46582
1.665 3.46429
1.668 3.46275
1.671 3.46119
1.674 3.45963
1.677 3.45806
1.68 3.45648
1.683 3.45489
1.686 3.45328
1.689 3.45167
1.692 3.45004
1.695 3.44841
1.698 3.44676
1.701 3.44511
1.704 3.44344
1.707 3.44176
1.71 3.44007
1.713 3.43837
1.716 3.43666
1.719 3.43494
1.722 3.4332
1.725 3.43146
1.728 3.4297
1.731 3.42793
1.734 3.42615
1.737 3.42435
1.74 3.42255
1.743 3.42073
1.746 3.4189
1.749 3.41706
1.752 3.41521
1.755 3.41334
1.758 3.41146
1.761 3.40957
1.764 3.40767
1.767 3.40575
1.77 3.40382
1.773 3.40188
1.776 3.39992
1.779 3.39795
1.782 3.39597
1.785 3.39397
1.788 3.39197
1.791 3.38994
1.794 3.38791
1.797 3.38586
1.8 3.3838
1.803 3.38172
1.806 3.37963
1.809 3.37753
1.812 3.37541
1.815 3.37328
1.818 3.37113
1.821 3.36898
1.824 3.3668
1.827 3.36461
1.83 3.36241
1.833 3.36019
1.836 3.35796
1.839 3.35572
1.842 3.35346
1.845 3.35118
1.848 3.34889
1.851 3.34659
1.854 3.34427
1.857 3.34194
1.86 3.33959
1.863 3.33723
1.866 3.33485
1.869 3.33246
1.872 3.33005
1.875 3.32763
1.878 3.32519
1.881 3.32273
1.884 3.32027
1.887 3.31778
1.89 3.31529
1.893 3.31277
1.896 3.31024
1.899 3.3077
1.902 3.30514
1.905 3.30257
1.908 3.29998
1.911 3.29737
1.914 3.29475
1.917 3.29212
1.92 3.28947
1.923 3.28681
1.926 3.28413
1.929 3.28143
1.932 3.27872
1.935 3.276
1.938 3.27326
1.941 3.2705
1.944 3.26773
1.947 3.26495
1.95 3.26215
1.953 3.25934
1.956 3.25651
1.959 3.25367
1.962 3.25081
1.965 3.24794
1.968 3.24506
1.971 3.24216
1.974 3.23924
1.977 3.23632
1.98 3.23338
1.983 3.23042
1.986 3.22745
1.989 3.22447
1.992 3.22148
1.995 3.21847
1.998 3.21545
2.001 3.21242
2.004 3.20937
2.007 3.20632
2.01 3.20325
2.013 3.20016
2.016 3.19707
2.019 3.19397
2.022 3.19085
2.025 3.18772
2.028 3.18458
2.031 3.18144
2.034 3.17828
2.037 3.17511
2.04 3.17193
2.043 3.16874
2.046 3.16554
2.049 3.16233
2.052 3.15911
2.055 3.15589
2.058 3.15266
2.061 3.14941
2.064 3.14617
2.067 3.14291
2.07 3.13965
2.073 3.13638
2.076 3.1331
2.079 3.12982
2.082 3.12653
2.085 3.12324
2.088 3.11994
2.091 3.11664
2.094 3.11333
2.097 3.11002
2.1 3.10671
2.103 3.1034
2.106 3.10008
2.109 3.09676
2.112 3.09343
2.115 3.09011
2.118 3.08679
2.121 3.08346
2.124 3.08013
2.127 3.07681
2.13 3.07349
2.133 3.07016
2.136 3.06684
2.139 3.06352
2.142 3.06021
2.145 3.05689
2.148 3.05358
2.151 3.05028
2.154 3.04698
2.157 3.04368
2.16 3.04039
2.163 3.0371
2.166 3.03382
2.169 3.03055
2.172 3.02729
2.175 3.02403
2.178 3.02078
2.181 3.01753
2.184 3.0143
2.187 3.01108
2.19 3.00786
2.193 3.00466
2.196 3.00147
2.199 2.99828
2.202 2.99511
2.205 2.99196
2.208 2.98881
2.211 2.98567
2.214 2.98255
2.217 2.97945
2.22 2.97635
2.223 2.97327
2.226 2.97021
2.229 2.96716
2.232 2.96413
2.235 2.96111
2.238 2.9581
2.241 2.95512
2.244 2.95215
2.247 2.9492
2.25 2.94626
2.253 2.94335
2.256 2.94045
2.259 2.93757
2.262 2.93471
2.265 2.93186
2.268 2.92904
2.271 2.92623
2.274 2.92345
2.277 2.92069
2.28 2.91794
2.283 2.91522
2.286 2.91251
2.289 2.90983
2.292 2.90717
2.295 2.90453
2.298 2.90191
2.301 2.89931
2.304 2.89674
2.307 2.89419
2.31 2.89165
2.313 2.88914
2.316 2.88666
2.319 2.88419
2.322 2.88175
2.325 2.87933
2.328 2.87693
2.331 2.87456
2.334 2.87221
2.337 2.86988
2.34 2.86757
2.343 2.86529
2.346 2.86303
2.349 2.86079
2.352 2.85858
2.355 2.85639
2.358 2.85422
2.361 2.85207
2.364 2.84995
2.367 2.84785
2.37 2.84577
2.373 2.84372
2.376 2.84169
2.379 2.83968
2.382 2.8377
2.385 2.83574
2.388 2.8338
2.391 2.83188
2.394 2.82998
2.397 2.82811
2.4 2.82626
2.403 2.82443
2.406 2.82263
2.409 2.82085
2.412 2.81908
2.415 2.81734
2.418 2.81562
2.421 2.81393
2.424 2.81225
2.427 2.8106
2.43 2.80896
2.433 2.80735
2.436 2.80576
2.439 2.80419
2.442 2.80264
2.445 2.80111
2.448 2.7996
2.451 2.79811
2.454 2.79664
2.457 2.79519
2.46 2.79376
2.463 2.79234
2.466 2.79095
2.469 2.78958
2.472 2.78822
2.475 2.78689
2.478 2.78557
2.481 2.78427
2.484 2.78299
2.487 2.78173
2.49 2.78048
2.493 2.77926
2.496 2.77805
2.499 2.77685
2.502 2.77568
2.505 2.77452
2.508 2.77337
2.511 2.77225
2.514 2.77114
2.517 2.77005
2.52 2.76897
2.523 2.76791
2.526 2.76686
2.529 2.76583
2.532 2.76481
2.535 2.76381
2.538 2.76283
2.541 2.76186
2.544 2.7609
2.547 2.75996
2.55 2.75903
2.553 2.75812
2.556 2.75721
2.559 2.75633
2.562 2.75545
2.565 2.75459
2.568 2.75375
2.571 2.75291
2.574 2.75209
2.577 2.75128
2.58 2.75049
2.583 2.7497
2.586 2.74893
2.589 2.74817
2.592 2.74742
2.595 2.74668
2.598 2.74596
2.601 2.74524
2.604 2.74454
2.607 2.74385
2.61 2.74317
2.613 2.74249
2.616 2.74183
2.619 2.74118
2.622 2.74054
2.625 2.73991
2.628 2.73929
2.631 2.73868
2.634 2.73808
2.637 2.73749
2.64 2.73691
2.643 2.73634
2.646 2.73577
2.649 2.73522
2.652 2.73467
2.655 2.73413
2.658 2.7336
2.661 2.73308
2.664 2.73257
2.667 2.73207
2.67 2.73157
2.673 2.73108
2.676 2.7306
2.679 2.73013
2.682 2.72966
2.685 2.72921
2.688 2.72876
2.691 2.72831
2.694 2.72788
2.697 2.72745
2.7 2.72702
2.703 2.72661
2.706 2.7262
2.709 2.7258
2.712 2.7254
2.715 2.72501
2.718 2.72463
2.721 2.72425
2.724 2.72388
2.727 2.72351
2.73 2.72315
2.733 2.7228
2.736 2.72245
2.739 2.72211
2.742 2.72177
2.745 2.72144
2.748 2.72112
2.751 2.72079
2.754 2.72048
2.757 2.72017
2.76 2.71986
2.763 2.71956
2.766 2.71926
2.769 2.71897
2.772 2.71869
2.775 2.7184
2.778 2.71813
2.781 2.71785
2.784 2.71759
2.787 2.71732
2.79 2.71706
2.793 2.7168
2.796 2.71655
2.799 2.7163
2.802 2.71606
2.805 2.71582
2.808 2.71558
2.811 2.71535
2.814 2.71512
2.817 2.7149
2.82 2.71468
2.823 2.71446
2.826 2.71425
2.829 2.71403
2.832 2.71383
2.835 2.71362
2.838 2.71342
2.841 2.71322
2.844 2.71303
2.847 2.71284
2.85 2.71265
2.853 2.71246
2.856 2.71228
2.859 2.7121
2.862 2.71193
2.865 2.71175
2.868 2.71158
2.871 2.71141
2.874 2.71125
2.877 2.71108
2.88 2.71092
2.883 2.71076
2.886 2.71061
2.889 2.71046
2.892 2.71031
2.895 2.71016
2.898 2.71001
2.901 2.70987
2.904 2.70973
2.907 2.70959
2.91 2.70945
2.913 2.70932
2.916 2.70918
2.919 2.70905
2.922 2.70893
2.925 2.7088
2.928 2.70867
2.931 2.70855
2.934 2.70843
2.937 2.70831
2.94 2.7082
2.943 2.70808
2.946 2.70797
2.949 2.70786
2.952 2.70775
2.955 2.70764
2.958 2.70753
2.961 2.70743
2.964 2.70733
2.967 2.70722
2.97 2.70713
2.973 2.70703
2.976 2.70693
2.979 2.70684
2.982 2.70674
2.985 2.70665
2.988 2.70656
2.991 2.70647
2.994 2.70638
2.997 2.7063
3 2.70621
3.001 5
