0 -10
0.003 -6.70372
0.006 -6.70179
0.009 -6.69985
0.012 -6.6979
0.015 -6.69594
0.018 -6.69397
0.021 -6.69199
0.024 -6.69
0.027 -6.68799
0.03 -6.68597
0.033 -6.68395
0.036 -6.68191
0.039 -6.67986
0.042 -6.6778
0.045 -6.67572
0.048 -6.67364
0.051 -6.67154
0.054 -6.66943
0.057 -6.66731
0.06 -6.66518
0.063 -6.66304
0.066 -6.66088
0.069 -6.65872
0.072 -6.65654
0.075 -6.65435
0.078 -6.65215
0.081 -6.64994
0.084 -6.64771
0.087 -6.64547
0.09 -6.64322
0.093 -6.64096
0.096 -6.63869
0.099 -6.63641
0.102 -6.63411
0.105 -6.6318
0.108 -6.62948
0.111 -6.62715
0.114 -6.6248
0.117 -6.62244
0.12 -6.62008
0.123 -6.61769
0.126 -6.6153
0.129 -6.61289
0.132 -6.61048
0.135 -6.60805
0.138 -6.6056
0.141 -6.60315
0.144 -6.60068
0.147 -6.5982
0.15 -6.59571
0.153 -6.5932
0.156 -6.59069
0.159 -6.58816
0.162 -6.58562
0.165 -6.58306
0.168 -6.5805
0.171 -6.57792
0.174 -6.57533
0.177 -6.57272
0.18 -6.5701
0.183 -6.56748
0.186 -6.56483
0.189 -6.56218
0.192 -6.55951
0.195 -6.55683
0.198 -6.55414
0.201 -6.55144
0.204 -6.54872
0.207 -6.54599
0.21 -6.54324
0.213 -6.54049
0.216 -6.53772
0.219 -6.53494
0.222 -6.53214
0.225 -6.52934
0.228 -6.52652
0.231 -6.52369
0.234 -6.52084
0.237 -6.51798
0.24 -6.51511
0.243 -6.51223
0.246 -6.50933
0.249 -6.50642
0.252 -6.5035
0.255 -6.50057
0.258 -6.49762
0.261 -6.49466
0.264 -6.49169
0.267 -6.4887
0.27 -6.4857
0.273 -6.48269
0.276 -6.47966
0.279 -6.47663
0.282 -6.47358
0.285 -6.47051
0.288 -6.46744
0.291 -6.46435
0.294 -6.46124
0.297 -6.45813
0.3 -6.455
0.303 -6.45186
0.306 -6.44871
0.309 -6.44554
0.312 -6.44236
0.315 -6.43917
0.318 -6.43596
0.321 -6.43274
0.324 -6.42951
0.327 -6.42627
0.33 -6.42301
0.333 -6.41974
0.336 -6.41646
0.339 -6.41316
0.342 -6.40986
0.345 -6.40653
0.348 -6.4032
0.351 -6.39985
0.354 -6.39649
0.357 -6.39312
0.36 -6.38974
0.363 -6.38634
0.366 -6.38293
0.369 -6.3795
0.372 -6.37607
0.375 -6.37262
0.378 -6.36916
0.381 -6.36568
0.384 -6.36219
0.387 -6.35869
0.39 -6.35518
0.393 -6.35166
0.396 -6.34812
0.399 -6.34457
0.402 -6.341
0.405 -6.33743
0.408 -6.33384
0.411 -6.33024
0.414 -6.32662
0.417 -6.323
0.42 -6.31936
0.423 -6.31571
0.426 -6.31204
0.429 -6.30837
0.432 -6.30468
0.435 -6.30098
0.438 -6.29726
0.441 -6.29354
0.444 -6.2898
0.447 -6.28605
0.45 -6.28228
0.453 -6.27851
0.456 -6.27472
0.459 -6.27092
0.462 -6.26711
0.465 -6.26329
0.468 -6.25945
0.471 -6.2556
0.474 -6.25174
0.477 -6.24787
0.48 -6.24398
0.483 -6.24008
0.486 -6.23618
0.489 -6.23225
0.492 -6.22832
0.495 -6.22438
0.498 -6.22042
0.501 -6.21645
0.504 -6.21247
0.507 -6.20848
0.51 -6.20447
0.513 -6.20046
0.516 -6.19643
0.519 -6.19239
0.522 -6.18834
0.525 -6.18428
0.528 -6.18021
0.531 -6.17612
0.534 -6.17202
0.537 -6.16792
0.54 -6.1638
0.543 -6.15966
0.546 -6.15552
0.549 -6.15137
0.552 -6.1472
0.555 -6.14303
0.558 -6.13884
0.561 -6.13464
0.564 -6.13043
0.567 -6.12621
0.57 -6.12198
0.573 -6.11774
0.576 -6.11349
0.579 -6.10922
0.582 -6.10495
0.585 -6.10066
0.588 -6.09636
0.591 -6.09206
0.594 -6.08774
0.597 -6.08341
0.6 -6.07907
0.603 -6.07472
0.606 -6.07036
0.609 -6.06599
0.612 -6.06161
0.615 -6.05722
0.618 -6.05282
0.621 -6.04841
0.624 -6.04399
0.627 -6.03956
0.63 -6.03512
0.633 -6.03067
0.636 -6.02621
0.639 -6.02174
0.642 -6.01726
0.645 -6.01277
0.648 -6.00827
0.651 -6.00376
0.654 -5.99924
0.657 -5.99471
0.66 -5.99017
0.663 -5.98563
0.666 -5.98107
0.669 -5.97651
0.672 -5.97193
0.675 -5.96735
0.678 -5.96276
0.681 -5.95816
0.684 -5.95354
0.687 -5.94893
0.69 -5.9443
0.693 -5.93966
0.696 -5.93502
0.699 -5.93036
0.702 -5.9257
0.705 -5.92103
0.708 -5.91635
0.711 -5.91167
0.714 -5.90697
0.717 -5.90227
0.72 -5.89756
0.723 -5.89284
0.726 -5.88811
0.729 -5.88337
0.732 -5.87863
0.735 -5.87388
0.738 -5.86912
0.741 -5.86436
0.744 -5.85959
0.747 -5.85481
0.75 -5.85002
0.753 -5.84522
0.756 -5.84042
0.759 -5.83561
0.762 -5.8308
0.765 -5.82598
0.768 -5.82115
0.771 -5.81631
0.774 -5.81147
0.777 -5.80662
0.78 -5.80177
0.783 -5.7969
0.786 -5.79204
0.789 -5.78716
0.792 -5.78228
0.795 -5.77739
0.798 -5.7725
0.801 -5.7676
0.804 -5.7627
0.807 -5.75779
0.81 -5.75288
0.813 -5.74795
0.816 -5.74303
0.819 -5.7381
0.822 -5.73316
0.825 -5.72822
0.828 -5.72327
0.831 -5.71832
0.834 -5.71336
0.837 -5.7084
0.84 -5.70343
0.843 -5.69846
0.846 -5.69349
0.849 -5.68851
0.852 -5.68352
0.855 -5.67853
0.858 -5.67354
0.861 -5.66854
0.864 -5.66354
0.867 -5.65854
0.87 -5.65353
0.873 -5.64851
0.876 -5.6435
0.879 -5.63848
0.882 -5.63345
0.885 -5.62843
0.888 -5.6234
0.891 -5.61836
0.894 -5.61333
0.897 -5.60829
0.9 -5.60324
0.903 -5.5982
0.906 -5.59315
0.909 -5.5881
0.912 -5.58304
0.915 -5.57798
0.918 -5.57293
0.921 -5.56786
0.924 -5.5628
0.927 -5.55773
0.93 -5.55266
0.933 -5.54759
0.936 -5.54252
0.939 -5.53745
0.942 -5.53237
0.945 -5.52729
0.948 -5.52221
0.951 -5.51713
0.954 -5.51205
0.957 -5.50696
0.96 -5.50188
0.963 -5.49679
0.966 -5.4917
0.969 -5.48661
0.972 -5.48152
0.975 -5.47643
0.978 -5.47134
0.981 -5.46624
0.984 -5.46115
0.987 -5.45605
0.99 -5.45096
0.993 -5.44586
0.996 -5.44076
0.999 -5.43567
1.002 -5.43057
1.005 -5.42547
1.008 -5.42037
1.011 -5.41527
1.014 -5.41017
1.017 -5.40507
1.02 -5.39998
1.023 -5.39488
1.026 -5.38978
1.029 -5.38468
1.032 -5.37958
1.035 -5.37448
1.038 -5.36938
1.041 -5.36429
1.044 -5.35919
1.047 -5.35409
1.05 -5.349
1.053 -5.3439
1.056 -5.33881
1.059 -5.33371
1.062 -5.32862
1.065 -5.32353
1.068 -5.31843
1.071 -5.31334
1.074 -5.30825
1.077 -5.30316
1.08 -5.29808
1.083 -5.29299
1.086 -5.2879
1.089 -5.28282
1.092 -5.27773
1.095 -5.27265
1.098 -5.26757
1.101 -5.26249
1.104 -5.25741
1.107 -5.25233
1.11 -5.24726
1.113 -5.24218
1.116 -5.23711
1.119 -5.23204
1.122 -5.22697
1.125 -5.2219
1.128 -5.21683
1.131 -5.21176
1.134 -5.2067
1.137 -5.20163
1.14 -5.19657
1.143 -5.19151
1.146 -5.18645
1.149 -5.1814
1.152 -5.17634
1.155 -5.17129
1.158 -5.16624
1.161 -5.16119
1.164 -5.15614
1.167 -5.15109
1.17 -5.14605
1.173 -5.141
1.176 -5.13596
1.179 -5.13092
1.182 -5.12589
1.185 -5.12085
1.188 -5.11581
1.191 -5.11078
1.194 -5.10575
1.197 -5.10072
1.2 -5.09569
1.203 -5.09067
1.206 -5.08564
1.209 -5.08062
1.212 -5.0756
1.215 -5.07058
1.218 -5.06556
1.221 -5.06055
1.224 -5.05553
1.227 -5.05052
1.23 -5.04551
1.233 -5.0405
1.236 -5.03549
1.239 -5.03049
1.242 -5.02548
1.245 -5.02048
1.248 -5.01548
1.251 -5.01048
1.254 -5.00548
1.257 -5.00049
1.26 -4.99549
1.263 -4.9905
1.266 -4.98551
1.269 -4.98052
1.272 -4.97553
1.275 -4.97054
1.278 -4.96555
1.281 -4.96057
1.284 -4.95558
1.287 -4.9506
1.29 -4.94562
1.293 -4.94064
1.296 -4.93566
1.299 -4.93068
1.302 -4.92571
1.305 -4.92073
1.308 -4.91576
1.311 -4.91078
1.314 -4.90581
1.317 -4.90084
1.32 -4.89587
1.323 -4.8909
1.326 -4.88593
1.329 -4.88096
1.332 -4.87599
1.335 -4.87103
1.338 -4.86606
1.341 -4.86109
1.344 -4.85613
1.347 -4.85117
1.35 -4.8462
1.353 -4.84124
1.356 -4.83628
1.359 -4.83131
1.362 -4.82635
1.365 -4.82139
1.368 -4.81643
1.371 -4.81147
1.374 -4.80651
1.377 -4.80155
1.38 -4.79658
1.383 -4.79162
1.386 -4.78666
1.389 -4.7817
1.392 -4.77674
1.395 -4.77178
1.398 -4.76682
1.401 -4.76186
1.404 -4.7569
1.407 -4.75194
1.41 -4.74698
1.413 -4.74201
1.416 -4.73705
1.419 -4.73209
1.422 -4.72712
1.425 -4.72216
1.428 -4.71719
1.431 -4.71223
1.434 -4.70726
1.437 -4.7023
1.44 -4.69733
1.443 -4.69236
1.446 -4.68739
1.449 -4.68242
1.452 -4.67745
1.455 -4.67248
1.458 -4.6675
1.461 -4.66253
1.464 -4.65755
1.467 -4.65258
1.47 -4.6476
1.473 -4.64262
1.476 -4.63764
1.479 -4.63266
1.482 -4.62767
1.485 -4.62269
1.488 -4.6177
1.491 -4.61272
1.494 -4.60773
1.497 -4.60274
1.5 -4.59774
1.503 -4.59275
1.506 -4.58775
1.509 -4.58276
1.512 -4.57776
1.515 -4.57276
1.518 -4.56776
1.521 -4.56275
1.524 -4.55774
1.527 -4.55274
1.53 -4.54773
1.533 -4.54271
1.536 -4.5377
1.539 -4.53268
1.542 -4.52767
1.545 -4.52265
1.548 -4.51762
1.551 -4.5126
1.554 -4.50757
1.557 -4.50254
1.56 -4.49751
1.563 -4.49248
1.566 -4.48745
1.569 -4.48241
1.572 -4.47737
1.575 -4.47233
1.578 -4.46728
1.581 -4.46224
1.584 -4.45719
1.587 -4.45214
1.59 -4.44708
1.593 -4.44203
1.596 -4.43697
1.599 -4.43191
1.602 -4.42685
1.605 -4.42178
1.608 -4.41671
1.611 -4.41164
1.614 -4.40657
1.617 -4.4015
1.62 -4.39642
1.623 -4.39134
1.626 -4.38626
1.629 -4.38118
1.632 -4.37609
1.635 -4.371
1.638 -4.36591
1.641 -4.36082
1.644 -4.35572
1.647 -4.35063
1.65 -4.34553
1.653 -4.34043
1.656 -4.33532
1.659 -4.33022
1.662 -4.32511
1.665 -4.32
1.668 -4.31489
1.671 -4.30977
1.674 -4.30465
1.677 -4.29954
1.68 -4.29442
1.683 -4.28929
1.686 -4.28417
1.689 -4.27904
1.692 -4.27392
1.695 -4.26879
1.698 -4.26366
1.701 -4.25852
1.704 -4.25339
1.707 -4.24825
1.71 -4.24312
1.713 -4.23798
1.716 -4.23284
1.719 -4.22769
1.722 -4.22255
1.725 -4.21741
1.728 -4.21226
1.731 -4.20712
1.734 -4.20197
1.737 -4.19682
1.74 -4.19167
1.743 -4.18652
1.746 -4.18137
1.749 -4.17622
1.752 -4.17106
1.755 -4.16591
1.758 -4.16076
1.761 -4.1556
1.764 -4.15045
1.767 -4.1453
1.77 -4.14014
1.773 -4.13499
1.776 -4.12983
1.779 -4.12468
1.782 -4.11952
1.785 -4.11437
1.788 -4.10921
1.791 -4.10406
1.794 -4.09891
1.797 -4.09376
1.8 -4.0886
1.803 -4.08345
1.806 -4.0783
1.809 -4.07316
1.812 -4.06801
1.815 -4.06286
1.818 -4.05772
1.821 -4.05257
1.824 -4.04743
1.827 -4.04229
1.83 -4.03715
1.833 -4.03202
1.836 -4.02688
1.839 -4.02175
1.842 -4.01662
1.845 -4.01149
1.848 -4.00636
1.851 -4.00124
1.854 -3.99612
1.857 -3.991
1.86 -3.98589
1.863 -3.98078
1.866 -3.97567
1.869 -3.97057
1.872 -3.96547
1.875 -3.96037
1.878 -3.95528
1.881 -3.95019
1.884 -3.9451
1.887 -3.94002
1.89 -3.93494
1.893 -3.92987
1.896 -3.9248
1.899 -3.91974
1.902 -3.91468
1.905 -3.90963
1.908 -3.90458
1.911 -3.89954
1.914 -3.89451
1.917 -3.88948
1.92 -3.88445
1.923 -3.87943
1.926 -3.87442
1.929 -3.86942
1.932 -3.86442
1.935 -3.85943
1.938 -3.85444
1.941 -3.84947
1.944 -3.84449
1.947 -3.83953
1.95 -3.83458
1.953 -3.82963
1.956 -3.82469
1.959 -3.81976
1.962 -3.81484
1.965 -3.80993
1.968 -3.80502
1.971 -3.80013
1.974 -3.79525
1.977 -3.79037
1.98 -3.7855
1.983 -3.78065
1.986 -3.7758
1.989 -3.77097
1.992 -3.76615
1.995 -3.76133
1.998 -3.75653
2.001 -3.75174
2.004 -3.74697
2.007 -3.7422
2.01 -3.73745
2.013 -3.73271
2.016 -3.72798
2.019 -3.72326
2.022 -3.71856
2.025 -3.71387
2.028 -3.7092
2.031 -3.70454
2.034 -3.69989
2.037 -3.69526
2.04 -3.69065
2.043 -3.68605
2.046 -3.68146
2.049 -3.6769
2.052 -3.67234
2.055 -3.66781
2.058 -3.66329
2.061 -3.65879
2.064 -3.6543
2.067 -3.64984
2.07 -3.64539
2.073 -3.64096
2.076 -3.63655
2.079 -3.63216
2.082 -3.62778
2.085 -3.62343
2.088 -3.6191
2.091 -3.61479
2.094 -3.6105
2.097 -3.60623
2.1 -3.60198
2.103 -3.59775
2.106 -3.59355
2.109 -3.58936
2.112 -3.5852
2.115 -3.58107
2.118 -3.57696
2.121 -3.57287
2.124 -3.5688
2.127 -3.56476
2.13 -3.56075
2.133 -3.55676
2.136 -3.55279
2.139 -3.54885
2.142 -3.54494
2.145 -3.54105
2.148 -3.5372
2.151 -3.53336
2.154 -3.52956
2.157 -3.52578
2.16 -3.52203
2.163 -3.51831
2.166 -3.51462
2.169 -3.51096
2.172 -3.50733
2.175 -3.50372
2.178 -3.50015
2.181 -3.49661
2.184 -3.49309
2.187 -3.48961
2.19 -3.48616
2.193 -3.48274
2.196 -3.47935
2.199 -3.476
2.202 -3.47267
2.205 -3.46938
2.208 -3.46612
2.211 -3.4629
2.214 -3.4597
2.217 -3.45654
2.22 -3.45342
2.223 -3.45032
2.226 -3.44726
2.229 -3.44424
2.232 -3.44124
2.235 -3.43829
2.238 -3.43536
2.241 -3.43247
2.244 -3.42962
2.247 -3.4268
2.25 -3.42402
2.253 -3.42127
2.256 -3.41855
2.259 -3.41587
2.262 -3.41323
2.265 -3.41062
2.268 -3.40805
2.271 -3.40551
2.274 -3.40301
2.277 -3.40054
2.28 -3.39811
2.283 -3.39571
2.286 -3.39335
2.289 -3.39102
2.292 -3.38873
2.295 -3.38648
2.298 -3.38426
2.301 -3.38207
2.304 -3.37992
2.307 -3.37781
2.31 -3.37573
2.313 -3.37368
2.316 -3.37167
2.319 -3.3697
2.322 -3.36776
2.325 -3.36585
2.328 -3.36398
2.331 -3.36214
2.334 -3.36034
2.337 -3.35857
2.34 -3.35683
2.343 -3.35513
2.346 -3.35346
2.349 -3.35183
2.352 -3.35022
2.355 -3.34865
2.358 -3.34712
2.361 -3.34561
2.364 -3.34414
2.367 -3.3427
2.37 -3.34129
2.373 -3.33991
2.376 -3.33856
2.379 -3.33724
2.382 -3.33596
2.385 -3.3347
2.388 -3.33348
2.391 -3.33228
2.394 -3.33111
2.397 -3.32998
2.4 -3.32887
2.403 -3.32779
2.406 -3.32674
2.409 -3.32572
2.412 -3.32472
2.415 -3.32375
2.418 -3.32281
2.421 -3.3219
2.424 -3.32102
2.427 -3.32015
2.43 -3.31932
2.433 -3.31851
2.436 -3.31773
2.439 -3.31697
2.442 -3.31624
2.445 -3.31553
2.448 -3.31484
2.451 -3.31418
2.454 -3.31354
2.457 -3.31293
2.46 -3.31234
2.463 -3.31177
2.466 -3.31122
2.469 -3.3107
2.472 -3.31019
2.475 -3.30971
2.478 -3.30925
2.481 -3.30881
2.484 -3.30839
2.487 -3.30799
2.49 -3.30761
2.493 -3.30725
2.496 -3.3069
2.499 -3.30658
2.502 -3.30627
2.505 -3.30599
2.508 -3.30572
2.511 -3.30547
2.514 -3.30523
2.517 -3.30501
2.52 -3.30481
2.523 -3.30463
2.526 -3.30446
2.529 -3.3043
2.532 -3.30417
2.535 -3.30404
2.538 -3.30394
2.541 -3.30384
2.544 -3.30377
2.547 -3.3037
2.55 -3.30365
2.553 -3.30361
2.556 -3.30359
2.559 -3.30358
2.562 -3.30358
2.565 -3.30359
2.568 -3.30362
2.571 -3.30366
2.574 -3.30371
2.577 -3.30377
2.58 -3.30384
2.583 -3.30393
2.586 -3.30402
2.589 -3.30412
2.592 -3.30424
2.595 -3.30437
2.598 -3.3045
2.601 -3.30465
2.604 -3.3048
2.607 -3.30496
2.61 -3.30513
2.613 -3.30532
2.616 -3.3055
2.619 -3.3057
2.622 -3.30591
2.625 -3.30612
2.628 -3.30634
2.631 -3.30657
2.634 -3.30681
2.637 -3.30705
2.64 -3.3073
2.643 -3.30756
2.646 -3.30782
2.649 -3.30809
2.652 -3.30837
2.655 -3.30865
2.658 -3.30894
2.661 -3.30924
2.664 -3.30954
2.667 -3.30984
2.67 -3.31015
2.673 -3.31047
2.676 -3.31079
2.679 -3.31112
2.682 -3.31145
2.685 -3.31178
2.688 -3.31212
2.691 -3.31246
2.694 -3.31281
2.697 -3.31316
2.7 -3.31352
2.703 -3.31388
2.706 -3.31424
2.709 -3.31461
2.712 -3.31498
2.715 -3.31535
2.718 -3.31573
2.721 -3.31611
2.724 -3.31649
2.727 -3.31687
2.73 -3.31726
2.733 -3.31765
2.736 -3.31804
2.739 -3.31844
2.742 -3.31884
2.745 -3.31924
2.748 -3.31964
2.751 -3.32004
2.754 -3.32045
2.757 -3.32086
2.76 -3.32126
2.763 -3.32168
2.766 -3.32209
2.769 -3.3225
2.772 -3.32292
2.775 -3.32333
2.778 -3.32375
2.781 -3.32417
2.784 -3.32459
2.787 -3.32501
2.79 -3.32543
2.793 -3.32586
2.796 -3.32628
2.799 -3.3267
2.802 -3.32713
2.805 -3.32755
2.808 -3.32798
2.811 -3.32841
2.814 -3.32884
2.817 -3.32926
2.82 -3.32969
2.823 -3.33012
2.826 -3.33055
2.829 -3.33098
2.832 -3.3314
2.835 -3.33183
2.838 -3.33226
2.841 -3.33269
2.844 -3.33312
2.847 -3.33355
2.85 -3.33398
2.853 -3.3344
2.856 -3.33483
2.859 -3.33526
2.862 -3.33569
2.865 -3.33611
2.868 -3.33654
2.871 -3.33697
2.874 -3.33739
2.877 -3.33782
2.88 -3.33824
2.883 -3.33866
2.886 -3.33909
2.889 -3.33951
2.892 -3.33993
2.895 -3.34035
2.898 -3.34077
2.901 -3.34119
2.904 -3.34161
2.907 -3.34203
2.91 -3.34245
2.913 -3.34286
2.916 -3.34328
2.919 -3.34369
2.922 -3.34411
2.925 -3.34452
2.928 -3.34493
2.931 -3.34534
2.934 -3.34575
2.937 -3.34616
2.94 -3.34657
2.943 -3.34698
2.946 -3.34738
2.949 -3.34778
2.952 -3.34819
2.955 -3.34859
2.958 -3.34899
2.961 -3.34939
2.964 -3.34979
2.967 -3.35019
2.97 -3.35058
2.973 -3.35098
2.976 -3.35137
2.979 -3.35176
2.982 -3.35215
2.985 -3.35254
2.988 -3.35293
2.991 -3.35332
2.994 -3.35371
2.997 -3.35409
3 -3.35447
3.001 -10
