0 0
0.003 0.447064
0.006 0.447928
0.009 0.448797
0.012 0.449672
0.015 0.450552
0.018 0.451437
0.021 0.452327
0.024 0.453223
0.027 0.454124
0.03 0.45503
0.033 0.455941
0.036 0.456858
0.039 0.45778
0.042 0.458708
0.045 0.459641
0.048 0.460579
0.051 0.461523
0.054 0.462472
0.057 0.463427
0.06 0.464387
0.063 0.465353
0.066 0.466324
0.069 0.467301
0.072 0.468283
0.075 0.469271
0.078 0.470264
0.081 0.471263
0.084 0.472268
0.087 0.473278
0.09 0.474294
0.093 0.475316
0.096 0.476343
0.099 0.477376
0.102 0.478415
0.105 0.479459
0.108 0.480509
0.111 0.481565
0.114 0.482627
0.117 0.483695
0.12 0.484768
0.123 0.485847
0.126 0.486932
0.129 0.488023
0.132 0.48912
0.135 0.490223
0.138 0.491332
0.141 0.492446
0.144 0.493567
0.147 0.494693
0.15 0.495826
0.153 0.496964
0.156 0.498109
0.159 0.49926
0.162 0.500416
0.165 0.501579
0.168 0.502748
0.171 0.503922
0.174 0.505103
0.177 0.506291
0.18 0.507484
0.183 0.508683
0.186 0.509889
0.189 0.5111
0.192 0.512318
0.195 0.513542
0.198 0.514773
0.201 0.516009
0.204 0.517252
0.207 0.518501
0.21 0.519756
0.213 0.521018
0.216 0.522286
0.219 0.52356
0.222 0.524841
0.225 0.526128
0.228 0.527421
0.231 0.52872
0.234 0.530026
0.237 0.531339
0.24 0.532658
0.243 0.533983
0.246 0.535314
0.249 0.536653
0.252 0.537997
0.255 0.539348
0.258 0.540706
0.261 0.54207
0.264 0.54344
0.267 0.544817
0.27 0.546201
0.273 0.547591
0.276 0.548987
0.279 0.55039
0.282 0.5518
0.285 0.553216
0.288 0.554639
0.291 0.556069
0.294 0.557505
0.297 0.558947
0.3 0.560397
0.303 0.561853
0.306 0.563315
0.309 0.564784
0.312 0.56626
0.315 0.567743
0.318 0.569232
0.321 0.570728
0.324 0.572231
0.327 0.57374
0.33 0.575256
0.333 0.576779
0.336 0.578309
0.339 0.579845
0.342 0.581388
0.345 0.582938
0.348 0.584495
0.351 0.586058
0.354 0.587628
0.357 0.589205
0.36 0.590789
0.363 0.59238
0.366 0.593977
0.369 0.595581
0.372 0.597192
0.375 0.59881
0.378 0.600435
0.381 0.602066
0.384 0.603705
0.387 0.60535
0.39 0.607002
0.393 0.608661
0.396 0.610327
0.399 0.612
0.402 0.613679
0.405 0.615366
0.408 0.617059
0.411 0.61876
0.414 0.620467
0.417 0.622181
0.42 0.623902
0.423 0.62563
0.426 0.627365
0.429 0.629107
0.432 0.630856
0.435 0.632612
0.438 0.634374
0.441 0.636144
0.444 0.637921
0.447 0.639704
0.45 0.641495
0.453 0.643292
0.456 0.645096
0.459 0.646908
0.462 0.648726
0.465 0.650552
0.468 0.652384
0.471 0.654223
0.474 0.656069
0.477 0.657923
0.48 0.659783
0.483 0.66165
0.486 0.663524
0.489 0.665405
0.492 0.667293
0.495 0.669188
0.498 0.67109
0.501 0.673
0.504 0.674916
0.507 0.676839
0.51 0.678769
0.513 0.680706
0.516 0.68265
0.519 0.684601
0.522 0.686558
0.525 0.688523
0.528 0.690495
0.531 0.692474
0.534 0.69446
0.537 0.696453
0.54 0.698453
0.543 0.700459
0.546 0.702473
0.549 0.704494
0.552 0.706521
0.555 0.708556
0.558 0.710597
0.561 0.712646
0.564 0.714701
0.567 0.716764
0.57 0.718833
0.573 0.720909
0.576 0.722992
0.579 0.725082
0.582 0.727179
0.585 0.729283
0.588 0.731394
0.591 0.733512
0.594 0.735636
0.597 0.737768
0.6 0.739906
0.603 0.742052
0.606 0.744204
0.609 0.746363
0.612 0.748528
0.615 0.750701
0.618 0.752881
0.621 0.755067
0.624 0.75726
0.627 0.75946
0.63 0.761667
0.633 0.76388
0.636 0.7661
0.639 0.768328
0.642 0.770561
0.645 0.772802
0.648 0.775049
0.651 0.777303
0.654 0.779564
0.657 0.781831
0.66 0.784106
0.663 0.786386
0.666 0.788674
0.669 0.790968
0.672 0.793269
0.675 0.795576
0.678 0.79789
0.681 0.800211
0.684 0.802538
0.687 0.804872
0.69 0.807212
0.693 0.809559
0.696 0.811913
0.699 0.814273
0.702 0.816639
0.705 0.819012
0.708 0.821392
0.711 0.823777
0.714 0.82617
0.717 0.828568
0.72 0.830973
0.723 0.833385
0.726 0.835803
0.729 0.838227
0.732 0.840658
0.735 0.843094
0.738 0.845538
0.741 0.847987
0.744 0.850443
0.747 0.852905
0.75 0.855373
0.753 0.857847
0.756 0.860327
0.759 0.862814
0.762 0.865307
0.765 0.867806
0.768 0.870311
0.771 0.872822
0.774 0.875339
0.777 0.877862
0.78 0.880391
0.783 0.882926
0.786 0.885467
0.789 0.888015
0.792 0.890567
0.795 0.893126
0.798 0.895691
0.801 0.898262
0.804 0.900838
0.807 0.90342
0.81 0.906008
0.813 0.908602
0.816 0.911202
0.819 0.913807
0.822 0.916418
0.825 0.919034
0.828 0.921657
0.831 0.924285
0.834 0.926918
0.837 0.929557
0.84 0.932202
0.843 0.934852
0.846 0.937507
0.849 0.940168
0.852 0.942835
0.855 0.945507
0.858 0.948184
0.861 0.950867
0.864 0.953555
0.867 0.956248
0.87 0.958947
0.873 0.961651
0.876 0.96436
0.879 0.967075
0.882 0.969795
0.885 0.972519
0.888 0.975249
0.891 0.977985
0.894 0.980725
0.897 0.98347
0.9 0.986221
0.903 0.988976
0.906 0.991737
0.909 0.994502
0.912 0.997273
0.915 1.00005
0.918 1.00283
0.921 1.00561
0.924 1.0084
0.927 1.0112
0.93 1.014
0.933 1.0168
0.936 1.01961
0.939 1.02243
0.942 1.02525
0.945 1.02807
0.948 1.0309
0.951 1.03373
0.954 1.03657
0.957 1.03941
0.96 1.04226
0.963 1.04511
0.966 1.04797
0.969 1.05083
0.972 1.05369
0.975 1.05656
0.978 1.05944
0.981 1.06232
0.984 1.0652
0.987 1.06809
0.99 1.07098
0.993 1.07388
0.996 1.07678
0.999 1.07969
1.002 1.0826
1.005 1.08551
1.008 1.08843
1.011 1.09135
1.014 1.09428
1.017 1.09721
1.02 1.10015
1.023 1.10309
1.026 1.10604
1.029 1.10899
1.032 1.11194
1.035 1.1149
1.038 1.11786
1.041 1.12083
1.044 1.1238
1.047 1.12677
1.05 1.12975
1.053 1.13274
1.056 1.13572
1.059 1.13872
1.062 1.14171
1.065 1.14471
1.068 1.14772
1.071 1.15073
1.074 1.15374
1.077 1.15676
1.08 1.15978
1.083 1.16281
1.086 1.16584
1.089 1.16887
1.092 1.17191
1.095 1.17495
1.098 1.178
1.101 1.18105
1.104 1.18411
1.107 1.18717
1.11 1.19023
1.113 1.1933
1.116 1.19638
1.119 1.19946
1.122 1.20254
1.125 1.20562
1.128 1.20871
1.131 1.21181
1.134 1.21491
1.137 1.21801
1.14 1.22112
1.143 1.22423
1.146 1.22735
1.149 1.23047
1.152 1.2336
1.155 1.23673
1.158 1.23987
1.161 1.24301
1.164 1.24615
1.167 1.2493
1.17 1.25246
1.173 1.25561
1.176 1.25878
1.179 1.26195
1.182 1.26512
1.185 1.2683
1.188 1.27148
1.191 1.27467
1.194 1.27786
1.197 1.28106
1.2 1.28426
1.203 1.28746
1.206 1.29068
1.209 1.29389
1.212 1.29712
1.215 1.30034
1.218 1.30358
1.221 1.30682
1.224 1.31006
1.227 1.31331
1.23 1.31656
1.233 1.31982
1.236 1.32309
1.239 1.32636
1.242 1.32963
1.245 1.33291
1.248 1.3362
1.251 1.33949
1.254 1.34279
1.257 1.3461
1.26 1.34941
1.263 1.35272
1.266 1.35604
1.269 1.35937
1.272 1.36271
1.275 1.36605
1.278 1.36939
1.281 1.37275
1.284 1.37611
1.287 1.37947
1.29 1.38285
1.293 1.38622
1.296 1.38961
1.299 1.393
1.302 1.3964
1.305 1.39981
1.308 1.40322
1.311 1.40664
1.314 1.41007
1.317 1.4135
1.32 1.41694
1.323 1.42039
1.326 1.42385
1.329 1.42731
1.332 1.43078
1.335 1.43426
1.338 1.43774
1.341 1.44124
1.344 1.44474
1.347 1.44825
1.35 1.45177
1.353 1.45529
1.356 1.45883
1.359 1.46237
1.362 1.46592
1.365 1.46948
1.368 1.47305
1.371 1.47662
1.374 1.48021
1.377 1.48381
1.38 1.48741
1.383 1.49102
1.386 1.49464
1.389 1.49827
1.392 1.50192
1.395 1.50557
1.398 1.50923
1.401 1.5129
1.404 1.51658
1.407 1.52026
1.41 1.52396
1.413 1.52767
1.416 1.5314
1.419 1.53513
1.422 1.53887
1.425 1.54262
1.428 1.54638
1.431 1.55016
1.434 1.55394
1.437 1.55774
1.44 1.56155
1.443 1.56536
1.446 1.5692
1.449 1.57304
1.452 1.57689
1.455 1.58076
1.458 1.58464
1.461 1.58853
1.464 1.59243
1.467 1.59635
1.47 1.60028
1.473 1.60422
1.476 1.60817
1.479 1.61214
1.482 1.61612
1.485 1.62011
1.488 1.62412
1.491 1.62814
1.494 1.63218
1.497 1.63623
1.5 1.64029
1.503 1.64437
1.506 1.64846
1.509 1.65257
1.512 1.65669
1.515 1.66083
1.518 1.66498
1.521 1.66915
1.524 1.67333
1.527 1.67753
1.53 1.68174
1.533 1.68597
1.536 1.69022
1.539 1.69448
1.542 1.69876
1.545 1.70306
1.548 1.70737
1.551 1.7117
1.554 1.71605
1.557 1.72041
1.56 1.7248
1.563 1.7292
1.566 1.73361
1.569 1.73805
1.572 1.7425
1.575 1.74698
1.578 1.75147
1.581 1.75598
1.584 1.76051
1.587 1.76506
1.59 1.76962
1.593 1.77421
1.596 1.77882
1.599 1.78345
1.602 1.78809
1.605 1.79276
1.608 1.79745
1.611 1.80216
1.614 1.80689
1.617 1.81164
1.62 1.81641
1.623 1.82121
1.626 1.82602
1.629 1.83086
1.632 1.83572
1.635 1.8406
1.638 1.84551
1.641 1.85044
1.644 1.85539
1.647 1.86036
1.65 1.86536
1.653 1.87038
1.656 1.87543
1.659 1.8805
1.662 1.88559
1.665 1.89071
1.668 1.89585
1.671 1.90102
1.674 1.90621
1.677 1.91143
1.68 1.91667
1.683 1.92194
1.686 1.92723
1.689 1.93256
1.692 1.9379
1.695 1.94328
1.698 1.94868
1.701 1.95411
1.704 1.95956
1.707 1.96504
1.71 1.97055
1.713 1.97609
1.716 1.98166
1.719 1.98725
1.722 1.99287
1.725 1.99852
1.728 2.0042
1.731 2.00991
1.734 2.01565
1.737 2.02142
1.74 2.02722
1.743 2.03304
1.746 2.0389
1.749 2.04479
1.752 2.05071
1.755 2.05666
1.758 2.06264
1.761 2.06865
1.764 2.07469
1.767 2.08077
1.77 2.08687
1.773 2.09301
1.776 2.09918
1.779 2.10538
1.782 2.11161
1.785 2.11788
1.788 2.12418
1.791 2.13051
1.794 2.13688
1.797 2.14328
1.8 2.14971
1.803 2.15618
1.806 2.16268
1.809 2.16921
1.812 2.17578
1.815 2.18238
1.818 2.18902
1.821 2.19569
1.824 2.20239
1.827 2.20913
1.83 2.21591
1.833 2.22272
1.836 2.22957
1.839 2.23645
1.842 2.24336
1.845 2.25032
1.848 2.2573
1.851 2.26433
1.854 2.27139
1.857 2.27848
1.86 2.28562
1.863 2.29278
1.866 2.29999
1.869 2.30723
1.872 2.3145
1.875 2.32182
1.878 2.32917
1.881 2.33655
1.884 2.34397
1.887 2.35143
1.89 2.35893
1.893 2.36646
1.896 2.37403
1.899 2.38163
1.902 2.38927
1.905 2.39695
1.908 2.40466
1.911 2.41241
1.914 2.4202
1.917 2.42802
1.92 2.43588
1.923 2.44378
1.926 2.45171
1.929 2.45967
1.932 2.46767
1.935 2.47571
1.938 2.48378
1.941 2.49189
1.944 2.50003
1.947 2.50821
1.95 2.51642
1.953 2.52467
1.956 2.53295
1.959 2.54127
1.962 2.54961
1.965 2.55799
1.968 2.56641
1.971 2.57486
1.974 2.58334
1.977 2.59185
1.98 2.60039
1.983 2.60896
1.986 2.61757
1.989 2.62621
1.992 2.63487
1.995 2.64357
1.998 2.65229
2.001 2.66104
2.004 2.66982
2.007 2.67863
2.01 2.68747
2.013 2.69633
2.016 2.70522
2.019 2.71413
2.022 2.72307
2.025 2.73204
2.028 2.74102
2.031 2.75003
2.034 2.75906
2.037 2.76811
2.04 2.77719
2.043 2.78628
2.046 2.79539
2.049 2.80452
2.052 2.81367
2.055 2.82283
2.058 2.83201
2.061 2.84121
2.064 2.85042
2.067 2.85964
2.07 2.86888
2.073 2.87812
2.076 2.88738
2.079 2.89665
2.082 2.90592
2.085 2.9152
2.088 2.92449
2.091 2.93378
2.094 2.94308
2.097 2.95238
2.1 2.96169
2.103 2.97099
2.106 2.9803
2.109 2.9896
2.112 2.9989
2.115 3.0082
2.118 3.01749
2.121 3.02678
2.124 3.03606
2.127 3.04533
2.13 3.05459
2.133 3.06384
2.136 3.07308
2.139 3.08231
2.142 3.09152
2.145 3.10072
2.148 3.1099
2.151 3.11907
2.154 3.12821
2.157 3.13733
2.16 3.14644
2.163 3.15552
2.166 3.16457
2.169 3.1736
2.172 3.18261
2.175 3.19158
2.178 3.20053
2.181 3.20945
2.184 3.21834
2.187 3.22719
2.19 3.23601
2.193 3.2448
2.196 3.25355
2.199 3.26227
2.202 3.27094
2.205 3.27958
2.208 3.28818
2.211 3.29673
2.214 3.30524
2.217 3.31371
2.22 3.32214
2.223 3.33052
2.226 3.33886
2.229 3.34714
2.232 3.35538
2.235 3.36357
2.238 3.37171
2.241 3.3798
2.244 3.38784
2.247 3.39582
2.25 3.40375
2.253 3.41163
2.256 3.41945
2.259 3.42722
2.262 3.43493
2.265 3.44258
2.268 3.45018
2.271 3.45772
2.274 3.4652
2.277 3.47262
2.28 3.47998
2.283 3.48728
2.286 3.49452
2.289 3.5017
2.292 3.50881
2.295 3.51587
2.298 3.52286
2.301 3.52979
2.304 3.53666
2.307 3.54346
2.31 3.5502
2.313 3.55688
2.316 3.56349
2.319 3.57004
2.322 3.57652
2.325 3.58294
2.328 3.58929
2.331 3.59558
2.334 3.60181
2.337 3.60797
2.34 3.61406
2.343 3.62009
2.346 3.62606
2.349 3.63196
2.352 3.63779
2.355 3.64357
2.358 3.64927
2.361 3.65492
2.364 3.6605
2.367 3.66601
2.37 3.67147
2.373 3.67685
2.376 3.68218
2.379 3.68744
2.382 3.69264
2.385 3.69778
2.388 3.70286
2.391 3.70787
2.394 3.71282
2.397 3.71771
2.4 3.72254
2.403 3.72731
2.406 3.73202
2.409 3.73668
2.412 3.74127
2.415 3.7458
2.418 3.75027
2.421 3.75469
2.424 3.75905
2.427 3.76335
2.43 3.7676
2.433 3.77179
2.436 3.77592
2.439 3.78
2.442 3.78402
2.445 3.788
2.448 3.79191
2.451 3.79578
2.454 3.79959
2.457 3.80335
2.46 3.80705
2.463 3.81071
2.466 3.81431
2.469 3.81787
2.472 3.82138
2.475 3.82483
2.478 3.82824
2.481 3.8316
2.484 3.83492
2.487 3.83818
2.49 3.8414
2.493 3.84458
2.496 3.84771
2.499 3.85079
2.502 3.85383
2.505 3.85683
2.508 3.85978
2.511 3.86269
2.514 3.86556
2.517 3.86839
2.52 3.87118
2.523 3.87392
2.526 3.87663
2.529 3.87929
2.532 3.88192
2.535 3.88451
2.538 3.88706
2.541 3.88957
2.544 3.89205
2.547 3.89449
2.55 3.89689
2.553 3.89926
2.556 3.9016
2.559 3.90389
2.562 3.90616
2.565 3.90839
2.568 3.91059
2.571 3.91275
2.574 3.91489
2.577 3.91699
2.58 3.91906
2.583 3.9211
2.586 3.92311
2.589 3.92509
2.592 3.92703
2.595 3.92895
2.598 3.93085
2.601 3.93271
2.604 3.93454
2.607 3.93635
2.61 3.93813
2.613 3.93989
2.616 3.94161
2.619 3.94331
2.622 3.94499
2.625 3.94664
2.628 3.94827
2.631 3.94987
2.634 3.95145
2.637 3.953
2.64 3.95453
2.643 3.95604
2.646 3.95753
2.649 3.95899
2.652 3.96043
2.655 3.96185
2.658 3.96325
2.661 3.96462
2.664 3.96598
2.667 3.96732
2.67 3.96863
2.673 3.96993
2.676 3.97121
2.679 3.97246
2.682 3.9737
2.685 3.97492
2.688 3.97613
2.691 3.97731
2.694 3.97848
2.697 3.97963
2.7 3.98076
2.703 3.98187
2.706 3.98297
2.709 3.98405
2.712 3.98512
2.715 3.98617
2.718 3.9872
2.721 3.98822
2.724 3.98923
2.727 3.99022
2.73 3.99119
2.733 3.99215
2.736 3.9931
2.739 3.99403
2.742 3.99495
2.745 3.99585
2.748 3.99674
2.751 3.99762
2.754 3.99849
2.757 3.99934
2.76 4.00018
2.763 4.001
2.766 4.00182
2.769 4.00262
2.772 4.00342
2.775 4.00419
2.778 4.00496
2.781 4.00572
2.784 4.00647
2.787 4.0072
2.79 4.00793
2.793 4.00864
2.796 4.00934
2.799 4.01004
2.802 4.01072
2.805 4.01139
2.808 4.01206
2.811 4.01271
2.814 4.01336
2.817 4.01399
2.82 4.01462
2.823 4.01523
2.826 4.01584
2.829 4.01644
2.832 4.01703
2.835 4.01761
2.838 4.01819
2.841 4.01875
2.844 4.01931
2.847 4.01986
2.85 4.0204
2.853 4.02094
2.856 4.02146
2.859 4.02198
2.862 4.02249
2.865 4.023
2.868 4.02349
2.871 4.02398
2.874 4.02447
2.877 4.02494
2.88 4.02541
2.883 4.02587
2.886 4.02633
2.889 4.02678
2.892 4.02722
2.895 4.02766
2.898 4.02809
2.901 4.02852
2.904 4.02894
2.907 4.02935
2.91 4.02976
2.913 4.03016
2.916 4.03055
2.919 4.03094
2.922 4.03133
2.925 4.03171
2.928 4.03208
2.931 4.03245
2.934 4.03282
2.937 4.03317
2.94 4.03353
2.943 4.03388
2.946 4.03422
2.949 4.03456
2.952 4.0349
2.955 4.03523
2.958 4.03555
2.961 4.03587
2.964 4.03619
2.967 4.0365
2.97 4.03681
2.973 4.03711
2.976 4.03741
2.979 4.03771
2.982 4.038
2.985 4.03829
2.988 4.03857
2.991 4.03885
2.994 4.03913
2.997 4.0394
3 4.03967
3.001 0
