0 0
0.003 0.422295
0.006 0.423379
0.009 0.42447
0.012 0.42557
0.015 0.426678
0.018 0.427795
0.021 0.428919
0.024 0.430053
0.027 0.431195
0.03 0.432345
0.033 0.433504
0.036 0.434672
0.039 0.435849
0.042 0.437035
0.045 0.438229
0.048 0.439433
0.051 0.440646
0.054 0.441868
0.057 0.443099
0.06 0.44434
0.063 0.44559
0.066 0.44685
0.069 0.448119
0.072 0.449399
0.075 0.450687
0.078 0.451986
0.081 0.453295
0.084 0.454613
0.087 0.455942
0.09 0.457281
0.093 0.45863
0.096 0.459989
0.099 0.461359
0.102 0.46274
0.105 0.464131
0.108 0.465532
0.111 0.466945
0.114 0.468368
0.117 0.469803
0.12 0.471248
0.123 0.472705
0.126 0.474173
0.129 0.475652
0.132 0.477142
0.135 0.478644
0.138 0.480158
0.141 0.481684
0.144 0.483221
0.147 0.48477
0.15 0.486332
0.153 0.487905
0.156 0.489491
0.159 0.491089
0.162 0.492699
0.165 0.494322
0.168 0.495957
0.171 0.497606
0.174 0.499267
0.177 0.500941
0.18 0.502628
0.183 0.504328
0.186 0.506042
0.189 0.507769
0.192 0.509509
0.195 0.511264
0.198 0.513031
0.201 0.514813
0.204 0.516609
0.207 0.518418
0.21 0.520242
0.213 0.52208
0.216 0.523933
0.219 0.5258
0.222 0.527681
0.225 0.529578
0.228 0.531489
0.231 0.533416
0.234 0.535357
0.237 0.537314
0.24 0.539286
0.243 0.541273
0.246 0.543277
0.249 0.545296
0.252 0.54733
0.255 0.549381
0.258 0.551448
0.261 0.553531
0.264 0.555631
0.267 0.557747
0.27 0.55988
0.273 0.562029
0.276 0.564195
0.279 0.566379
0.282 0.568579
0.285 0.570797
0.288 0.573032
0.291 0.575285
0.294 0.577556
0.297 0.579844
0.3 0.58215
0.303 0.584475
0.306 0.586818
0.309 0.589179
0.312 0.591558
0.315 0.593956
0.318 0.596373
0.321 0.598809
0.324 0.601264
0.327 0.603738
0.33 0.606232
0.333 0.608745
0.336 0.611277
0.339 0.61383
0.342 0.616402
0.345 0.618994
0.348 0.621607
0.351 0.62424
0.354 0.626893
0.357 0.629567
0.36 0.632261
0.363 0.634977
0.366 0.637713
0.369 0.640471
0.372 0.64325
0.375 0.64605
0.378 0.648872
0.381 0.651716
0.384 0.654581
0.387 0.657469
0.39 0.660379
0.393 0.66331
0.396 0.666265
0.399 0.669242
0.402 0.672241
0.405 0.675264
0.408 0.678309
0.411 0.681377
0.414 0.684469
0.417 0.687584
0.42 0.690722
0.423 0.693884
0.426 0.69707
0.429 0.70028
0.432 0.703514
0.435 0.706771
0.438 0.710053
0.441 0.71336
0.444 0.716691
0.447 0.720046
0.45 0.723426
0.453 0.726832
0.456 0.730262
0.459 0.733717
0.462 0.737197
0.465 0.740703
0.468 0.744234
0.471 0.74779
0.474 0.751373
0.477 0.754981
0.48 0.758614
0.483 0.762274
0.486 0.76596
0.489 0.769672
0.492 0.77341
0.495 0.777174
0.498 0.780965
0.501 0.784782
0.504 0.788626
0.507 0.792497
0.51 0.796394
0.513 0.800318
0.516 0.804269
0.519 0.808246
0.522 0.812251
0.525 0.816283
0.528 0.820342
0.531 0.824428
0.534 0.828541
0.537 0.832682
0.54 0.83685
0.543 0.841045
0.546 0.845268
0.549 0.849518
0.552 0.853796
0.555 0.858101
0.558 0.862433
0.561 0.866793
0.564 0.871181
0.567 0.875596
0.57 0.880039
0.573 0.884509
0.576 0.889007
0.579 0.893532
0.582 0.898085
0.585 0.902666
0.588 0.907274
0.591 0.911909
0.594 0.916572
0.597 0.921263
0.6 0.925981
0.603 0.930726
0.606 0.935498
0.609 0.940298
0.612 0.945125
0.615 0.949979
0.618 0.95486
0.621 0.959768
0.624 0.964703
0.627 0.969665
0.63 0.974654
0.633 0.979669
0.636 0.984711
0.639 0.989779
0.642 0.994874
0.645 0.999995
0.648 1.00514
0.651 1.01032
0.654 1.01551
0.657 1.02074
0.66 1.02599
0.663 1.03127
0.666 1.03657
0.669 1.04189
0.672 1.04725
0.675 1.05262
0.678 1.05802
0.681 1.06345
0.684 1.0689
0.687 1.07437
0.69 1.07987
0.693 1.0854
0.696 1.09094
0.699 1.09651
0.702 1.10211
0.705 1.10772
0.708 1.11336
0.711 1.11902
0.714 1.12471
0.717 1.13041
0.72 1.13614
0.723 1.14189
0.726 1.14766
0.729 1.15346
0.732 1.15927
0.735 1.16511
0.738 1.17096
0.741 1.17684
0.744 1.18273
0.747 1.18865
0.75 1.19458
0.753 1.20054
0.756 1.20651
0.759 1.21251
0.762 1.21852
0.765 1.22455
0.768 1.23059
0.771 1.23666
0.774 1.24274
0.777 1.24884
0.78 1.25496
0.783 1.26109
0.786 1.26724
0.789 1.27341
0.792 1.27959
0.795 1.28579
0.798 1.292
0.801 1.29822
0.804 1.30446
0.807 1.31072
0.81 1.31699
0.813 1.32327
0.816 1.32957
0.819 1.33588
0.822 1.3422
0.825 1.34853
0.828 1.35488
0.831 1.36124
0.834 1.36761
0.837 1.37399
0.84 1.38038
0.843 1.38678
0.846 1.3932
0.849 1.39962
0.852 1.40605
0.855 1.41249
0.858 1.41894
0.861 1.4254
0.864 1.43187
0.867 1.43835
0.87 1.44483
0.873 1.45132
0.876 1.45782
0.879 1.46433
0.882 1.47084
0.885 1.47736
0.888 1.48388
0.891 1.49041
0.894 1.49695
0.897 1.50349
0.9 1.51003
0.903 1.51658
0.906 1.52313
0.909 1.52969
0.912 1.53625
0.915 1.54282
0.918 1.54939
0.921 1.55596
0.924 1.56253
0.927 1.56911
0.93 1.57569
0.933 1.58227
0.936 1.58885
0.939 1.59543
0.942 1.60201
0.945 1.60859
0.948 1.61518
0.951 1.62176
0.954 1.62835
0.957 1.63493
0.96 1.64151
0.963 1.64809
0.966 1.65467
0.969 1.66125
0.972 1.66783
0.975 1.67441
0.978 1.68098
0.981 1.68755
0.984 1.69412
0.987 1.70069
0.99 1.70725
0.993 1.71381
0.996 1.72036
0.999 1.72692
1.002 1.73346
1.005 1.74001
1.008 1.74655
1.011 1.75308
1.014 1.75961
1.017 1.76614
1.02 1.77266
1.023 1.77917
1.026 1.78568
1.029 1.79218
1.032 1.79868
1.035 1.80517
1.038 1.81166
1.041 1.81813
1.044 1.82461
1.047 1.83107
1.05 1.83753
1.053 1.84398
1.056 1.85042
1.059 1.85686
1.062 1.86329
1.065 1.86971
1.068 1.87612
1.071 1.88252
1.074 1.88892
1.077 1.89531
1.08 1.90169
1.083 1.90806
1.086 1.91442
1.089 1.92077
1.092 1.92712
1.095 1.93345
1.098 1.93978
1.101 1.94609
1.104 1.9524
1.107 1.9587
1.11 1.96498
1.113 1.97126
1.116 1.97753
1.119 1.98379
1.122 1.99004
1.125 1.99628
1.128 2.00251
1.131 2.00872
1.134 2.01493
1.137 2.02113
1.14 2.02732
1.143 2.03349
1.146 2.03966
1.149 2.04581
1.152 2.05196
1.155 2.05809
1.158 2.06422
1.161 2.07033
1.164 2.07643
1.167 2.08252
1.17 2.0886
1.173 2.09467
1.176 2.10073
1.179 2.10678
1.182 2.11281
1.185 2.11884
1.188 2.12485
1.191 2.13085
1.194 2.13685
1.197 2.14283
1.2 2.1488
1.203 2.15476
1.206 2.16071
1.209 2.16664
1.212 2.17257
1.215 2.17848
1.218 2.18439
1.221 2.19028
1.224 2.19616
1.227 2.20203
1.23 2.20789
1.233 2.21374
1.236 2.21958
1.239 2.22541
1.242 2.23123
1.245 2.23703
1.248 2.24283
1.251 2.24861
1.254 2.25439
1.257 2.26015
1.26 2.26591
1.263 2.27165
1.266 2.27738
1.269 2.2831
1.272 2.28881
1.275 2.29452
1.278 2.30021
1.281 2.30589
1.284 2.31156
1.287 2.31722
1.29 2.32288
1.293 2.32852
1.296 2.33415
1.299 2.33977
1.302 2.34539
1.305 2.35099
1.308 2.35658
1.311 2.36217
1.314 2.36775
1.317 2.37331
1.32 2.37887
1.323 2.38442
1.326 2.38996
1.329 2.39549
1.332 2.40101
1.335 2.40653
1.338 2.41204
1.341 2.41753
1.344 2.42302
1.347 2.4285
1.35 2.43398
1.353 2.43944
1.356 2.4449
1.359 2.45035
1.362 2.4558
1.365 2.46123
1.368 2.46666
1.371 2.47208
1.374 2.4775
1.377 2.4829
1.38 2.4883
1.383 2.4937
1.386 2.49908
1.389 2.50447
1.392 2.50984
1.395 2.51521
1.398 2.52057
1.401 2.52593
1.404 2.53128
1.407 2.53662
1.41 2.54196
1.413 2.5473
1.416 2.55263
1.419 2.55795
1.422 2.56327
1.425 2.56859
1.428 2.5739
1.431 2.5792
1.434 2.5845
1.437 2.5898
1.44 2.59509
1.443 2.60038
1.446 2.60567
1.449 2.61095
1.452 2.61622
1.455 2.6215
1.458 2.62677
1.461 2.63204
1.464 2.6373
1.467 2.64256
1.47 2.64782
1.473 2.65308
1.476 2.65834
1.479 2.66359
1.482 2.66884
1.485 2.67409
1.488 2.67933
1.491 2.68458
1.494 2.68982
1.497 2.69507
1.5 2.70031
1.503 2.70555
1.506 2.71079
1.509 2.71602
1.512 2.72126
1.515 2.7265
1.518 2.73174
1.521 2.73697
1.524 2.74221
1.527 2.74745
1.53 2.75268
1.533 2.75792
1.536 2.76316
1.539 2.7684
1.542 2.77364
1.545 2.77888
1.548 2.78412
1.551 2.78936
1.554 2.79461
1.557 2.79985
1.56 2.8051
1.563 2.81035
1.566 2.8156
1.569 2.82086
1.572 2.82611
1.575 2.83137
1.578 2.83663
1.581 2.84189
1.584 2.84716
1.587 2.85243
1.59 2.8577
1.593 2.86297
1.596 2.86825
1.599 2.87353
1.602 2.87881
1.605 2.8841
1.608 2.88939
1.611 2.89469
1.614 2.89999
1.617 2.90529
1.62 2.9106
1.623 2.91591
1.626 2.92123
1.629 2.92655
1.632 2.93187
1.635 2.9372
1.638 2.94254
1.641 2.94788
1.644 2.95322
1.647 2.95857
1.65 2.96392
1.653 2.96928
1.656 2.97465
1.659 2.98002
1.662 2.98539
1.665 2.99077
1.668 2.99616
1.671 3.00155
1.674 3.00695
1.677 3.01235
1.68 3.01776
1.683 3.02317
1.686 3.02859
1.689 3.03402
1.692 3.03945
1.695 3.04489
1.698 3.05034
1.701 3.05579
1.704 3.06124
1.707 3.0667
1.71 3.07217
1.713 3.07765
1.716 3.08313
1.719 3.08862
1.722 3.09411
1.725 3.09961
1.728 3.10511
1.731 3.11063
1.734 3.11614
1.737 3.12167
1.74 3.1272
1.743 3.13273
1.746 3.13827
1.749 3.14382
1.752 3.14938
1.755 3.15494
1.758 3.1605
1.761 3.16607
1.764 3.17165
1.767 3.17723
1.77 3.18282
1.773 3.18841
1.776 3.19401
1.779 3.19962
1.782 3.20523
1.785 3.21084
1.788 3.21646
1.791 3.22208
1.794 3.22771
1.797 3.23335
1.8 3.23899
1.803 3.24463
1.806 3.25028
1.809 3.25593
1.812 3.26158
1.815 3.26724
1.818 3.2729
1.821 3.27857
1.824 3.28424
1.827 3.28991
1.83 3.29559
1.833 3.30126
1.836 3.30694
1.839 3.31263
1.842 3.31831
1.845 3.324
1.848 3.32969
1.851 3.33538
1.854 3.34107
1.857 3.34676
1.86 3.35245
1.863 3.35815
1.866 3.36384
1.869 3.36953
1.872 3.37523
1.875 3.38092
1.878 3.38661
1.881 3.3923
1.884 3.39799
1.887 3.40368
1.89 3.40936
1.893 3.41505
1.896 3.42073
1.899 3.4264
1.902 3.43208
1.905 3.43775
1.908 3.44342
1.911 3.44908
1.914 3.45473
1.917 3.46039
1.92 3.46603
1.923 3.47168
1.926 3.47731
1.929 3.48294
1.932 3.48856
1.935 3.49418
1.938 3.49979
1.941 3.50539
1.944 3.51098
1.947 3.51656
1.95 3.52213
1.953 3.5277
1.956 3.53325
1.959 3.5388
1.962 3.54433
1.965 3.54985
1.968 3.55536
1.971 3.56086
1.974 3.56635
1.977 3.57182
1.98 3.57728
1.983 3.58273
1.986 3.58817
1.989 3.59358
1.992 3.59899
1.995 3.60438
1.998 3.60975
2.001 3.61511
2.004 3.62045
2.007 3.62578
2.01 3.63109
2.013 3.63638
2.016 3.64165
2.019 3.6469
2.022 3.65214
2.025 3.65735
2.028 3.66255
2.031 3.66773
2.034 3.67288
2.037 3.67802
2.04 3.68313
2.043 3.68822
2.046 3.69329
2.049 3.69834
2.052 3.70337
2.055 3.70837
2.058 3.71335
2.061 3.7183
2.064 3.72323
2.067 3.72814
2.07 3.73302
2.073 3.73788
2.076 3.74271
2.079 3.74751
2.082 3.75229
2.085 3.75704
2.088 3.76177
2.091 3.76647
2.094 3.77114
2.097 3.77578
2.1 3.78039
2.103 3.78498
2.106 3.78953
2.109 3.79406
2.112 3.79856
2.115 3.80303
2.118 3.80747
2.121 3.81188
2.124 3.81626
2.127 3.82061
2.13 3.82493
2.133 3.82922
2.136 3.83347
2.139 3.8377
2.142 3.84189
2.145 3.84606
2.148 3.85019
2.151 3.85428
2.154 3.85835
2.157 3.86239
2.16 3.86639
2.163 3.87036
2.166 3.87429
2.169 3.8782
2.172 3.88207
2.175 3.88591
2.178 3.88971
2.181 3.89348
2.184 3.89722
2.187 3.90093
2.19 3.9046
2.193 3.90824
2.196 3.91184
2.199 3.91541
2.202 3.91895
2.205 3.92246
2.208 3.92593
2.211 3.92937
2.214 3.93277
2.217 3.93614
2.22 3.93948
2.223 3.94278
2.226 3.94605
2.229 3.94929
2.232 3.95249
2.235 3.95566
2.238 3.95879
2.241 3.9619
2.244 3.96497
2.247 3.968
2.25 3.97101
2.253 3.97398
2.256 3.97692
2.259 3.97982
2.262 3.9827
2.265 3.98554
2.268 3.98835
2.271 3.99112
2.274 3.99387
2.277 3.99658
2.28 3.99926
2.283 4.00191
2.286 4.00453
2.289 4.00711
2.292 4.00967
2.295 4.01219
2.298 4.01469
2.301 4.01715
2.304 4.01958
2.307 4.02198
2.31 4.02435
2.313 4.0267
2.316 4.02901
2.319 4.03129
2.322 4.03354
2.325 4.03577
2.328 4.03796
2.331 4.04013
2.334 4.04227
2.337 4.04438
2.34 4.04646
2.343 4.04852
2.346 4.05054
2.349 4.05254
2.352 4.05451
2.355 4.05646
2.358 4.05838
2.361 4.06027
2.364 4.06213
2.367 4.06397
2.37 4.06579
2.373 4.06757
2.376 4.06934
2.379 4.07107
2.382 4.07279
2.385 4.07447
2.388 4.07614
2.391 4.07778
2.394 4.07939
2.397 4.08099
2.4 4.08255
2.403 4.0841
2.406 4.08562
2.409 4.08712
2.412 4.0886
2.415 4.09005
2.418 4.09149
2.421 4.0929
2.424 4.09429
2.427 4.09565
2.43 4.097
2.433 4.09833
2.436 4.09963
2.439 4.10092
2.442 4.10218
2.445 4.10343
2.448 4.10466
2.451 4.10586
2.454 4.10705
2.457 4.10822
2.46 4.10937
2.463 4.1105
2.466 4.11161
2.469 4.1127
2.472 4.11378
2.475 4.11484
2.478 4.11588
2.481 4.1169
2.484 4.11791
2.487 4.1189
2.49 4.11987
2.493 4.12083
2.496 4.12177
2.499 4.1227
2.502 4.12361
2.505 4.1245
2.508 4.12538
2.511 4.12624
2.514 4.12709
2.517 4.12792
2.52 4.12874
2.523 4.12955
2.526 4.13034
2.529 4.13112
2.532 4.13188
2.535 4.13263
2.538 4.13336
2.541 4.13409
2.544 4.1348
2.547 4.13549
2.55 4.13618
2.553 4.13685
2.556 4.13751
2.559 4.13816
2.562 4.13879
2.565 4.13941
2.568 4.14003
2.571 4.14063
2.574 4.14122
2.577 4.14179
2.58 4.14236
2.583 4.14292
2.586 4.14346
2.589 4.144
2.592 4.14452
2.595 4.14503
2.598 4.14554
2.601 4.14603
2.604 4.14652
2.607 4.14699
2.61 4.14746
2.613 4.14791
2.616 4.14836
2.619 4.1488
2.622 4.14923
2.625 4.14965
2.628 4.15006
2.631 4.15046
2.634 4.15085
2.637 4.15124
2.64 4.15162
2.643 4.15199
2.646 4.15235
2.649 4.1527
2.652 4.15305
2.655 4.15339
2.658 4.15372
2.661 4.15404
2.664 4.15436
2.667 4.15467
2.67 4.15497
2.673 4.15527
2.676 4.15556
2.679 4.15584
2.682 4.15612
2.685 4.15639
2.688 4.15665
2.691 4.15691
2.694 4.15716
2.697 4.1574
2.7 4.15764
2.703 4.15788
2.706 4.1581
2.709 4.15832
2.712 4.15854
2.715 4.15875
2.718 4.15896
2.721 4.15915
2.724 4.15935
2.727 4.15954
2.73 4.15972
2.733 4.1599
2.736 4.16008
2.739 4.16025
2.742 4.16041
2.745 4.16057
2.748 4.16073
2.751 4.16088
2.754 4.16102
2.757 4.16117
2.76 4.1613
2.763 4.16144
2.766 4.16157
2.769 4.16169
2.772 4.16181
2.775 4.16193
2.778 4.16205
2.781 4.16216
2.784 4.16226
2.787 4.16236
2.79 4.16246
2.793 4.16256
2.796 4.16265
2.799 4.16274
2.802 4.16282
2.805 4.1629
2.808 4.16298
2.811 4.16306
2.814 4.16313
2.817 4.1632
2.82 4.16326
2.823 4.16333
2.826 4.16339
2.829 4.16344
2.832 4.1635
2.835 4.16355
2.838 4.1636
2.841 4.16364
2.844 4.16369
2.847 4.16373
2.85 4.16377
2.853 4.1638
2.856 4.16383
2.859 4.16386
2.862 4.16389
2.865 4.16392
2.868 4.16394
2.871 4.16396
2.874 4.16398
2.877 4.164
2.88 4.16401
2.883 4.16403
2.886 4.16404
2.889 4.16405
2.892 4.16405
2.895 4.16406
2.898 4.16406
2.901 4.16406
2.904 4.16406
2.907 4.16406
2.91 4.16405
2.913 4.16405
2.916 4.16404
2.919 4.16403
2.922 4.16402
2.925 4.16401
2.928 4.16399
2.931 4.16398
2.934 4.16396
2.937 4.16394
2.94 4.16392
2.943 4.1639
2.946 4.16388
2.949 4.16385
2.952 4.16382
2.955 4.1638
2.958 4.16377
2.961 4.16374
2.964 4.16371
2.967 4.16368
2.97 4.16364
2.973 4.16361
2.976 4.16357
2.979 4.16353
2.982 4.1635
2.985 4.16346
2.988 4.16342
2.991 4.16338
2.994 4.16333
2.997 4.16329
3 4.16325
3.001 0
