0 -10
0.003 -6.80031
0.006 -6.798
0.009 -6.79567
0.012 -6.79333
0.015 -6.79097
0.018 -6.78859
0.021 -6.78619
0.024 -6.78378
0.027 -6.78135
0.03 -6.7789
0.033 -6.77643
0.036 -6.77394
0.039 -6.77144
0.042 -6.76891
0.045 -6.76637
0.048 -6.76381
0.051 -6.76123
0.054 -6.75863
0.057 -6.75601
0.06 -6.75337
0.063 -6.75071
0.066 -6.74803
0.069 -6.74533
0.072 -6.74262
0.075 -6.73988
0.078 -6.73712
0.081 -6.73434
0.084 -6.73154
0.087 -6.72872
0.09 -6.72588
0.093 -6.72301
0.096 -6.72013
0.099 -6.71722
0.102 -6.7143
0.105 -6.71135
0.108 -6.70838
0.111 -6.70538
0.114 -6.70237
0.117 -6.69933
0.12 -6.69627
0.123 -6.69318
0.126 -6.69008
0.129 -6.68695
0.132 -6.68379
0.135 -6.68062
0.138 -6.67742
0.141 -6.67419
0.144 -6.67095
0.147 -6.66767
0.15 -6.66438
0.153 -6.66106
0.156 -6.65771
0.159 -6.65434
0.162 -6.65094
0.165 -6.64752
0.168 -6.64408
0.171 -6.6406
0.174 -6.63711
0.177 -6.63358
0.18 -6.63003
0.183 -6.62646
0.186 -6.62285
0.189 -6.61922
0.192 -6.61557
0.195 -6.61188
0.198 -6.60817
0.201 -6.60443
0.204 -6.60067
0.207 -6.59687
0.21 -6.59305
0.213 -6.5892
0.216 -6.58532
0.219 -6.58141
0.222 -6.57748
0.225 -6.57351
0.228 -6.56952
0.231 -6.56549
0.234 -6.56144
0.237 -6.55735
0.24 -6.55324
0.243 -6.5491
0.246 -6.54492
0.249 -6.54072
0.252 -6.53648
0.255 -6.53221
0.258 -6.52792
0.261 -6.52359
0.264 -6.51923
0.267 -6.51483
0.27 -6.51041
0.273 -6.50595
0.276 -6.50146
0.279 -6.49694
0.282 -6.49238
0.285 -6.4878
0.288 -6.48317
0.291 -6.47852
0.294 -6.47383
0.297 -6.46911
0.3 -6.46435
0.303 -6.45956
0.306 -6.45474
0.309 -6.44988
0.312 -6.44498
0.315 -6.44005
0.318 -6.43509
0.321 -6.43009
0.324 -6.42505
0.327 -6.41998
0.33 -6.41488
0.333 -6.40973
0.336 -6.40455
0.339 -6.39934
0.342 -6.39409
0.345 -6.3888
0.348 -6.38347
0.351 -6.37811
0.354 -6.37271
0.357 -6.36727
0.36 -6.36179
0.363 -6.35628
0.366 -6.35072
0.369 -6.34513
0.372 -6.33951
0.375 -6.33384
0.378 -6.32813
0.381 -6.32239
0.384 -6.31661
0.387 -6.31078
0.39 -6.30492
0.393 -6.29902
0.396 -6.29308
0.399 -6.2871
0.402 -6.28108
0.405 -6.27502
0.408 -6.26892
0.411 -6.26278
0.414 -6.2566
0.417 -6.25038
0.42 -6.24412
0.423 -6.23782
0.426 -6.23148
0.429 -6.22509
0.432 -6.21867
0.435 -6.2122
0.438 -6.2057
0.441 -6.19915
0.444 -6.19257
0.447 -6.18594
0.45 -6.17927
0.453 -6.17256
0.456 -6.1658
0.459 -6.15901
0.462 -6.15218
0.465 -6.1453
0.468 -6.13838
0.471 -6.13142
0.474 -6.12442
0.477 -6.11738
0.48 -6.1103
0.483 -6.10318
0.486 -6.09601
0.489 -6.08881
0.492 -6.08156
0.495 -6.07427
0.498 -6.06694
0.501 -6.05957
0.504 -6.05216
0.507 -6.04471
0.51 -6.03721
0.513 -6.02968
0.516 -6.02211
0.519 -6.01449
0.522 -6.00684
0.525 -5.99914
0.528 -5.99141
0.531 -5.98363
0.534 -5.97582
0.537 -5.96797
0.54 -5.96008
0.543 -5.95214
0.546 -5.94417
0.549 -5.93617
0.552 -5.92812
0.555 -5.92003
0.558 -5.91191
0.561 -5.90375
0.564 -5.89555
0.567 -5.88732
0.57 -5.87905
0.573 -5.87074
0.576 -5.8624
0.579 -5.85402
0.582 -5.8456
0.585 -5.83715
0.588 -5.82867
0.591 -5.82015
0.594 -5.8116
0.597 -5.80301
0.6 -5.79439
0.603 -5.78574
0.606 -5.77706
0.609 -5.76834
0.612 -5.7596
0.615 -5.75082
0.618 -5.74201
0.621 -5.73317
0.624 -5.7243
0.627 -5.71541
0.63 -5.70648
0.633 -5.69753
0.636 -5.68855
0.639 -5.67954
0.642 -5.67051
0.645 -5.66145
0.648 -5.65236
0.651 -5.64325
0.654 -5.63412
0.657 -5.62497
0.66 -5.61579
0.663 -5.60659
0.666 -5.59736
0.669 -5.58812
0.672 -5.57886
0.675 -5.56958
0.678 -5.56027
0.681 -5.55096
0.684 -5.54162
0.687 -5.53227
0.69 -5.5229
0.693 -5.51351
0.696 -5.50411
0.699 -5.4947
0.702 -5.48527
0.705 -5.47583
0.708 -5.46638
0.711 -5.45692
0.714 -5.44745
0.717 -5.43797
0.72 -5.42848
0.723 -5.41898
0.726 -5.40948
0.729 -5.39997
0.732 -5.39045
0.735 -5.38093
0.738 -5.3714
0.741 -5.36188
0.744 -5.35235
0.747 -5.34281
0.75 -5.33328
0.753 -5.32375
0.756 -5.31421
0.759 -5.30468
0.762 -5.29515
0.765 -5.28563
0.768 -5.2761
0.771 -5.26659
0.774 -5.25708
0.777 -5.24757
0.78 -5.23807
0.783 -5.22858
0.786 -5.2191
0.789 -5.20962
0.792 -5.20016
0.795 -5.19071
0.798 -5.18127
0.801 -5.17184
0.804 -5.16242
0.807 -5.15302
0.81 -5.14364
0.813 -5.13426
0.816 -5.12491
0.819 -5.11557
0.822 -5.10625
0.825 -5.09695
0.828 -5.08766
0.831 -5.0784
0.834 -5.06915
0.837 -5.05993
0.84 -5.05072
0.843 -5.04154
0.846 -5.03239
0.849 -5.02325
0.852 -5.01414
0.855 -5.00506
0.858 -4.996
0.861 -4.98696
0.864 -4.97795
0.867 -4.96897
0.87 -4.96002
0.873 -4.95109
0.876 -4.9422
0.879 -4.93333
0.882 -4.92449
0.885 -4.91568
0.888 -4.90691
0.891 -4.89816
0.894 -4.88945
0.897 -4.88076
0.9 -4.87211
0.903 -4.8635
0.906 -4.85491
0.909 -4.84636
0.912 -4.83785
0.915 -4.82937
0.918 -4.82092
0.921 -4.81251
0.924 -4.80413
0.927 -4.79579
0.93 -4.78749
0.933 -4.77922
0.936 -4.77099
0.939 -4.7628
0.942 -4.75464
0.945 -4.74653
0.948 -4.73845
0.951 -4.7304
0.954 -4.7224
0.957 -4.71443
0.96 -4.70651
0.963 -4.69862
0.966 -4.69077
0.969 -4.68296
0.972 -4.67519
0.975 -4.66746
0.978 -4.65977
0.981 -4.65212
0.984 -4.64451
0.987 -4.63694
0.99 -4.62941
0.993 -4.62192
0.996 -4.61447
0.999 -4.60706
1.002 -4.59969
1.005 -4.59236
1.008 -4.58507
1.011 -4.57782
1.014 -4.57061
1.017 -4.56345
1.02 -4.55632
1.023 -4.54923
1.026 -4.54219
1.029 -4.53518
1.032 -4.52821
1.035 -4.52129
1.038 -4.5144
1.041 -4.50756
1.044 -4.50075
1.047 -4.49399
1.05 -4.48726
1.053 -4.48058
1.056 -4.47393
1.059 -4.46732
1.062 -4.46076
1.065 -4.45423
1.068 -4.44774
1.071 -4.44129
1.074 -4.43488
1.077 -4.42851
1.08 -4.42218
1.083 -4.41588
1.086 -4.40963
1.089 -4.40341
1.092 -4.39723
1.095 -4.39109
1.098 -4.38498
1.101 -4.37892
1.104 -4.37289
1.107 -4.36689
1.11 -4.36094
1.113 -4.35502
1.116 -4.34914
1.119 -4.34329
1.122 -4.33748
1.125 -4.3317
1.128 -4.32597
1.131 -4.32026
1.134 -4.31459
1.137 -4.30896
1.14 -4.30336
1.143 -4.2978
1.146 -4.29227
1.149 -4.28677
1.152 -4.28131
1.155 -4.27588
1.158 -4.27049
1.161 -4.26512
1.164 -4.25979
1.167 -4.2545
1.17 -4.24923
1.173 -4.244
1.176 -4.2388
1.179 -4.23363
1.182 -4.22849
1.185 -4.22339
1.188 -4.21831
1.191 -4.21327
1.194 -4.20825
1.197 -4.20327
1.2 -4.19831
1.203 -4.19339
1.206 -4.18849
1.209 -4.18362
1.212 -4.17879
1.215 -4.17398
1.218 -4.1692
1.221 -4.16444
1.224 -4.15972
1.227 -4.15502
1.23 -4.15035
1.233 -4.14571
1.236 -4.14109
1.239 -4.1365
1.242 -4.13194
1.245 -4.1274
1.248 -4.12289
1.251 -4.1184
1.254 -4.11394
1.257 -4.1095
1.26 -4.10509
1.263 -4.1007
1.266 -4.09634
1.269 -4.092
1.272 -4.08769
1.275 -4.0834
1.278 -4.07913
1.281 -4.07488
1.284 -4.07066
1.287 -4.06646
1.29 -4.06229
1.293 -4.05813
1.296 -4.054
1.299 -4.04989
1.302 -4.0458
1.305 -4.04173
1.308 -4.03768
1.311 -4.03365
1.314 -4.02964
1.317 -4.02566
1.32 -4.02169
1.323 -4.01774
1.326 -4.01382
1.329 -4.00991
1.332 -4.00602
1.335 -4.00215
1.338 -3.9983
1.341 -3.99447
1.344 -3.99065
1.347 -3.98685
1.35 -3.98308
1.353 -3.97931
1.356 -3.97557
1.359 -3.97184
1.362 -3.96813
1.365 -3.96444
1.368 -3.96077
1.371 -3.95711
1.374 -3.95346
1.377 -3.94983
1.38 -3.94622
1.383 -3.94263
1.386 -3.93904
1.389 -3.93548
1.392 -3.93193
1.395 -3.92839
1.398 -3.92487
1.401 -3.92136
1.404 -3.91787
1.407 -3.91439
1.41 -3.91093
1.413 -3.90747
1.416 -3.90404
1.419 -3.90061
1.422 -3.8972
1.425 -3.8938
1.428 -3.89042
1.431 -3.88704
1.434 -3.88368
1.437 -3.88033
1.44 -3.877
1.443 -3.87367
1.446 -3.87036
1.449 -3.86706
1.452 -3.86377
1.455 -3.86049
1.458 -3.85723
1.461 -3.85397
1.464 -3.85072
1.467 -3.84749
1.47 -3.84427
1.473 -3.84105
1.476 -3.83785
1.479 -3.83466
1.482 -3.83147
1.485 -3.8283
1.488 -3.82514
1.491 -3.82198
1.494 -3.81884
1.497 -3.8157
1.5 -3.81257
1.503 -3.80946
1.506 -3.80635
1.509 -3.80325
1.512 -3.80016
1.515 -3.79707
1.518 -3.794
1.521 -3.79093
1.524 -3.78788
1.527 -3.78482
1.53 -3.78178
1.533 -3.77875
1.536 -3.77572
1.539 -3.7727
1.542 -3.76969
1.545 -3.76668
1.548 -3.76369
1.551 -3.7607
1.554 -3.75771
1.557 -3.75473
1.56 -3.75176
1.563 -3.7488
1.566 -3.74584
1.569 -3.74289
1.572 -3.73995
1.575 -3.73701
1.578 -3.73408
1.581 -3.73116
1.584 -3.72824
1.587 -3.72532
1.59 -3.72241
1.593 -3.71951
1.596 -3.71662
1.599 -3.71373
1.602 -3.71084
1.605 -3.70796
1.608 -3.70509
1.611 -3.70222
1.614 -3.69935
1.617 -3.6965
1.62 -3.69364
1.623 -3.69079
1.626 -3.68795
1.629 -3.68511
1.632 -3.68228
1.635 -3.67945
1.638 -3.67662
1.641 -3.6738
1.644 -3.67099
1.647 -3.66818
1.65 -3.66537
1.653 -3.66257
1.656 -3.65978
1.659 -3.65698
1.662 -3.6542
1.665 -3.65141
1.668 -3.64863
1.671 -3.64586
1.674 -3.64309
1.677 -3.64032
1.68 -3.63756
1.683 -3.6348
1.686 -3.63205
1.689 -3.6293
1.692 -3.62655
1.695 -3.62381
1.698 -3.62107
1.701 -3.61834
1.704 -3.61561
1.707 -3.61288
1.71 -3.61016
1.713 -3.60745
1.716 -3.60473
1.719 -3.60202
1.722 -3.59932
1.725 -3.59662
1.728 -3.59392
1.731 -3.59123
1.734 -3.58854
1.737 -3.58586
1.74 -3.58318
1.743 -3.5805
1.746 -3.57783
1.749 -3.57516
1.752 -3.5725
1.755 -3.56984
1.758 -3.56718
1.761 -3.56453
1.764 -3.56189
1.767 -3.55925
1.77 -3.55661
1.773 -3.55398
1.776 -3.55135
1.779 -3.54872
1.782 -3.54611
1.785 -3.54349
1.788 -3.54088
1.791 -3.53828
1.794 -3.53568
1.797 -3.53308
1.8 -3.53049
1.803 -3.52791
1.806 -3.52533
1.809 -3.52276
1.812 -3.52019
1.815 -3.51762
1.818 -3.51507
1.821 -3.51251
1.824 -3.50997
1.827 -3.50743
1.83 -3.50489
1.833 -3.50236
1.836 -3.49984
1.839 -3.49732
1.842 -3.49481
1.845 -3.49231
1.848 -3.48981
1.851 -3.48732
1.854 -3.48483
1.857 -3.48236
1.86 -3.47988
1.863 -3.47742
1.866 -3.47496
1.869 -3.47251
1.872 -3.47007
1.875 -3.46764
1.878 -3.46521
1.881 -3.46279
1.884 -3.46038
1.887 -3.45797
1.89 -3.45558
1.893 -3.45319
1.896 -3.45081
1.899 -3.44844
1.902 -3.44608
1.905 -3.44373
1.908 -3.44138
1.911 -3.43905
1.914 -3.43672
1.917 -3.43441
1.92 -3.4321
1.923 -3.4298
1.926 -3.42752
1.929 -3.42524
1.932 -3.42297
1.935 -3.42071
1.938 -3.41847
1.941 -3.41623
1.944 -3.41401
1.947 -3.41179
1.95 -3.40959
1.953 -3.4074
1.956 -3.40522
1.959 -3.40305
1.962 -3.4009
1.965 -3.39875
1.968 -3.39662
1.971 -3.3945
1.974 -3.39239
1.977 -3.3903
1.98 -3.38821
1.983 -3.38614
1.986 -3.38409
1.989 -3.38204
1.992 -3.38001
1.995 -3.378
1.998 -3.37599
2.001 -3.37401
2.004 -3.37203
2.007 -3.37007
2.01 -3.36812
2.013 -3.36619
2.016 -3.36428
2.019 -3.36237
2.022 -3.36049
2.025 -3.35862
2.028 -3.35676
2.031 -3.35492
2.034 -3.35309
2.037 -3.35128
2.04 -3.34949
2.043 -3.34771
2.046 -3.34595
2.049 -3.3442
2.052 -3.34247
2.055 -3.34076
2.058 -3.33907
2.061 -3.33739
2.064 -3.33573
2.067 -3.33408
2.07 -3.33246
2.073 -3.33085
2.076 -3.32925
2.079 -3.32768
2.082 -3.32612
2.085 -3.32458
2.088 -3.32306
2.091 -3.32156
2.094 -3.32007
2.097 -3.31861
2.1 -3.31716
2.103 -3.31573
2.106 -3.31432
2.109 -3.31292
2.112 -3.31155
2.115 -3.31019
2.118 -3.30886
2.121 -3.30754
2.124 -3.30624
2.127 -3.30496
2.13 -3.3037
2.133 -3.30246
2.136 -3.30124
2.139 -3.30003
2.142 -3.29885
2.145 -3.29768
2.148 -3.29654
2.151 -3.29541
2.154 -3.29431
2.157 -3.29322
2.16 -3.29215
2.163 -3.29111
2.166 -3.29008
2.169 -3.28907
2.172 -3.28808
2.175 -3.28711
2.178 -3.28616
2.181 -3.28523
2.184 -3.28432
2.187 -3.28343
2.19 -3.28256
2.193 -3.28171
2.196 -3.28087
2.199 -3.28006
2.202 -3.27927
2.205 -3.27849
2.208 -3.27773
2.211 -3.277
2.214 -3.27628
2.217 -3.27558
2.22 -3.2749
2.223 -3.27424
2.226 -3.2736
2.229 -3.27298
2.232 -3.27238
2.235 -3.27179
2.238 -3.27123
2.241 -3.27068
2.244 -3.27015
2.247 -3.26964
2.25 -3.26915
2.253 -3.26868
2.256 -3.26822
2.259 -3.26778
2.262 -3.26736
2.265 -3.26696
2.268 -3.26658
2.271 -3.26621
2.274 -3.26586
2.277 -3.26553
2.28 -3.26521
2.283 -3.26492
2.286 -3.26464
2.289 -3.26437
2.292 -3.26413
2.295 -3.2639
2.298 -3.26368
2.301 -3.26348
2.304 -3.2633
2.307 -3.26314
2.31 -3.26299
2.313 -3.26285
2.316 -3.26274
2.319 -3.26263
2.322 -3.26255
2.325 -3.26248
2.328 -3.26242
2.331 -3.26238
2.334 -3.26235
2.337 -3.26234
2.34 -3.26234
2.343 -3.26235
2.346 -3.26238
2.349 -3.26243
2.352 -3.26248
2.355 -3.26255
2.358 -3.26264
2.361 -3.26274
2.364 -3.26285
2.367 -3.26297
2.37 -3.26311
2.373 -3.26326
2.376 -3.26342
2.379 -3.26359
2.382 -3.26378
2.385 -3.26398
2.388 -3.26418
2.391 -3.26441
2.394 -3.26464
2.397 -3.26488
2.4 -3.26514
2.403 -3.2654
2.406 -3.26568
2.409 -3.26597
2.412 -3.26626
2.415 -3.26657
2.418 -3.26689
2.421 -3.26722
2.424 -3.26756
2.427 -3.2679
2.43 -3.26826
2.433 -3.26863
2.436 -3.269
2.439 -3.26939
2.442 -3.26978
2.445 -3.27018
2.448 -3.27059
2.451 -3.27101
2.454 -3.27144
2.457 -3.27187
2.46 -3.27231
2.463 -3.27276
2.466 -3.27322
2.469 -3.27369
2.472 -3.27416
2.475 -3.27464
2.478 -3.27512
2.481 -3.27562
2.484 -3.27612
2.487 -3.27662
2.49 -3.27714
2.493 -3.27766
2.496 -3.27818
2.499 -3.27871
2.502 -3.27925
2.505 -3.27979
2.508 -3.28034
2.511 -3.28089
2.514 -3.28145
2.517 -3.28202
2.52 -3.28258
2.523 -3.28316
2.526 -3.28374
2.529 -3.28432
2.532 -3.28491
2.535 -3.2855
2.538 -3.2861
2.541 -3.2867
2.544 -3.2873
2.547 -3.28791
2.55 -3.28852
2.553 -3.28914
2.556 -3.28976
2.559 -3.29038
2.562 -3.29101
2.565 -3.29164
2.568 -3.29227
2.571 -3.2929
2.574 -3.29354
2.577 -3.29418
2.58 -3.29483
2.583 -3.29547
2.586 -3.29612
2.589 -3.29677
2.592 -3.29743
2.595 -3.29808
2.598 -3.29874
2.601 -3.2994
2.604 -3.30006
2.607 -3.30073
2.61 -3.30139
2.613 -3.30206
2.616 -3.30273
2.619 -3.3034
2.622 -3.30407
2.625 -3.30474
2.628 -3.30542
2.631 -3.30609
2.634 -3.30677
2.637 -3.30745
2.64 -3.30812
2.643 -3.3088
2.646 -3.30948
2.649 -3.31017
2.652 -3.31085
2.655 -3.31153
2.658 -3.31221
2.661 -3.31289
2.664 -3.31358
2.667 -3.31426
2.67 -3.31495
2.673 -3.31563
2.676 -3.31631
2.679 -3.317
2.682 -3.31768
2.685 -3.31837
2.688 -3.31905
2.691 -3.31974
2.694 -3.32042
2.697 -3.3211
2.7 -3.32179
2.703 -3.32247
2.706 -3.32315
2.709 -3.32384
2.712 -3.32452
2.715 -3.3252
2.718 -3.32588
2.721 -3.32656
2.724 -3.32724
2.727 -3.32792
2.73 -3.3286
2.733 -3.32927
2.736 -3.32995
2.739 -3.33063
2.742 -3.3313
2.745 -3.33197
2.748 -3.33265
2.751 -3.33332
2.754 -3.33399
2.757 -3.33466
2.76 -3.33533
2.763 -3.33599
2.766 -3.33666
2.769 -3.33732
2.772 -3.33799
2.775 -3.33865
2.778 -3.33931
2.781 -3.33997
2.784 -3.34063
2.787 -3.34128
2.79 -3.34194
2.793 -3.34259
2.796 -3.34325
2.799 -3.3439
2.802 -3.34455
2.805 -3.34519
2.808 -3.34584
2.811 -3.34649
2.814 -3.34713
2.817 -3.34777
2.82 -3.34841
2.823 -3.34905
2.826 -3.34968
2.829 -3.35032
2.832 -3.35095
2.835 -3.35158
2.838 -3.35221
2.841 -3.35284
2.844 -3.35347
2.847 -3.35409
2.85 -3.35471
2.853 -3.35533
2.856 -3.35595
2.859 -3.35657
2.862 -3.35718
2.865 -3.3578
2.868 -3.35841
2.871 -3.35902
2.874 -3.35963
2.877 -3.36023
2.88 -3.36083
2.883 -3.36144
2.886 -3.36204
2.889 -3.36263
2.892 -3.36323
2.895 -3.36382
2.898 -3.36442
2.901 -3.36501
2.904 -3.36559
2.907 -3.36618
2.91 -3.36676
2.913 -3.36735
2.916 -3.36792
2.919 -3.3685
2.922 -3.36908
2.925 -3.36965
2.928 -3.37022
2.931 -3.37079
2.934 -3.37136
2.937 -3.37193
2.94 -3.37249
2.943 -3.37305
2.946 -3.37361
2.949 -3.37417
2.952 -3.37472
2.955 -3.37528
2.958 -3.37583
2.961 -3.37638
2.964 -3.37693
2.967 -3.37747
2.97 -3.37801
2.973 -3.37855
2.976 -3.37909
2.979 -3.37963
2.982 -3.38016
2.985 -3.3807
2.988 -3.38123
2.991 -3.38176
2.994 -3.38228
2.997 -3.38281
3 -3.38333
3.001 -10
