0 -10
0.003 -7.31502
0.006 -7.31415
0.009 -7.31327
0.012 -7.31239
0.015 -7.3115
0.018 -7.31061
0.021 -7.30971
0.024 -7.30881
0.027 -7.3079
0.03 -7.30699
0.033 -7.30607
0.036 -7.30515
0.039 -7.30423
0.042 -7.30329
0.045 -7.30236
0.048 -7.30142
0.051 -7.30047
0.054 -7.29952
0.057 -7.29856
0.06 -7.2976
0.063 -7.29663
0.066 -7.29566
0.069 -7.29469
0.072 -7.2937
0.075 -7.29272
0.078 -7.29173
0.081 -7.29073
0.084 -7.28973
0.087 -7.28872
0.09 -7.28771
0.093 -7.28669
0.096 -7.28567
0.099 -7.28464
0.102 -7.28361
0.105 -7.28257
0.108 -7.28153
0.111 -7.28048
0.114 -7.27943
0.117 -7.27837
0.12 -7.27731
0.123 -7.27624
0.126 -7.27517
0.129 -7.27409
0.132 -7.27301
0.135 -7.27192
0.138 -7.27082
0.141 -7.26972
0.144 -7.26862
0.147 -7.26751
0.15 -7.2664
0.153 -7.26528
0.156 -7.26415
0.159 -7.26302
0.162 -7.26189
0.165 -7.26075
0.168 -7.2596
0.171 -7.25845
0.174 -7.25729
0.177 -7.25613
0.18 -7.25497
0.183 -7.25379
0.186 -7.25262
0.189 -7.25144
0.192 -7.25025
0.195 -7.24906
0.198 -7.24786
0.201 -7.24665
0.204 -7.24545
0.207 -7.24423
0.21 -7.24301
0.213 -7.24179
0.216 -7.24056
0.219 -7.23933
0.222 -7.23809
0.225 -7.23684
0.228 -7.23559
0.231 -7.23434
0.234 -7.23308
0.237 -7.23181
0.24 -7.23054
0.243 -7.22926
0.246 -7.22798
0.249 -7.22669
0.252 -7.2254
0.255 -7.2241
0.258 -7.2228
0.261 -7.22149
0.264 -7.22018
0.267 -7.21886
0.27 -7.21754
0.273 -7.21621
0.276 -7.21488
0.279 -7.21354
0.282 -7.21219
0.285 -7.21084
0.288 -7.20949
0.291 -7.20813
0.294 -7.20676
0.297 -7.20539
0.3 -7.20401
0.303 -7.20263
0.306 -7.20124
0.309 -7.19985
0.312 -7.19845
0.315 -7.19705
0.318 -7.19564
0.321 -7.19423
0.324 -7.19281
0.327 -7.19139
0.33 -7.18996
0.333 -7.18853
0.336 -7.18709
0.339 -7.18564
0.342 -7.18419
0.345 -7.18274
0.348 -7.18127
0.351 -7.17981
0.354 -7.17834
0.357 -7.17686
0.36 -7.17538
0.363 -7.17389
0.366 -7.1724
0.369 -7.1709
0.372 -7.1694
0.375 -7.16789
0.378 -7.16638
0.381 -7.16486
0.384 -7.16334
0.387 -7.16181
0.39 -7.16027
0.393 -7.15873
0.396 -7.15719
0.399 -7.15564
0.402 -7.15408
0.405 -7.15252
0.408 -7.15096
0.411 -7.14939
0.414 -7.14781
0.417 -7.14623
0.42 -7.14464
0.423 -7.14305
0.426 -7.14145
0.429 -7.13985
0.432 -7.13824
0.435 -7.13663
0.438 -7.13501
0.441 -7.13338
0.444 -7.13175
0.447 -7.13012
0.45 -7.12848
0.453 -7.12683
0.456 -7.12518
0.459 -7.12353
0.462 -7.12187
0.465 -7.1202
0.468 -7.11853
0.471 -7.11685
0.474 -7.11517
0.477 -7.11348
0.48 -7.11179
0.483 -7.11009
0.486 -7.10839
0.489 -7.10668
0.492 -7.10496
0.495 -7.10324
0.498 -7.10152
0.501 -7.09979
0.504 -7.09805
0.507 -7.09631
0.51 -7.09457
0.513 -7.09281
0.516 -7.09106
0.519 -7.0893
0.522 -7.08753
0.525 -7.08575
0.528 -7.08398
0.531 -7.08219
0.534 -7.0804
0.537 -7.07861
0.54 -7.07681
0.543 -7.075
0.546 -7.07319
0.549 -7.07138
0.552 -7.06956
0.555 -7.06773
0.558 -7.0659
0.561 -7.06406
0.564 -7.06222
0.567 -7.06037
0.57 -7.05851
0.573 -7.05666
0.576 -7.05479
0.579 -7.05292
0.582 -7.05104
0.585 -7.04916
0.588 -7.04728
0.591 -7.04539
0.594 -7.04349
0.597 -7.04159
0.6 -7.03968
0.603 -7.03776
0.606 -7.03584
0.609 -7.03392
0.612 -7.03199
0.615 -7.03005
0.618 -7.02811
0.621 -7.02617
0.624 -7.02421
0.627 -7.02226
0.63 -7.02029
0.633 -7.01832
0.636 -7.01635
0.639 -7.01437
0.642 -7.01238
0.645 -7.01039
0.648 -7.0084
0.651 -7.00639
0.654 -7.00439
0.657 -7.00237
0.66 -7.00035
0.663 -6.99833
0.666 -6.9963
0.669 -6.99426
0.672 -6.99222
0.675 -6.99018
0.678 -6.98812
0.681 -6.98607
0.684 -6.984
0.687 -6.98193
0.69 -6.97986
0.693 -6.97778
0.696 -6.97569
0.699 -6.9736
0.702 -6.9715
0.705 -6.9694
0.708 -6.96729
0.711 -6.96517
0.714 -6.96305
0.717 -6.96093
0.72 -6.9588
0.723 -6.95666
0.726 -6.95452
0.729 -6.95237
0.732 -6.95021
0.735 -6.94805
0.738 -6.94589
0.741 -6.94371
0.744 -6.94154
0.747 -6.93935
0.75 -6.93716
0.753 -6.93497
0.756 -6.93277
0.759 -6.93056
0.762 -6.92835
0.765 -6.92613
0.768 -6.92391
0.771 -6.92168
0.774 -6.91944
0.777 -6.9172
0.78 -6.91496
0.783 -6.9127
0.786 -6.91045
0.789 -6.90818
0.792 -6.90591
0.795 -6.90364
0.798 -6.90135
0.801 -6.89907
0.804 -6.89677
0.807 -6.89447
0.81 -6.89217
0.813 -6.88986
0.816 -6.88754
0.819 -6.88522
0.822 -6.88289
0.825 -6.88055
0.828 -6.87821
0.831 -6.87587
0.834 -6.87351
0.837 -6.87116
0.84 -6.86879
0.843 -6.86642
0.846 -6.86404
0.849 -6.86166
0.852 -6.85927
0.855 -6.85688
0.858 -6.85448
0.861 -6.85207
0.864 -6.84966
0.867 -6.84724
0.87 -6.84482
0.873 -6.84239
0.876 -6.83995
0.879 -6.83751
0.882 -6.83506
0.885 -6.83261
0.888 -6.83015
0.891 -6.82768
0.894 -6.82521
0.897 -6.82273
0.9 -6.82025
0.903 -6.81776
0.906 -6.81526
0.909 -6.81276
0.912 -6.81025
0.915 -6.80773
0.918 -6.80521
0.921 -6.80268
0.924 -6.80015
0.927 -6.79761
0.93 -6.79506
0.933 -6.79251
0.936 -6.78995
0.939 -6.78739
0.942 -6.78482
0.945 -6.78224
0.948 -6.77966
0.951 -6.77707
0.954 -6.77447
0.957 -6.77187
0.96 -6.76926
0.963 -6.76664
0.966 -6.76402
0.969 -6.76139
0.972 -6.75876
0.975 -6.75612
0.978 -6.75347
0.981 -6.75081
0.984 -6.74815
0.987 -6.74549
0.99 -6.74281
0.993 -6.74013
0.996 -6.73745
0.999 -6.73475
1.002 -6.73205
1.005 -6.72934
1.008 -6.72663
1.011 -6.72391
1.014 -6.72118
1.017 -6.71845
1.02 -6.71571
1.023 -6.71296
1.026 -6.71021
1.029 -6.70745
1.032 -6.70468
1.035 -6.7019
1.038 -6.69912
1.041 -6.69633
1.044 -6.69353
1.047 -6.69073
1.05 -6.68792
1.053 -6.6851
1.056 -6.68228
1.059 -6.67944
1.062 -6.6766
1.065 -6.67376
1.068 -6.6709
1.071 -6.66804
1.074 -6.66517
1.077 -6.66229
1.08 -6.65941
1.083 -6.65652
1.086 -6.65362
1.089 -6.65071
1.092 -6.64779
1.095 -6.64487
1.098 -6.64194
1.101 -6.639
1.104 -6.63605
1.107 -6.63309
1.11 -6.63013
1.113 -6.62716
1.116 -6.62418
1.119 -6.62119
1.122 -6.61819
1.125 -6.61519
1.128 -6.61217
1.131 -6.60915
1.134 -6.60612
1.137 -6.60308
1.14 -6.60003
1.143 -6.59697
1.146 -6.59391
1.149 -6.59083
1.152 -6.58775
1.155 -6.58465
1.158 -6.58155
1.161 -6.57843
1.164 -6.57531
1.167 -6.57218
1.17 -6.56904
1.173 -6.56589
1.176 -6.56272
1.179 -6.55955
1.182 -6.55637
1.185 -6.55318
1.188 -6.54998
1.191 -6.54677
1.194 -6.54354
1.197 -6.54031
1.2 -6.53707
1.203 -6.53381
1.206 -6.53055
1.209 -6.52727
1.212 -6.52398
1.215 -6.52068
1.218 -6.51737
1.221 -6.51405
1.224 -6.51071
1.227 -6.50737
1.23 -6.50401
1.233 -6.50064
1.236 -6.49726
1.239 -6.49386
1.242 -6.49046
1.245 -6.48704
1.248 -6.48361
1.251 -6.48016
1.254 -6.4767
1.257 -6.47323
1.26 -6.46974
1.263 -6.46625
1.266 -6.46273
1.269 -6.45921
1.272 -6.45567
1.275 -6.45211
1.278 -6.44854
1.281 -6.44496
1.284 -6.44136
1.287 -6.43774
1.29 -6.43412
1.293 -6.43047
1.296 -6.42681
1.299 -6.42314
1.302 -6.41944
1.305 -6.41574
1.308 -6.41201
1.311 -6.40827
1.314 -6.40451
1.317 -6.40074
1.32 -6.39695
1.323 -6.39314
1.326 -6.38931
1.329 -6.38546
1.332 -6.3816
1.335 -6.37772
1.338 -6.37382
1.341 -6.3699
1.344 -6.36596
1.347 -6.362
1.35 -6.35802
1.353 -6.35402
1.356 -6.35
1.359 -6.34596
1.362 -6.3419
1.365 -6.33782
1.368 -6.33372
1.371 -6.32959
1.374 -6.32545
1.377 -6.32128
1.38 -6.31709
1.383 -6.31287
1.386 -6.30863
1.389 -6.30437
1.392 -6.30009
1.395 -6.29578
1.398 -6.29144
1.401 -6.28708
1.404 -6.2827
1.407 -6.27829
1.41 -6.27385
1.413 -6.26939
1.416 -6.2649
1.419 -6.26038
1.422 -6.25583
1.425 -6.25126
1.428 -6.24666
1.431 -6.24203
1.434 -6.23737
1.437 -6.23268
1.44 -6.22796
1.443 -6.22321
1.446 -6.21843
1.449 -6.21362
1.452 -6.20878
1.455 -6.2039
1.458 -6.19899
1.461 -6.19405
1.464 -6.18908
1.467 -6.18407
1.47 -6.17902
1.473 -6.17394
1.476 -6.16883
1.479 -6.16368
1.482 -6.15849
1.485 -6.15326
1.488 -6.148
1.491 -6.1427
1.494 -6.13736
1.497 -6.13198
1.5 -6.12656
1.503 -6.1211
1.506 -6.1156
1.509 -6.11006
1.512 -6.10447
1.515 -6.09884
1.518 -6.09317
1.521 -6.08745
1.524 -6.08169
1.527 -6.07589
1.53 -6.07003
1.533 -6.06413
1.536 -6.05819
1.539 -6.05219
1.542 -6.04615
1.545 -6.04005
1.548 -6.03391
1.551 -6.02771
1.554 -6.02147
1.557 -6.01517
1.56 -6.00882
1.563 -6.00241
1.566 -5.99595
1.569 -5.98943
1.572 -5.98286
1.575 -5.97623
1.578 -5.96954
1.581 -5.9628
1.584 -5.95599
1.587 -5.94913
1.59 -5.9422
1.593 -5.93521
1.596 -5.92816
1.599 -5.92104
1.602 -5.91387
1.605 -5.90662
1.608 -5.89931
1.611 -5.89193
1.614 -5.88449
1.617 -5.87697
1.62 -5.86939
1.623 -5.86173
1.626 -5.85401
1.629 -5.84621
1.632 -5.83834
1.635 -5.83039
1.638 -5.82237
1.641 -5.81427
1.644 -5.80609
1.647 -5.79784
1.65 -5.78951
1.653 -5.78109
1.656 -5.7726
1.659 -5.76402
1.662 -5.75536
1.665 -5.74662
1.668 -5.73779
1.671 -5.72888
1.674 -5.71988
1.677 -5.71079
1.68 -5.70161
1.683 -5.69234
1.686 -5.68299
1.689 -5.67354
1.692 -5.66399
1.695 -5.65436
1.698 -5.64463
1.701 -5.6348
1.704 -5.62488
1.707 -5.61486
1.71 -5.60474
1.713 -5.59452
1.716 -5.58421
1.719 -5.57379
1.722 -5.56327
1.725 -5.55265
1.728 -5.54192
1.731 -5.53109
1.734 -5.52016
1.737 -5.50912
1.74 -5.49797
1.743 -5.48672
1.746 -5.47535
1.749 -5.46388
1.752 -5.4523
1.755 -5.44062
1.758 -5.42882
1.761 -5.41691
1.764 -5.40489
1.767 -5.39276
1.77 -5.38051
1.773 -5.36816
1.776 -5.35569
1.779 -5.34311
1.782 -5.33042
1.785 -5.31761
1.788 -5.30469
1.791 -5.29166
1.794 -5.27851
1.797 -5.26526
1.8 -5.25189
1.803 -5.2384
1.806 -5.22481
1.809 -5.2111
1.812 -5.19728
1.815 -5.18335
1.818 -5.16932
1.821 -5.15517
1.824 -5.14091
1.827 -5.12655
1.83 -5.11208
1.833 -5.0975
1.836 -5.08282
1.839 -5.06803
1.842 -5.05315
1.845 -5.03816
1.848 -5.02308
1.851 -5.00789
1.854 -4.99261
1.857 -4.97724
1.86 -4.96178
1.863 -4.94622
1.866 -4.93058
1.869 -4.91485
1.872 -4.89904
1.875 -4.88315
1.878 -4.86718
1.881 -4.85113
1.884 -4.83501
1.887 -4.81882
1.89 -4.80257
1.893 -4.78624
1.896 -4.76986
1.899 -4.75342
1.902 -4.73693
1.905 -4.72038
1.908 -4.70379
1.911 -4.68715
1.914 -4.67047
1.917 -4.65375
1.92 -4.637
1.923 -4.62022
1.926 -4.60341
1.929 -4.58658
1.932 -4.56973
1.935 -4.55287
1.938 -4.536
1.941 -4.51912
1.944 -4.50224
1.947 -4.48537
1.95 -4.46849
1.953 -4.45163
1.956 -4.43478
1.959 -4.41795
1.962 -4.40115
1.965 -4.38436
1.968 -4.36761
1.971 -4.3509
1.974 -4.33422
1.977 -4.31758
1.98 -4.30099
1.983 -4.28444
1.986 -4.26795
1.989 -4.25152
1.992 -4.23515
1.995 -4.21884
1.998 -4.2026
2.001 -4.18643
2.004 -4.17033
2.007 -4.15431
2.01 -4.13837
2.013 -4.12251
2.016 -4.10673
2.019 -4.09105
2.022 -4.07545
2.025 -4.05995
2.028 -4.04454
2.031 -4.02923
2.034 -4.01402
2.037 -3.99891
2.04 -3.9839
2.043 -3.969
2.046 -3.95421
2.049 -3.93952
2.052 -3.92494
2.055 -3.91048
2.058 -3.89613
2.061 -3.88188
2.064 -3.86776
2.067 -3.85375
2.07 -3.83985
2.073 -3.82607
2.076 -3.81241
2.079 -3.79886
2.082 -3.78544
2.085 -3.77213
2.088 -3.75894
2.091 -3.74587
2.094 -3.73292
2.097 -3.72009
2.1 -3.70737
2.103 -3.69478
2.106 -3.68231
2.109 -3.66995
2.112 -3.65772
2.115 -3.6456
2.118 -3.63361
2.121 -3.62173
2.124 -3.60997
2.127 -3.59833
2.13 -3.58681
2.133 -3.57541
2.136 -3.56413
2.139 -3.55297
2.142 -3.54192
2.145 -3.53099
2.148 -3.52018
2.151 -3.50949
2.154 -3.49892
2.157 -3.48846
2.16 -3.47813
2.163 -3.46791
2.166 -3.45781
2.169 -3.44783
2.172 -3.43796
2.175 -3.42822
2.178 -3.41859
2.181 -3.40909
2.184 -3.3997
2.187 -3.39044
2.19 -3.38129
2.193 -3.37227
2.196 -3.36336
2.199 -3.35458
2.202 -3.34592
2.205 -3.33738
2.208 -3.32897
2.211 -3.32067
2.214 -3.3125
2.217 -3.30446
2.22 -3.29654
2.223 -3.28874
2.226 -3.28107
2.229 -3.27352
2.232 -3.26611
2.235 -3.25881
2.238 -3.25165
2.241 -3.24461
2.244 -3.2377
2.247 -3.23092
2.25 -3.22426
2.253 -3.21774
2.256 -3.21134
2.259 -3.20507
2.262 -3.19893
2.265 -3.19292
2.268 -3.18703
2.271 -3.18128
2.274 -3.17565
2.277 -3.17016
2.28 -3.16479
2.283 -3.15954
2.286 -3.15443
2.289 -3.14944
2.292 -3.14458
2.295 -3.13985
2.298 -3.13524
2.301 -3.13076
2.304 -3.1264
2.307 -3.12217
2.31 -3.11805
2.313 -3.11406
2.316 -3.11019
2.319 -3.10644
2.322 -3.10281
2.325 -3.0993
2.328 -3.0959
2.331 -3.09262
2.334 -3.08946
2.337 -3.08641
2.34 -3.08346
2.343 -3.08063
2.346 -3.07791
2.349 -3.0753
2.352 -3.07279
2.355 -3.07039
2.358 -3.06809
2.361 -3.06589
2.364 -3.0638
2.367 -3.0618
2.37 -3.0599
2.373 -3.05809
2.376 -3.05638
2.379 -3.05476
2.382 -3.05323
2.385 -3.05179
2.388 -3.05044
2.391 -3.04917
2.394 -3.04799
2.397 -3.04689
2.4 -3.04587
2.403 -3.04493
2.406 -3.04406
2.409 -3.04327
2.412 -3.04256
2.415 -3.04192
2.418 -3.04135
2.421 -3.04084
2.424 -3.04041
2.427 -3.04004
2.43 -3.03973
2.433 -3.03949
2.436 -3.03931
2.439 -3.03919
2.442 -3.03912
2.445 -3.03911
2.448 -3.03916
2.451 -3.03926
2.454 -3.03941
2.457 -3.03962
2.46 -3.03987
2.463 -3.04017
2.466 -3.04052
2.469 -3.04091
2.472 -3.04134
2.475 -3.04182
2.478 -3.04234
2.481 -3.0429
2.484 -3.04349
2.487 -3.04413
2.49 -3.0448
2.493 -3.0455
2.496 -3.04624
2.499 -3.04701
2.502 -3.04782
2.505 -3.04865
2.508 -3.04952
2.511 -3.05041
2.514 -3.05133
2.517 -3.05227
2.52 -3.05325
2.523 -3.05424
2.526 -3.05526
2.529 -3.0563
2.532 -3.05737
2.535 -3.05845
2.538 -3.05956
2.541 -3.06068
2.544 -3.06183
2.547 -3.06299
2.55 -3.06417
2.553 -3.06536
2.556 -3.06657
2.559 -3.06779
2.562 -3.06903
2.565 -3.07028
2.568 -3.07155
2.571 -3.07282
2.574 -3.07411
2.577 -3.07541
2.58 -3.07672
2.583 -3.07804
2.586 -3.07937
2.589 -3.08071
2.592 -3.08205
2.595 -3.0834
2.598 -3.08476
2.601 -3.08613
2.604 -3.0875
2.607 -3.08888
2.61 -3.09027
2.613 -3.09166
2.616 -3.09305
2.619 -3.09445
2.622 -3.09585
2.625 -3.09725
2.628 -3.09866
2.631 -3.10007
2.634 -3.10148
2.637 -3.1029
2.64 -3.10431
2.643 -3.10573
2.646 -3.10715
2.649 -3.10857
2.652 -3.10999
2.655 -3.11141
2.658 -3.11283
2.661 -3.11425
2.664 -3.11566
2.667 -3.11708
2.67 -3.1185
2.673 -3.11991
2.676 -3.12133
2.679 -3.12274
2.682 -3.12415
2.685 -3.12556
2.688 -3.12697
2.691 -3.12837
2.694 -3.12977
2.697 -3.13117
2.7 -3.13257
2.703 -3.13396
2.706 -3.13535
2.709 -3.13673
2.712 -3.13812
2.715 -3.13949
2.718 -3.14087
2.721 -3.14224
2.724 -3.14361
2.727 -3.14497
2.73 -3.14633
2.733 -3.14769
2.736 -3.14904
2.739 -3.15038
2.742 -3.15172
2.745 -3.15306
2.748 -3.15439
2.751 -3.15572
2.754 -3.15704
2.757 -3.15836
2.76 -3.15967
2.763 -3.16098
2.766 -3.16228
2.769 -3.16358
2.772 -3.16487
2.775 -3.16615
2.778 -3.16744
2.781 -3.16871
2.784 -3.16998
2.787 -3.17125
2.79 -3.17251
2.793 -3.17376
2.796 -3.17501
2.799 -3.17625
2.802 -3.17749
2.805 -3.17872
2.808 -3.17994
2.811 -3.18116
2.814 -3.18238
2.817 -3.18359
2.82 -3.18479
2.823 -3.18598
2.826 -3.18718
2.829 -3.18836
2.832 -3.18954
2.835 -3.19071
2.838 -3.19188
2.841 -3.19304
2.844 -3.1942
2.847 -3.19535
2.85 -3.1965
2.853 -3.19763
2.856 -3.19877
2.859 -3.19989
2.862 -3.20102
2.865 -3.20213
2.868 -3.20324
2.871 -3.20434
2.874 -3.20544
2.877 -3.20653
2.88 -3.20762
2.883 -3.2087
2.886 -3.20978
2.889 -3.21085
2.892 -3.21191
2.895 -3.21297
2.898 -3.21402
2.901 -3.21507
2.904 -3.21611
2.907 -3.21714
2.91 -3.21817
2.913 -3.21919
2.916 -3.22021
2.919 -3.22123
2.922 -3.22223
2.925 -3.22323
2.928 -3.22423
2.931 -3.22522
2.934 -3.22621
2.937 -3.22718
2.94 -3.22816
2.943 -3.22913
2.946 -3.23009
2.949 -3.23105
2.952 -3.232
2.955 -3.23295
2.958 -3.23389
2.961 -3.23483
2.964 -3.23576
2.967 -3.23668
2.97 -3.2376
2.973 -3.23852
2.976 -3.23943
2.979 -3.24034
2.982 -3.24124
2.985 -3.24213
2.988 -3.24302
2.991 -3.24391
2.994 -3.24479
2.997 -3.24566
3 -3.24653
3.001 -10
