0 5
0.003 3.82056
0.006 3.82044
0.009 3.82031
0.012 3.82019
0.015 3.82007
0.018 3.81994
0.021 3.81982
0.024 3.81969
0.027 3.81957
0.03 3.81944
0.033 3.81931
0.036 3.81918
0.039 3.81906
0.042 3.81893
0.045 3.8188
0.048 3.81866
0.051 3.81853
0.054 3.8184
0.057 3.81827
0.06 3.81813
0.063 3.818
0.066 3.81786
0.069 3.81773
0.072 3.81759
0.075 3.81745
0.078 3.81732
0.081 3.81718
0.084 3.81704
0.087 3.8169
0.09 3.81676
0.093 3.81662
0.096 3.81648
0.099 3.81633
0.102 3.81619
0.105 3.81605
0.108 3.8159
0.111 3.81576
0.114 3.81561
0.117 3.81546
0.12 3.81532
0.123 3.81517
0.126 3.81502
0.129 3.81487
0.132 3.81472
0.135 3.81457
0.138 3.81442
0.141 3.81426
0.144 3.81411
0.147 3.81396
0.15 3.8138
0.153 3.81365
0.156 3.81349
0.159 3.81334
0.162 3.81318
0.165 3.81302
0.168 3.81286
0.171 3.8127
0.174 3.81254
0.177 3.81238
0.18 3.81222
0.183 3.81206
0.186 3.8119
0.189 3.81173
0.192 3.81157
0.195 3.8114
0.198 3.81124
0.201 3.81107
0.204 3.8109
0.207 3.81074
0.21 3.81057
0.213 3.8104
0.216 3.81023
0.219 3.81006
0.222 3.80989
0.225 3.80972
0.228 3.80954
0.231 3.80937
0.234 3.8092
0.237 3.80902
0.24 3.80885
0.243 3.80867
0.246 3.80849
0.249 3.80832
0.252 3.80814
0.255 3.80796
0.258 3.80778
0.261 3.8076
0.264 3.80742
0.267 3.80724
0.27 3.80705
0.273 3.80687
0.276 3.80669
0.279 3.8065
0.282 3.80632
0.285 3.80613
0.288 3.80594
0.291 3.80576
0.294 3.80557
0.297 3.80538
0.3 3.80519
0.303 3.805
0.306 3.80481
0.309 3.80462
0.312 3.80443
0.315 3.80423
0.318 3.80404
0.321 3.80385
0.324 3.80365
0.327 3.80345
0.33 3.80326
0.333 3.80306
0.336 3.80286
0.339 3.80266
0.342 3.80247
0.345 3.80227
0.348 3.80207
0.351 3.80186
0.354 3.80166
0.357 3.80146
0.36 3.80126
0.363 3.80105
0.366 3.80085
0.369 3.80064
0.372 3.80044
0.375 3.80023
0.378 3.80002
0.381 3.79981
0.384 3.79961
0.387 3.7994
0.39 3.79919
0.393 3.79897
0.396 3.79876
0.399 3.79855
0.402 3.79834
0.405 3.79812
0.408 3.79791
0.411 3.79769
0.414 3.79748
0.417 3.79726
0.42 3.79705
0.423 3.79683
0.426 3.79661
0.429 3.79639
0.432 3.79617
0.435 3.79595
0.438 3.79573
0.441 3.79551
0.444 3.79528
0.447 3.79506
0.45 3.79484
0.453 3.79461
0.456 3.79439
0.459 3.79416
0.462 3.79393
0.465 3.79371
0.468 3.79348
0.471 3.79325
0.474 3.79302
0.477 3.79279
0.48 3.79256
0.483 3.79233
0.486 3.79209
0.489 3.79186
0.492 3.79163
0.495 3.79139
0.498 3.79116
0.501 3.79092
0.504 3.79069
0.507 3.79045
0.51 3.79021
0.513 3.78997
0.516 3.78973
0.519 3.78949
0.522 3.78925
0.525 3.78901
0.528 3.78877
0.531 3.78853
0.534 3.78829
0.537 3.78804
0.54 3.7878
0.543 3.78755
0.546 3.78731
0.549 3.78706
0.552 3.78681
0.555 3.78656
0.558 3.78631
0.561 3.78607
0.564 3.78582
0.567 3.78556
0.57 3.78531
0.573 3.78506
0.576 3.78481
0.579 3.78455
0.582 3.7843
0.585 3.78405
0.588 3.78379
0.591 3.78353
0.594 3.78328
0.597 3.78302
0.6 3.78276
0.603 3.7825
0.606 3.78224
0.609 3.78198
0.612 3.78172
0.615 3.78146
0.618 3.78119
0.621 3.78093
0.624 3.78067
0.627 3.7804
0.63 3.78014
0.633 3.77987
0.636 3.7796
0.639 3.77934
0.642 3.77907
0.645 3.7788
0.648 3.77853
0.651 3.77826
0.654 3.77799
0.657 3.77772
0.66 3.77745
0.663 3.77717
0.666 3.7769
0.669 3.77662
0.672 3.77635
0.675 3.77607
0.678 3.7758
0.681 3.77552
0.684 3.77524
0.687 3.77496
0.69 3.77468
0.693 3.7744
0.696 3.77412
0.699 3.77384
0.702 3.77356
0.705 3.77327
0.708 3.77299
0.711 3.77271
0.714 3.77242
0.717 3.77214
0.72 3.77185
0.723 3.77156
0.726 3.77127
0.729 3.77099
0.732 3.7707
0.735 3.77041
0.738 3.77012
0.741 3.76982
0.744 3.76953
0.747 3.76924
0.75 3.76895
0.753 3.76865
0.756 3.76836
0.759 3.76806
0.762 3.76776
0.765 3.76747
0.768 3.76717
0.771 3.76687
0.774 3.76657
0.777 3.76627
0.78 3.76597
0.783 3.76567
0.786 3.76537
0.789 3.76506
0.792 3.76476
0.795 3.76445
0.798 3.76415
0.801 3.76384
0.804 3.76354
0.807 3.76323
0.81 3.76292
0.813 3.76261
0.816 3.7623
0.819 3.76199
0.822 3.76168
0.825 3.76137
0.828 3.76106
0.831 3.76075
0.834 3.76043
0.837 3.76012
0.84 3.7598
0.843 3.75949
0.846 3.75917
0.849 3.75885
0.852 3.75853
0.855 3.75822
0.858 3.7579
0.861 3.75758
0.864 3.75725
0.867 3.75693
0.87 3.75661
0.873 3.75629
0.876 3.75596
0.879 3.75564
0.882 3.75531
0.885 3.75499
0.888 3.75466
0.891 3.75433
0.894 3.754
0.897 3.75367
0.9 3.75334
0.903 3.75301
0.906 3.75268
0.909 3.75235
0.912 3.75202
0.915 3.75168
0.918 3.75135
0.921 3.75101
0.924 3.75068
0.927 3.75034
0.93 3.75
0.933 3.74967
0.936 3.74933
0.939 3.74899
0.942 3.74865
0.945 3.74831
0.948 3.74796
0.951 3.74762
0.954 3.74728
0.957 3.74693
0.96 3.74659
0.963 3.74624
0.966 3.7459
0.969 3.74555
0.972 3.7452
0.975 3.74485
0.978 3.7445
0.981 3.74415
0.984 3.7438
0.987 3.74345
0.99 3.7431
0.993 3.74274
0.996 3.74239
0.999 3.74203
1.002 3.74168
1.005 3.74132
1.008 3.74096
1.011 3.74061
1.014 3.74025
1.017 3.73989
1.02 3.73953
1.023 3.73916
1.026 3.7388
1.029 3.73844
1.032 3.73807
1.035 3.73771
1.038 3.73734
1.041 3.73698
1.044 3.73661
1.047 3.73624
1.05 3.73587
1.053 3.7355
1.056 3.73513
1.059 3.73476
1.062 3.73439
1.065 3.73401
1.068 3.73364
1.071 3.73326
1.074 3.73289
1.077 3.73251
1.08 3.73213
1.083 3.73175
1.086 3.73137
1.089 3.73099
1.092 3.73061
1.095 3.73023
1.098 3.72984
1.101 3.72946
1.104 3.72907
1.107 3.72869
1.11 3.7283
1.113 3.72791
1.116 3.72752
1.119 3.72713
1.122 3.72674
1.125 3.72635
1.128 3.72595
1.131 3.72556
1.134 3.72516
1.137 3.72477
1.14 3.72437
1.143 3.72397
1.146 3.72357
1.149 3.72317
1.152 3.72277
1.155 3.72236
1.158 3.72196
1.161 3.72156
1.164 3.72115
1.167 3.72074
1.17 3.72033
1.173 3.71992
1.176 3.71951
1.179 3.7191
1.182 3.71869
1.185 3.71827
1.188 3.71786
1.191 3.71744
1.194 3.71702
1.197 3.7166
1.2 3.71618
1.203 3.71576
1.206 3.71533
1.209 3.71491
1.212 3.71448
1.215 3.71406
1.218 3.71363
1.221 3.7132
1.224 3.71276
1.227 3.71233
1.23 3.7119
1.233 3.71146
1.236 3.71102
1.239 3.71059
1.242 3.71015
1.245 3.7097
1.248 3.70926
1.251 3.70882
1.254 3.70837
1.257 3.70792
1.26 3.70747
1.263 3.70702
1.266 3.70657
1.269 3.70611
1.272 3.70566
1.275 3.7052
1.278 3.70474
1.281 3.70428
1.284 3.70382
1.287 3.70335
1.29 3.70289
1.293 3.70242
1.296 3.70195
1.299 3.70148
1.302 3.701
1.305 3.70053
1.308 3.70005
1.311 3.69957
1.314 3.69909
1.317 3.6986
1.32 3.69812
1.323 3.69763
1.326 3.69714
1.329 3.69665
1.332 3.69615
1.335 3.69566
1.338 3.69516
1.341 3.69466
1.344 3.69416
1.347 3.69365
1.35 3.69314
1.353 3.69263
1.356 3.69212
1.359 3.69161
1.362 3.69109
1.365 3.69057
1.368 3.69005
1.371 3.68952
1.374 3.689
1.377 3.68847
1.38 3.68793
1.383 3.6874
1.386 3.68686
1.389 3.68632
1.392 3.68578
1.395 3.68523
1.398 3.68468
1.401 3.68413
1.404 3.68358
1.407 3.68302
1.41 3.68246
1.413 3.68189
1.416 3.68133
1.419 3.68076
1.422 3.68018
1.425 3.67961
1.428 3.67903
1.431 3.67845
1.434 3.67786
1.437 3.67727
1.44 3.67668
1.443 3.67608
1.446 3.67548
1.449 3.67488
1.452 3.67427
1.455 3.67366
1.458 3.67304
1.461 3.67242
1.464 3.6718
1.467 3.67117
1.47 3.67054
1.473 3.66991
1.476 3.66927
1.479 3.66863
1.482 3.66798
1.485 3.66733
1.488 3.66667
1.491 3.66601
1.494 3.66535
1.497 3.66468
1.5 3.66401
1.503 3.66333
1.506 3.66265
1.509 3.66196
1.512 3.66127
1.515 3.66057
1.518 3.65987
1.521 3.65916
1.524 3.65845
1.527 3.65773
1.53 3.65701
1.533 3.65628
1.536 3.65555
1.539 3.65481
1.542 3.65407
1.545 3.65332
1.548 3.65256
1.551 3.6518
1.554 3.65103
1.557 3.65026
1.56 3.64948
1.563 3.64869
1.566 3.6479
1.569 3.64711
1.572 3.6463
1.575 3.64549
1.578 3.64467
1.581 3.64385
1.584 3.64302
1.587 3.64218
1.59 3.64134
1.593 3.64048
1.596 3.63963
1.599 3.63876
1.602 3.63789
1.605 3.63701
1.608 3.63612
1.611 3.63522
1.614 3.63432
1.617 3.63341
1.62 3.63249
1.623 3.63156
1.626 3.63062
1.629 3.62968
1.632 3.62872
1.635 3.62776
1.638 3.62679
1.641 3.62581
1.644 3.62482
1.647 3.62383
1.65 3.62282
1.653 3.6218
1.656 3.62078
1.659 3.61974
1.662 3.6187
1.665 3.61764
1.668 3.61658
1.671 3.6155
1.674 3.61442
1.677 3.61332
1.68 3.61221
1.683 3.6111
1.686 3.60997
1.689 3.60883
1.692 3.60768
1.695 3.60651
1.698 3.60534
1.701 3.60415
1.704 3.60296
1.707 3.60174
1.71 3.60052
1.713 3.59929
1.716 3.59804
1.719 3.59678
1.722 3.5955
1.725 3.59421
1.728 3.59291
1.731 3.5916
1.734 3.59027
1.737 3.58893
1.74 3.58757
1.743 3.5862
1.746 3.58481
1.749 3.58341
1.752 3.58199
1.755 3.58056
1.758 3.57911
1.761 3.57764
1.764 3.57616
1.767 3.57466
1.77 3.57315
1.773 3.57162
1.776 3.57007
1.779 3.5685
1.782 3.56692
1.785 3.56532
1.788 3.5637
1.791 3.56206
1.794 3.5604
1.797 3.55872
1.8 3.55702
1.803 3.55531
1.806 3.55357
1.809 3.55181
1.812 3.55003
1.815 3.54823
1.818 3.5464
1.821 3.54456
1.824 3.54269
1.827 3.5408
1.83 3.53889
1.833 3.53695
1.836 3.53499
1.839 3.533
1.842 3.53099
1.845 3.52896
1.848 3.5269
1.851 3.52481
1.854 3.5227
1.857 3.52055
1.86 3.51839
1.863 3.51619
1.866 3.51396
1.869 3.51171
1.872 3.50943
1.875 3.50712
1.878 3.50477
1.881 3.5024
1.884 3.49999
1.887 3.49756
1.89 3.49509
1.893 3.49258
1.896 3.49005
1.899 3.48748
1.902 3.48487
1.905 3.48223
1.908 3.47956
1.911 3.47685
1.914 3.4741
1.917 3.47131
1.92 3.46849
1.923 3.46563
1.926 3.46273
1.929 3.45979
1.932 3.45681
1.935 3.45379
1.938 3.45073
1.941 3.44763
1.944 3.44449
1.947 3.4413
1.95 3.43807
1.953 3.4348
1.956 3.43149
1.959 3.42813
1.962 3.42472
1.965 3.42127
1.968 3.41778
1.971 3.41424
1.974 3.41065
1.977 3.40701
1.98 3.40333
1.983 3.39961
1.986 3.39583
1.989 3.39201
1.992 3.38814
1.995 3.38422
1.998 3.38025
2.001 3.37623
2.004 3.37217
2.007 3.36806
2.01 3.36389
2.013 3.35968
2.016 3.35542
2.019 3.35111
2.022 3.34675
2.025 3.34235
2.028 3.33789
2.031 3.33339
2.034 3.32884
2.037 3.32424
2.04 3.31959
2.043 3.31489
2.046 3.31015
2.049 3.30536
2.052 3.30052
2.055 3.29563
2.058 3.2907
2.061 3.28573
2.064 3.2807
2.067 3.27564
2.07 3.27053
2.073 3.26537
2.076 3.26018
2.079 3.25494
2.082 3.24966
2.085 3.24433
2.088 3.23897
2.091 3.23357
2.094 3.22813
2.097 3.22265
2.1 3.21713
2.103 3.21158
2.106 3.20599
2.109 3.20037
2.112 3.19471
2.115 3.18902
2.118 3.1833
2.121 3.17755
2.124 3.17177
2.127 3.16596
2.13 3.16013
2.133 3.15427
2.136 3.14838
2.139 3.14247
2.142 3.13654
2.145 3.1306
2.148 3.12463
2.151 3.11864
2.154 3.11264
2.157 3.10663
2.16 3.1006
2.163 3.09456
2.166 3.08851
2.169 3.08246
2.172 3.0764
2.175 3.07033
2.178 3.06426
2.181 3.0582
2.184 3.05213
2.187 3.04607
2.19 3.04001
2.193 3.03396
2.196 3.02792
2.199 3.0219
2.202 3.01588
2.205 3.00988
2.208 3.0039
2.211 2.99794
2.214 2.992
2.217 2.98608
2.22 2.98019
2.223 2.97432
2.226 2.96849
2.229 2.96268
2.232 2.95691
2.235 2.95118
2.238 2.94548
2.241 2.93982
2.244 2.93421
2.247 2.92863
2.25 2.9231
2.253 2.91762
2.256 2.91218
2.259 2.90679
2.262 2.90145
2.265 2.89617
2.268 2.89094
2.271 2.88577
2.274 2.88065
2.277 2.87559
2.28 2.87058
2.283 2.86564
2.286 2.86076
2.289 2.85594
2.292 2.85119
2.295 2.8465
2.298 2.84187
2.301 2.83731
2.304 2.83281
2.307 2.82838
2.31 2.82402
2.313 2.81972
2.316 2.8155
2.319 2.81134
2.322 2.80724
2.325 2.80322
2.328 2.79927
2.331 2.79538
2.334 2.79157
2.337 2.78782
2.34 2.78414
2.343 2.78053
2.346 2.77699
2.349 2.77351
2.352 2.77011
2.355 2.76677
2.358 2.76349
2.361 2.76029
2.364 2.75715
2.367 2.75407
2.37 2.75106
2.373 2.74812
2.376 2.74523
2.379 2.74242
2.382 2.73966
2.385 2.73697
2.388 2.73433
2.391 2.73176
2.394 2.72925
2.397 2.72679
2.4 2.7244
2.403 2.72206
2.406 2.71978
2.409 2.71755
2.412 2.71538
2.415 2.71326
2.418 2.7112
2.421 2.70919
2.424 2.70723
2.427 2.70532
2.43 2.70346
2.433 2.70165
2.436 2.69989
2.439 2.69818
2.442 2.69651
2.445 2.69489
2.448 2.69331
2.451 2.69178
2.454 2.69029
2.457 2.68884
2.46 2.68744
2.463 2.68607
2.466 2.68475
2.469 2.68346
2.472 2.68221
2.475 2.681
2.478 2.67983
2.481 2.67869
2.484 2.67759
2.487 2.67652
2.49 2.67549
2.493 2.67449
2.496 2.67352
2.499 2.67258
2.502 2.67167
2.505 2.6708
2.508 2.66995
2.511 2.66913
2.514 2.66834
2.517 2.66758
2.52 2.66684
2.523 2.66613
2.526 2.66544
2.529 2.66478
2.532 2.66415
2.535 2.66354
2.538 2.66295
2.541 2.66238
2.544 2.66184
2.547 2.66132
2.55 2.66081
2.553 2.66033
2.556 2.65987
2.559 2.65943
2.562 2.65901
2.565 2.6586
2.568 2.65822
2.571 2.65785
2.574 2.65749
2.577 2.65716
2.58 2.65684
2.583 2.65654
2.586 2.65625
2.589 2.65597
2.592 2.65571
2.595 2.65547
2.598 2.65524
2.601 2.65502
2.604 2.65482
2.607 2.65462
2.61 2.65444
2.613 2.65428
2.616 2.65412
2.619 2.65398
2.622 2.65384
2.625 2.65372
2.628 2.65361
2.631 2.6535
2.634 2.65341
2.637 2.65333
2.64 2.65325
2.643 2.65319
2.646 2.65313
2.649 2.65308
2.652 2.65304
2.655 2.65301
2.658 2.65299
2.661 2.65297
2.664 2.65296
2.667 2.65296
2.67 2.65297
2.673 2.65298
2.676 2.653
2.679 2.65302
2.682 2.65305
2.685 2.65309
2.688 2.65313
2.691 2.65318
2.694 2.65323
2.697 2.65329
2.7 2.65335
2.703 2.65342
2.706 2.65349
2.709 2.65357
2.712 2.65365
2.715 2.65373
2.718 2.65382
2.721 2.65392
2.724 2.65401
2.727 2.65411
2.73 2.65422
2.733 2.65433
2.736 2.65444
2.739 2.65455
2.742 2.65467
2.745 2.65479
2.748 2.65492
2.751 2.65504
2.754 2.65517
2.757 2.6553
2.76 2.65544
2.763 2.65557
2.766 2.65571
2.769 2.65585
2.772 2.656
2.775 2.65614
2.778 2.65629
2.781 2.65644
2.784 2.65659
2.787 2.65674
2.79 2.6569
2.793 2.65705
2.796 2.65721
2.799 2.65737
2.802 2.65753
2.805 2.65769
2.808 2.65785
2.811 2.65802
2.814 2.65818
2.817 2.65835
2.82 2.65852
2.823 2.65868
2.826 2.65885
2.829 2.65902
2.832 2.65919
2.835 2.65936
2.838 2.65954
2.841 2.65971
2.844 2.65988
2.847 2.66006
2.85 2.66023
2.853 2.66041
2.856 2.66058
2.859 2.66076
2.862 2.66093
2.865 2.66111
2.868 2.66129
2.871 2.66147
2.874 2.66164
2.877 2.66182
2.88 2.662
2.883 2.66218
2.886 2.66236
2.889 2.66253
2.892 2.66271
2.895 2.66289
2.898 2.66307
2.901 2.66325
2.904 2.66343
2.907 2.66361
2.91 2.66378
2.913 2.66396
2.916 2.66414
2.919 2.66432
2.922 2.6645
2.925 2.66467
2.928 2.66485
2.931 2.66503
2.934 2.66521
2.937 2.66538
2.94 2.66556
2.943 2.66574
2.946 2.66591
2.949 2.66609
2.952 2.66627
2.955 2.66644
2.958 2.66662
2.961 2.66679
2.964 2.66696
2.967 2.66714
2.97 2.66731
2.973 2.66748
2.976 2.66766
2.979 2.66783
2.982 2.668
2.985 2.66817
2.988 2.66834
2.991 2.66851
2.994 2.66868
2.997 2.66885
3 2.66902
3.001 5
