0 0
0.003 -0.0146563
0.006 -0.0143961
0.009 -0.0141343
0.012 -0.013871
0.015 -0.0136062
0.018 -0.0133398
0.021 -0.0130719
0.024 -0.0128024
0.027 -0.0125314
0.03 -0.0122588
0.033 -0.0119846
0.036 -0.0117089
0.039 -0.0114316
0.042 -0.0111528
0.045 -0.0108723
0.048 -0.0105903
0.051 -0.0103067
0.054 -0.0100215
0.057 -0.00973467
0.06 -0.00944628
0.063 -0.00915628
0.066 -0.00886468
0.069 -0.00857146
0.072 -0.00827664
0.075 -0.0079802
0.078 -0.00768214
0.081 -0.00738245
0.084 -0.00708113
0.087 -0.00677819
0.09 -0.00647361
0.093 -0.00616738
0.096 -0.00585952
0.099 -0.00555001
0.102 -0.00523885
0.105 -0.00492603
0.108 -0.00461156
0.111 -0.00429543
0.114 -0.00397763
0.117 -0.00365817
0.12 -0.00333703
0.123 -0.00301422
0.126 -0.00268973
0.129 -0.00236356
0.132 -0.0020357
0.135 -0.00170616
0.138 -0.00137492
0.141 -0.00104198
0.144 -0.000707349
0.147 -0.000371013
0.15 -3.297e-05
0.153 0.000306782
0.156 0.000648247
0.159 0.000991428
0.162 0.00133633
0.165 0.00168295
0.168 0.0020313
0.171 0.00238138
0.174 0.00273319
0.177 0.00308674
0.18 0.00344203
0.183 0.00379906
0.186 0.00415784
0.189 0.00451836
0.192 0.00488064
0.195 0.00524467
0.198 0.00561047
0.201 0.00597802
0.204 0.00634734
0.207 0.00671843
0.21 0.00709129
0.213 0.00746593
0.216 0.00784235
0.219 0.00822054
0.222 0.00860052
0.225 0.00898229
0.228 0.00936585
0.231 0.00975121
0.234 0.0101384
0.237 0.0105273
0.24 0.0109181
0.243 0.0113106
0.246 0.011705
0.249 0.0121012
0.252 0.0124992
0.255 0.012899
0.258 0.0133007
0.261 0.0137042
0.264 0.0141095
0.267 0.0145166
0.27 0.0149256
0.273 0.0153364
0.276 0.015749
0.279 0.0161635
0.282 0.0165799
0.285 0.0169981
0.288 0.0174181
0.291 0.0178401
0.294 0.0182638
0.297 0.0186895
0.3 0.019117
0.303 0.0195464
0.306 0.0199776
0.309 0.0204108
0.312 0.0208458
0.315 0.0212827
0.318 0.0217215
0.321 0.0221622
0.324 0.0226048
0.327 0.0230492
0.33 0.0234956
0.333 0.0239439
0.336 0.0243941
0.339 0.0248462
0.342 0.0253003
0.345 0.0257562
0.348 0.0262141
0.351 0.0266739
0.354 0.0271356
0.357 0.0275993
0.36 0.0280649
0.363 0.0285324
0.366 0.0290019
0.369 0.0294733
0.372 0.0299467
0.375 0.0304221
0.378 0.0308994
0.381 0.0313786
0.384 0.0318599
0.387 0.0323431
0.39 0.0328283
0.393 0.0333154
0.396 0.0338046
0.399 0.0342957
0.402 0.0347888
0.405 0.0352839
0.408 0.0357811
0.411 0.0362802
0.414 0.0367813
0.417 0.0372845
0.42 0.0377896
0.423 0.0382968
0.426 0.038806
0.429 0.0393172
0.432 0.0398305
0.435 0.0403458
0.438 0.0408631
0.441 0.0413825
0.444 0.0419039
0.447 0.0424274
0.45 0.042953
0.453 0.0434806
0.456 0.0440102
0.459 0.044542
0.462 0.0450758
0.465 0.0456117
0.468 0.0461497
0.471 0.0466898
0.474 0.047232
0.477 0.0477763
0.48 0.0483226
0.483 0.0488711
0.486 0.0494217
0.489 0.0499745
0.492 0.0505293
0.495 0.0510863
0.498 0.0516454
0.501 0.0522066
0.504 0.05277
0.507 0.0533356
0.51 0.0539033
0.513 0.0544731
0.516 0.0550451
0.519 0.0556193
0.522 0.0561957
0.525 0.0567742
0.528 0.0573549
0.531 0.0579378
0.534 0.0585229
0.537 0.0591102
0.54 0.0596997
0.543 0.0602914
0.546 0.0608854
0.549 0.0614815
0.552 0.0620799
0.555 0.0626805
0.558 0.0632833
0.561 0.0638884
0.564 0.0644957
0.567 0.0651053
0.57 0.0657171
0.573 0.0663312
0.576 0.0669476
0.579 0.0675662
0.582 0.0681871
0.585 0.0688103
0.588 0.0694358
0.591 0.0700636
0.594 0.0706937
0.597 0.0713261
0.6 0.0719608
0.603 0.0725978
0.606 0.0732371
0.609 0.0738788
0.612 0.0745228
0.615 0.0751692
0.618 0.0758178
0.621 0.0764689
0.624 0.0771223
0.627 0.077778
0.63 0.0784361
0.633 0.0790966
0.636 0.0797595
0.639 0.0804247
0.642 0.0810923
0.645 0.0817624
0.648 0.0824348
0.651 0.0831096
0.654 0.0837869
0.657 0.0844665
0.66 0.0851486
0.663 0.0858331
0.666 0.08652
0.669 0.0872094
0.672 0.0879012
0.675 0.0885954
0.678 0.0892921
0.681 0.0899913
0.684 0.0906929
0.687 0.091397
0.69 0.0921035
0.693 0.0928126
0.696 0.0935241
0.699 0.0942381
0.702 0.0949546
0.705 0.0956736
0.708 0.0963951
0.711 0.0971191
0.714 0.0978456
0.717 0.0985747
0.72 0.0993063
0.723 0.10004
0.726 0.100777
0.729 0.101516
0.732 0.102258
0.735 0.103002
0.738 0.103749
0.741 0.104498
0.744 0.10525
0.747 0.106005
0.75 0.106762
0.753 0.107522
0.756 0.108284
0.759 0.109049
0.762 0.109816
0.765 0.110586
0.768 0.111359
0.771 0.112134
0.774 0.112912
0.777 0.113692
0.78 0.114475
0.783 0.115261
0.786 0.116049
0.789 0.11684
0.792 0.117634
0.795 0.11843
0.798 0.119229
0.801 0.120031
0.804 0.120835
0.807 0.121642
0.81 0.122451
0.813 0.123263
0.816 0.124078
0.819 0.124896
0.822 0.125716
0.825 0.126539
0.828 0.127365
0.831 0.128193
0.834 0.129024
0.837 0.129858
0.84 0.130694
0.843 0.131533
0.846 0.132375
0.849 0.13322
0.852 0.134067
0.855 0.134917
0.858 0.13577
0.861 0.136626
0.864 0.137484
0.867 0.138345
0.87 0.139209
0.873 0.140076
0.876 0.140945
0.879 0.141818
0.882 0.142693
0.885 0.14357
0.888 0.144451
0.891 0.145334
0.894 0.146221
0.897 0.14711
0.9 0.148001
0.903 0.148896
0.906 0.149794
0.909 0.150694
0.912 0.151597
0.915 0.152503
0.918 0.153412
0.921 0.154324
0.924 0.155238
0.927 0.156156
0.93 0.157076
0.933 0.157999
0.936 0.158926
0.939 0.159855
0.942 0.160787
0.945 0.161722
0.948 0.162659
0.951 0.1636
0.954 0.164544
0.957 0.165491
0.96 0.16644
0.963 0.167393
0.966 0.168349
0.969 0.169307
0.972 0.170269
0.975 0.171233
0.978 0.172201
0.981 0.173172
0.984 0.174145
0.987 0.175122
0.99 0.176102
0.993 0.177085
0.996 0.178071
0.999 0.17906
1.002 0.180052
1.005 0.181048
1.008 0.182046
1.011 0.183048
1.014 0.184053
1.017 0.185061
1.02 0.186072
1.023 0.187086
1.026 0.188104
1.029 0.189125
1.032 0.190149
1.035 0.191176
1.038 0.192207
1.041 0.193241
1.044 0.194278
1.047 0.195318
1.05 0.196362
1.053 0.19741
1.056 0.19846
1.059 0.199514
1.062 0.200572
1.065 0.201633
1.068 0.202697
1.071 0.203765
1.074 0.204837
1.077 0.205912
1.08 0.20699
1.083 0.208072
1.086 0.209158
1.089 0.210247
1.092 0.21134
1.095 0.212437
1.098 0.213537
1.101 0.214642
1.104 0.215749
1.107 0.216861
1.11 0.217977
1.113 0.219096
1.116 0.220219
1.119 0.221346
1.122 0.222477
1.125 0.223612
1.128 0.224751
1.131 0.225894
1.134 0.227041
1.137 0.228192
1.14 0.229347
1.143 0.230507
1.146 0.23167
1.149 0.232838
1.152 0.23401
1.155 0.235187
1.158 0.236368
1.161 0.237553
1.164 0.238743
1.167 0.239937
1.17 0.241135
1.173 0.242339
1.176 0.243546
1.179 0.244759
1.182 0.245976
1.185 0.247198
1.188 0.248425
1.191 0.249657
1.194 0.250893
1.197 0.252135
1.2 0.253381
1.203 0.254633
1.206 0.255889
1.209 0.257151
1.212 0.258418
1.215 0.259691
1.218 0.260968
1.221 0.262252
1.224 0.26354
1.227 0.264834
1.23 0.266134
1.233 0.26744
1.236 0.268751
1.239 0.270068
1.242 0.27139
1.245 0.272719
1.248 0.274054
1.251 0.275395
1.254 0.276742
1.257 0.278095
1.26 0.279455
1.263 0.280821
1.266 0.282193
1.269 0.283573
1.272 0.284958
1.275 0.286351
1.278 0.28775
1.281 0.289156
1.284 0.290569
1.287 0.29199
1.29 0.293417
1.293 0.294852
1.296 0.296294
1.299 0.297744
1.302 0.299201
1.305 0.300666
1.308 0.302138
1.311 0.303619
1.314 0.305108
1.317 0.306604
1.32 0.308109
1.323 0.309623
1.326 0.311144
1.329 0.312675
1.332 0.314214
1.335 0.315762
1.338 0.317319
1.341 0.318885
1.344 0.32046
1.347 0.322045
1.35 0.323639
1.353 0.325242
1.356 0.326856
1.359 0.328479
1.362 0.330113
1.365 0.331756
1.368 0.33341
1.371 0.335075
1.374 0.33675
1.377 0.338436
1.38 0.340133
1.383 0.341842
1.386 0.343561
1.389 0.345292
1.392 0.347035
1.395 0.34879
1.398 0.350556
1.401 0.352335
1.404 0.354127
1.407 0.35593
1.41 0.357747
1.413 0.359577
1.416 0.36142
1.419 0.363276
1.422 0.365146
1.425 0.36703
1.428 0.368928
1.431 0.37084
1.434 0.372767
1.437 0.374708
1.44 0.376664
1.443 0.378636
1.446 0.380623
1.449 0.382626
1.452 0.384644
1.455 0.386679
1.458 0.38873
1.461 0.390798
1.464 0.392883
1.467 0.394985
1.47 0.397105
1.473 0.399243
1.476 0.401398
1.479 0.403572
1.482 0.405765
1.485 0.407977
1.488 0.410208
1.491 0.412459
1.494 0.41473
1.497 0.41702
1.5 0.419332
1.503 0.421665
1.506 0.424018
1.509 0.426394
1.512 0.428791
1.515 0.431211
1.518 0.433653
1.521 0.436119
1.524 0.438608
1.527 0.441121
1.53 0.443658
1.533 0.44622
1.536 0.448807
1.539 0.45142
1.542 0.454058
1.545 0.456723
1.548 0.459414
1.551 0.462133
1.554 0.464879
1.557 0.467654
1.56 0.470457
1.563 0.473289
1.566 0.476151
1.569 0.479043
1.572 0.481965
1.575 0.484919
1.578 0.487904
1.581 0.490921
1.584 0.493971
1.587 0.497054
1.59 0.50017
1.593 0.503322
1.596 0.506507
1.599 0.509729
1.602 0.512986
1.605 0.51628
1.608 0.519612
1.611 0.522981
1.614 0.526389
1.617 0.529836
1.62 0.533322
1.623 0.536849
1.626 0.540418
1.629 0.544028
1.632 0.54768
1.635 0.551376
1.638 0.555116
1.641 0.5589
1.644 0.56273
1.647 0.566605
1.65 0.570528
1.653 0.574498
1.656 0.578517
1.659 0.582585
1.662 0.586702
1.665 0.590871
1.668 0.595091
1.671 0.599364
1.674 0.60369
1.677 0.60807
1.68 0.612505
1.683 0.616996
1.686 0.621544
1.689 0.626149
1.692 0.630813
1.695 0.635537
1.698 0.640321
1.701 0.645167
1.704 0.650074
1.707 0.655045
1.71 0.660081
1.713 0.665181
1.716 0.670348
1.719 0.675583
1.722 0.680885
1.725 0.686257
1.728 0.691699
1.731 0.697213
1.734 0.702799
1.737 0.708458
1.74 0.714193
1.743 0.720003
1.746 0.725889
1.749 0.731854
1.752 0.737897
1.755 0.744021
1.758 0.750226
1.761 0.756513
1.764 0.762883
1.767 0.769338
1.77 0.775879
1.773 0.782507
1.776 0.789223
1.779 0.796028
1.782 0.802923
1.785 0.80991
1.788 0.816989
1.791 0.824162
1.794 0.83143
1.797 0.838794
1.8 0.846256
1.803 0.853816
1.806 0.861475
1.809 0.869235
1.812 0.877097
1.815 0.885062
1.818 0.893131
1.821 0.901305
1.824 0.909586
1.827 0.917974
1.83 0.92647
1.833 0.935077
1.836 0.943793
1.839 0.952622
1.842 0.961563
1.845 0.970619
1.848 0.979789
1.851 0.989075
1.854 0.998478
1.857 1.008
1.86 1.01764
1.863 1.0274
1.866 1.03728
1.869 1.04728
1.872 1.0574
1.875 1.06765
1.878 1.07802
1.881 1.08851
1.884 1.09913
1.887 1.10988
1.89 1.12076
1.893 1.13176
1.896 1.14289
1.899 1.15415
1.902 1.16554
1.905 1.17705
1.908 1.1887
1.911 1.20048
1.914 1.2124
1.917 1.22444
1.92 1.23661
1.923 1.24892
1.926 1.26136
1.929 1.27394
1.932 1.28665
1.935 1.29949
1.938 1.31246
1.941 1.32557
1.944 1.33882
1.947 1.35219
1.95 1.3657
1.953 1.37935
1.956 1.39313
1.959 1.40704
1.962 1.42108
1.965 1.43526
1.968 1.44957
1.971 1.46401
1.974 1.47859
1.977 1.49329
1.98 1.50813
1.983 1.52309
1.986 1.53819
1.989 1.55342
1.992 1.56877
1.995 1.58425
1.998 1.59986
2.001 1.61559
2.004 1.63145
2.007 1.64744
2.01 1.66354
2.013 1.67977
2.016 1.69612
2.019 1.71258
2.022 1.72917
2.025 1.74587
2.028 1.76269
2.031 1.77963
2.034 1.79667
2.037 1.81383
2.04 1.8311
2.043 1.84847
2.046 1.86595
2.049 1.88354
2.052 1.90123
2.055 1.91902
2.058 1.93691
2.061 1.9549
2.064 1.97298
2.067 1.99116
2.07 2.00943
2.073 2.02778
2.076 2.04623
2.079 2.06476
2.082 2.08337
2.085 2.10206
2.088 2.12083
2.091 2.13967
2.094 2.15859
2.097 2.17758
2.1 2.19663
2.103 2.21575
2.106 2.23493
2.109 2.25417
2.112 2.27346
2.115 2.2928
2.118 2.3122
2.121 2.33164
2.124 2.35112
2.127 2.37064
2.13 2.39019
2.133 2.40978
2.136 2.42939
2.139 2.44903
2.142 2.46868
2.145 2.48835
2.148 2.50803
2.151 2.52772
2.154 2.54741
2.157 2.56709
2.16 2.58677
2.163 2.60644
2.166 2.62608
2.169 2.64571
2.172 2.66531
2.175 2.68487
2.178 2.7044
2.181 2.72388
2.184 2.74332
2.187 2.7627
2.19 2.78202
2.193 2.80127
2.196 2.82046
2.199 2.83956
2.202 2.85859
2.205 2.87752
2.208 2.89636
2.211 2.9151
2.214 2.93374
2.217 2.95226
2.22 2.97067
2.223 2.98896
2.226 3.00711
2.229 3.02514
2.232 3.04302
2.235 3.06076
2.238 3.07836
2.241 3.09579
2.244 3.11307
2.247 3.13019
2.25 3.14714
2.253 3.16392
2.256 3.18052
2.259 3.19694
2.262 3.21318
2.265 3.22922
2.268 3.24508
2.271 3.26075
2.274 3.27621
2.277 3.29148
2.28 3.30654
2.283 3.3214
2.286 3.33605
2.289 3.3505
2.292 3.36473
2.295 3.37875
2.298 3.39256
2.301 3.40615
2.304 3.41953
2.307 3.43269
2.31 3.44564
2.313 3.45837
2.316 3.47088
2.319 3.48318
2.322 3.49527
2.325 3.50714
2.328 3.51879
2.331 3.53023
2.334 3.54146
2.337 3.55248
2.34 3.56329
2.343 3.57389
2.346 3.58429
2.349 3.59448
2.352 3.60447
2.355 3.61426
2.358 3.62385
2.361 3.63324
2.364 3.64245
2.367 3.65145
2.37 3.66027
2.373 3.66891
2.376 3.67736
2.379 3.68563
2.382 3.69372
2.385 3.70163
2.388 3.70937
2.391 3.71694
2.394 3.72434
2.397 3.73158
2.4 3.73866
2.403 3.74557
2.406 3.75233
2.409 3.75894
2.412 3.7654
2.415 3.77171
2.418 3.77787
2.421 3.78389
2.424 3.78978
2.427 3.79552
2.43 3.80113
2.433 3.80661
2.436 3.81197
2.439 3.81719
2.442 3.8223
2.445 3.82728
2.448 3.83215
2.451 3.8369
2.454 3.84154
2.457 3.84607
2.46 3.85049
2.463 3.8548
2.466 3.85901
2.469 3.86312
2.472 3.86714
2.475 3.87105
2.478 3.87488
2.481 3.87861
2.484 3.88225
2.487 3.8858
2.49 3.88927
2.493 3.89266
2.496 3.89596
2.499 3.89919
2.502 3.90233
2.505 3.9054
2.508 3.9084
2.511 3.91132
2.514 3.91418
2.517 3.91696
2.52 3.91968
2.523 3.92233
2.526 3.92492
2.529 3.92745
2.532 3.92991
2.535 3.93232
2.538 3.93467
2.541 3.93696
2.544 3.9392
2.547 3.94138
2.55 3.94351
2.553 3.94559
2.556 3.94762
2.559 3.9496
2.562 3.95153
2.565 3.95341
2.568 3.95526
2.571 3.95705
2.574 3.95881
2.577 3.96052
2.58 3.96219
2.583 3.96382
2.586 3.96541
2.589 3.96696
2.592 3.96848
2.595 3.96996
2.598 3.9714
2.601 3.97281
2.604 3.97419
2.607 3.97553
2.61 3.97685
2.613 3.97813
2.616 3.97938
2.619 3.9806
2.622 3.98179
2.625 3.98295
2.628 3.98408
2.631 3.98519
2.634 3.98627
2.637 3.98733
2.64 3.98836
2.643 3.98937
2.646 3.99035
2.649 3.99131
2.652 3.99224
2.655 3.99316
2.658 3.99405
2.661 3.99492
2.664 3.99577
2.667 3.9966
2.67 3.99741
2.673 3.9982
2.676 3.99897
2.679 3.99973
2.682 4.00046
2.685 4.00118
2.688 4.00188
2.691 4.00257
2.694 4.00324
2.697 4.00389
2.7 4.00453
2.703 4.00515
2.706 4.00575
2.709 4.00635
2.712 4.00692
2.715 4.00749
2.718 4.00804
2.721 4.00858
2.724 4.0091
2.727 4.00961
2.73 4.01011
2.733 4.0106
2.736 4.01108
2.739 4.01154
2.742 4.012
2.745 4.01244
2.748 4.01287
2.751 4.01329
2.754 4.0137
2.757 4.0141
2.76 4.0145
2.763 4.01488
2.766 4.01525
2.769 4.01561
2.772 4.01597
2.775 4.01631
2.778 4.01665
2.781 4.01698
2.784 4.0173
2.787 4.01761
2.79 4.01792
2.793 4.01821
2.796 4.0185
2.799 4.01879
2.802 4.01906
2.805 4.01933
2.808 4.01959
2.811 4.01985
2.814 4.0201
2.817 4.02034
2.82 4.02057
2.823 4.0208
2.826 4.02103
2.829 4.02125
2.832 4.02146
2.835 4.02166
2.838 4.02187
2.841 4.02206
2.844 4.02225
2.847 4.02244
2.85 4.02262
2.853 4.02279
2.856 4.02297
2.859 4.02313
2.862 4.02329
2.865 4.02345
2.868 4.0236
2.871 4.02375
2.874 4.0239
2.877 4.02404
2.88 4.02417
2.883 4.02431
2.886 4.02444
2.889 4.02456
2.892 4.02468
2.895 4.0248
2.898 4.02491
2.901 4.02502
2.904 4.02513
2.907 4.02524
2.91 4.02534
2.913 4.02543
2.916 4.02553
2.919 4.02562
2.922 4.02571
2.925 4.0258
2.928 4.02588
2.931 4.02596
2.934 4.02604
2.937 4.02611
2.94 4.02618
2.943 4.02625
2.946 4.02632
2.949 4.02638
2.952 4.02645
2.955 4.02651
2.958 4.02656
2.961 4.02662
2.964 4.02667
2.967 4.02672
2.97 4.02677
2.973 4.02682
2.976 4.02687
2.979 4.02691
2.982 4.02695
2.985 4.02699
2.988 4.02703
2.991 4.02706
2.994 4.0271
2.997 4.02713
3 4.02716
3.001 0
