0 5
0.001 5.01735
0.002 5.01732
0.003 5.0173
0.004 5.01727
0.005 5.01724
0.006 5.01721
0.007 5.01719
0.008 5.01716
0.009 5.01713
0.01 5.0171
0.011 5.01708
0.012 5.01705
0.013 5.01702
0.014 5.017
0.015 5.01697
0.016 5.01694
0.017 5.01691
0.018 5.01689
0.019 5.01686
0.02 5.01683
0.021 5.0168
0.022 5.01678
0.023 5.01675
0.024 5.01672
0.025 5.0167
0.026 5.01667
0.027 5.01664
0.028 5.01661
0.029 5.01659
0.03 5.01656
0.031 5.01653
0.032 5.01651
0.033 5.01648
0.034 5.01645
0.035 5.01642
0.036 5.0164
0.037 5.01637
0.038 5.01634
0.039 5.01632
0.04 5.01629
0.041 5.01626
0.042 5.01624
0.043 5.01621
0.044 5.01618
0.045 5.01616
0.046 5.01613
0.047 5.0161
0.048 5.01607
0.049 5.01605
0.05 5.01602
0.051 5.01599
0.052 5.01597
0.053 5.01594
0.054 5.01591
0.055 5.01589
0.056 5.01586
0.057 5.01583
0.058 5.01581
0.059 5.01578
0.06 5.01575
0.061 5.01573
0.062 5.0157
0.063 5.01567
0.064 5.01565
0.065 5.01562
0.066 5.01559
0.067 5.01557
0.068 5.01554
0.069 5.01551
0.07 5.01549
0.071 5.01546
0.072 5.01544
0.073 5.01541
0.074 5.01538
0.075 5.01536
0.076 5.01533
0.077 5.0153
0.078 5.01528
0.079 5.01525
0.08 5.01522
0.081 5.0152
0.082 5.01517
0.083 5.01515
0.084 5.01512
0.085 5.01509
0.086 5.01507
0.087 5.01504
0.088 5.01501
0.089 5.01499
0.09 5.01496
0.091 5.01494
0.092 5.01491
0.093 5.01488
0.094 5.01486
0.095 5.01483
0.096 5.01481
0.097 5.01478
0.098 5.01475
0.099 5.01473
0.1 5.0147
0.101 5.01468
0.102 5.01465
0.103 5.01462
0.104 5.0146
0.105 5.01457
0.106 5.01455
0.107 5.01452
0.108 5.01449
0.109 5.01447
0.11 5.01444
0.111 5.01442
0.112 5.01439
0.113 5.01437
0.114 5.01434
0.115 5.01431
0.116 5.01429
0.117 5.01426
0.118 5.01424
0.119 5.01421
0.12 5.01419
0.121 5.01416
0.122 5.01413
0.123 5.01411
0.124 5.01408
0.125 5.01406
0.126 5.01403
0.127 5.01401
0.128 5.01398
0.129 5.01396
0.13 5.01393
0.131 5.01391
0.132 5.01388
0.133 5.01385
0.134 5.01383
0.135 5.0138
0.136 5.01378
0.137 5.01375
0.138 5.01373
0.139 5.0137
0.14 5.01368
0.141 5.01365
0.142 5.01363
0.143 5.0136
0.144 5.01358
0.145 5.01355
0.146 5.01353
0.147 5.0135
0.148 5.01348
0.149 5.01345
0.15 5.01343
0.151 5.0134
0.152 5.01338
0.153 5.01335
0.154 5.01333
0.155 5.0133
0.156 5.01328
0.157 5.01325
0.158 5.01323
0.159 5.0132
0.16 5.01318
0.161 5.01315
0.162 5.01313
0.163 5.0131
0.164 5.01308
0.165 5.01305
0.166 5.01303
0.167 5.013
0.168 5.01298
0.169 5.01295
0.17 5.01293
0.171 5.01291
0.172 5.01288
0.173 5.01286
0.174 5.01283
0.175 5.01281
0.176 5.01278
0.177 5.01276
0.178 5.01273
0.179 5.01271
0.18 5.01268
0.181 5.01266
0.182 5.01264
0.183 5.01261
0.184 5.01259
0.185 5.01256
0.186 5.01254
0.187 5.01251
0.188 5.01249
0.189 5.01247
0.19 5.01244
0.191 5.01242
0.192 5.01239
0.193 5.01237
0.194 5.01234
0.195 5.01232
0.196 5.0123
0.197 5.01227
0.198 5.01225
0.199 5.01222
0.2 5.0122
0.201 5.01218
0.202 5.01215
0.203 5.01213
0.204 5.0121
0.205 5.01208
0.206 5.01206
0.207 5.01203
0.208 5.01201
0.209 5.01198
0.21 5.01196
0.211 5.01194
0.212 5.01191
0.213 5.01189
0.214 5.01186
0.215 5.01184
0.216 5.01182
0.217 5.01179
0.218 5.01177
0.219 5.01175
0.22 5.01172
0.221 5.0117
0.222 5.01168
0.223 5.01165
0.224 5.01163
0.225 5.0116
0.226 5.01158
0.227 5.01156
0.228 5.01153
0.229 5.01151
0.23 5.01149
0.231 5.01146
0.232 5.01144
0.233 5.01142
0.234 5.01139
0.235 5.01137
0.236 5.01135
0.237 5.01132
0.238 5.0113
0.239 5.01128
0.24 5.01125
0.241 5.01123
0.242 5.01121
0.243 5.01118
0.244 5.01116
0.245 5.01114
0.246 5.01111
0.247 5.01109
0.248 5.01107
0.249 5.01105
0.25 5.01102
0.251 5.011
0.252 5.01098
0.253 5.01095
0.254 5.01093
0.255 5.01091
0.256 5.01088
0.257 5.01086
0.258 5.01084
0.259 5.01082
0.26 5.01079
0.261 5.01077
0.262 5.01075
0.263 5.01072
0.264 5.0107
0.265 5.01068
0.266 5.01066
0.267 5.01063
0.268 5.01061
0.269 5.01059
0.27 5.01057
0.271 5.01054
0.272 5.01052
0.273 5.0105
0.274 5.01048
0.275 5.01045
0.276 5.01043
0.277 5.01041
0.278 5.01038
0.279 5.01036
0.28 5.01034
0.281 5.01032
0.282 5.0103
0.283 5.01027
0.284 5.01025
0.285 5.01023
0.286 5.01021
0.287 5.01018
0.288 5.01016
0.289 5.01014
0.29 5.01012
0.291 5.01009
0.292 5.01007
0.293 5.01005
0.294 5.01003
0.295 5.01001
0.296 5.00998
0.297 5.00996
0.298 5.00994
0.299 5.00992
0.3 5.00989
0.301 5.00987
0.302 5.00985
0.303 5.00983
0.304 5.00981
0.305 5.00978
0.306 5.00976
0.307 5.00974
0.308 5.00972
0.309 5.0097
0.31 5.00968
0.311 5.00965
0.312 5.00963
0.313 5.00961
0.314 5.00959
0.315 5.00957
0.316 5.00954
0.317 5.00952
0.318 5.0095
0.319 5.00948
0.32 5.00946
0.321 5.00944
0.322 5.00941
0.323 5.00939
0.324 5.00937
0.325 5.00935
0.326 5.00933
0.327 5.00931
0.328 5.00928
0.329 5.00926
0.33 5.00924
0.331 5.00922
0.332 5.0092
0.333 5.00918
0.334 5.00916
0.335 5.00913
0.336 5.00911
0.337 5.00909
0.338 5.00907
0.339 5.00905
0.34 5.00903
0.341 5.00901
0.342 5.00898
0.343 5.00896
0.344 5.00894
0.345 5.00892
0.346 5.0089
0.347 5.00888
0.348 5.00886
0.349 5.00884
0.35 5.00881
0.351 5.00879
0.352 5.00877
0.353 5.00875
0.354 5.00873
0.355 5.00871
0.356 5.00869
0.357 5.00867
0.358 5.00865
0.359 5.00863
0.36 5.0086
0.361 5.00858
0.362 5.00856
0.363 5.00854
0.364 5.00852
0.365 5.0085
0.366 5.00848
0.367 5.00846
0.368 5.00844
0.369 5.00842
0.37 5.0084
0.371 5.00837
0.372 5.00835
0.373 5.00833
0.374 5.00831
0.375 5.00829
0.376 5.00827
0.377 5.00825
0.378 5.00823
0.379 5.00821
0.38 5.00819
0.381 5.00817
0.382 5.00815
0.383 5.00813
0.384 5.00811
0.385 5.00809
0.386 5.00806
0.387 5.00804
0.388 5.00802
0.389 5.008
0.39 5.00798
0.391 5.00796
0.392 5.00794
0.393 5.00792
0.394 5.0079
0.395 5.00788
0.396 5.00786
0.397 5.00784
0.398 5.00782
0.399 5.0078
0.4 5.00778
0.401 5.00776
0.402 5.00774
0.403 5.00772
0.404 5.0077
0.405 5.00768
0.406 5.00766
0.407 5.00764
0.408 5.00762
0.409 5.0076
0.41 5.00758
0.411 5.00756
0.412 5.00754
0.413 5.00752
0.414 5.0075
0.415 5.00748
0.416 5.00746
0.417 5.00744
0.418 5.00742
0.419 5.0074
0.42 5.00738
0.421 5.00736
0.422 5.00734
0.423 5.00732
0.424 5.0073
0.425 5.00728
0.426 5.00726
0.427 5.00724
0.428 5.00722
0.429 5.0072
0.43 5.00718
0.431 5.00716
0.432 5.00714
0.433 5.00712
0.434 5.0071
0.435 5.00708
0.436 5.00706
0.437 5.00704
0.438 5.00702
0.439 5.007
0.44 5.00698
0.441 5.00696
0.442 5.00694
0.443 5.00692
0.444 5.0069
0.445 5.00688
0.446 5.00686
0.447 5.00684
0.448 5.00682
0.449 5.0068
0.45 5.00678
0.451 5.00676
0.452 5.00674
0.453 5.00672
0.454 5.0067
0.455 5.00668
0.456 5.00666
0.457 5.00665
0.458 5.00663
0.459 5.00661
0.46 5.00659
0.461 5.00657
0.462 5.00655
0.463 5.00653
0.464 5.00651
0.465 5.00649
0.466 5.00647
0.467 5.00645
0.468 5.00643
0.469 5.00641
0.47 5.00639
0.471 5.00637
0.472 5.00635
0.473 5.00634
0.474 5.00632
0.475 5.0063
0.476 5.00628
0.477 5.00626
0.478 5.00624
0.479 5.00622
0.48 5.0062
0.481 5.00618
0.482 5.00616
0.483 5.00614
0.484 5.00612
0.485 5.00611
0.486 5.00609
0.487 5.00607
0.488 5.00605
0.489 5.00603
0.49 5.00601
0.491 5.00599
0.492 5.00597
0.493 5.00595
0.494 5.00593
0.495 5.00591
0.496 5.0059
0.497 5.00588
0.498 5.00586
0.499 5.00584
0.5 5.00582
0.501 5.0058
0.502 5.00578
0.503 5.00576
0.504 5.00574
0.505 5.00572
0.506 5.00571
0.507 5.00569
0.508 5.00567
0.509 5.00565
0.51 5.00563
0.511 5.00561
0.512 5.00559
0.513 5.00557
0.514 5.00556
0.515 5.00554
0.516 5.00552
0.517 5.0055
0.518 5.00548
0.519 5.00546
0.52 5.00544
0.521 5.00542
0.522 5.00541
0.523 5.00539
0.524 5.00537
0.525 5.00535
0.526 5.00533
0.527 5.00531
0.528 5.00529
0.529 5.00527
0.53 5.00526
0.531 5.00524
0.532 5.00522
0.533 5.0052
0.534 5.00518
0.535 5.00516
0.536 5.00514
0.537 5.00513
0.538 5.00511
0.539 5.00509
0.54 5.00507
0.541 5.00505
0.542 5.00503
0.543 5.00501
0.544 5.005
0.545 5.00498
0.546 5.00496
0.547 5.00494
0.548 5.00492
0.549 5.0049
0.55 5.00489
0.551 5.00487
0.552 5.00485
0.553 5.00483
0.554 5.00481
0.555 5.00479
0.556 5.00477
0.557 5.00476
0.558 5.00474
0.559 5.00472
0.56 5.0047
0.561 5.00468
0.562 5.00466
0.563 5.00465
0.564 5.00463
0.565 5.00461
0.566 5.00459
0.567 5.00457
0.568 5.00455
0.569 5.00454
0.57 5.00452
0.571 5.0045
0.572 5.00448
0.573 5.00446
0.574 5.00444
0.575 5.00443
0.576 5.00441
0.577 5.00439
0.578 5.00437
0.579 5.00435
0.58 5.00434
0.581 5.00432
0.582 5.0043
0.583 5.00428
0.584 5.00426
0.585 5.00424
0.586 5.00423
0.587 5.00421
0.588 5.00419
0.589 5.00417
0.59 5.00415
0.591 5.00414
0.592 5.00412
0.593 5.0041
0.594 5.00408
0.595 5.00406
0.596 5.00405
0.597 5.00403
0.598 5.00401
0.599 5.00399
0.6 5.00397
0.601 5.00395
0.602 5.00394
0.603 5.00392
0.604 5.0039
0.605 5.00388
0.606 5.00386
0.607 5.00385
0.608 5.00383
0.609 5.00381
0.61 5.00379
0.611 5.00377
0.612 5.00376
0.613 5.00374
0.614 5.00372
0.615 5.0037
0.616 5.00368
0.617 5.00367
0.618 5.00365
0.619 5.00363
0.62 5.00361
0.621 5.00359
0.622 5.00358
0.623 5.00356
0.624 5.00354
0.625 5.00352
0.626 5.00351
0.627 5.00349
0.628 5.00347
0.629 5.00345
0.63 5.00343
0.631 5.00342
0.632 5.0034
0.633 5.00338
0.634 5.00336
0.635 5.00334
0.636 5.00333
0.637 5.00331
0.638 5.00329
0.639 5.00327
0.64 5.00325
0.641 5.00324
0.642 5.00322
0.643 5.0032
0.644 5.00318
0.645 5.00317
0.646 5.00315
0.647 5.00313
0.648 5.00311
0.649 5.00309
0.65 5.00308
0.651 5.00306
0.652 5.00304
0.653 5.00302
0.654 5.00301
0.655 5.00299
0.656 5.00297
0.657 5.00295
0.658 5.00293
0.659 5.00292
0.66 5.0029
0.661 5.00288
0.662 5.00286
0.663 5.00285
0.664 5.00283
0.665 5.00281
0.666 5.00279
0.667 5.00277
0.668 5.00276
0.669 5.00274
0.67 5.00272
0.671 5.0027
0.672 5.00269
0.673 5.00267
0.674 5.00265
0.675 5.00263
0.676 5.00262
0.677 5.0026
0.678 5.00258
0.679 5.00256
0.68 5.00254
0.681 5.00253
0.682 5.00251
0.683 5.00249
0.684 5.00247
0.685 5.00246
0.686 5.00244
0.687 5.00242
0.688 5.0024
0.689 5.00239
0.69 5.00237
0.691 5.00235
0.692 5.00233
0.693 5.00231
0.694 5.0023
0.695 5.00228
0.696 5.00226
0.697 5.00224
0.698 5.00223
0.699 5.00221
0.7 5.00219
0.701 5.00217
0.702 5.00216
0.703 5.00214
0.704 5.00212
0.705 5.0021
0.706 5.00209
0.707 5.00207
0.708 5.00205
0.709 5.00203
0.71 5.00202
0.711 5.002
0.712 5.00198
0.713 5.00196
0.714 5.00194
0.715 5.00193
0.716 5.00191
0.717 5.00189
0.718 5.00187
0.719 5.00186
0.72 5.00184
0.721 5.00182
0.722 5.0018
0.723 5.00179
0.724 5.00177
0.725 5.00175
0.726 5.00173
0.727 5.00172
0.728 5.0017
0.729 5.00168
0.73 5.00166
0.731 5.00165
0.732 5.00163
0.733 5.00161
0.734 5.00159
0.735 5.00158
0.736 5.00156
0.737 5.00154
0.738 5.00152
0.739 5.0015
0.74 5.00149
0.741 5.00147
0.742 5.00145
0.743 5.00143
0.744 5.00142
0.745 5.0014
0.746 5.00138
0.747 5.00136
0.748 5.00135
0.749 5.00133
0.75 5.00131
0.751 5.00129
0.752 5.00128
0.753 5.00126
0.754 5.00124
0.755 5.00122
0.756 5.00121
0.757 5.00119
0.758 5.00117
0.759 5.00115
0.76 5.00114
0.761 5.00112
0.762 5.0011
0.763 5.00108
0.764 5.00107
0.765 5.00105
0.766 5.00103
0.767 5.00101
0.768 5.00099
0.769 5.00098
0.77 5.00096
0.771 5.00094
0.772 5.00092
0.773 5.00091
0.774 5.00089
0.775 5.00087
0.776 5.00085
0.777 5.00084
0.778 5.00082
0.779 5.0008
0.78 5.00078
0.781 5.00077
0.782 5.00075
0.783 5.00073
0.784 5.00071
0.785 5.0007
0.786 5.00068
0.787 5.00066
0.788 5.00064
0.789 5.00063
0.79 5.00061
0.791 5.00059
0.792 5.00057
0.793 5.00056
0.794 5.00054
0.795 5.00052
0.796 5.0005
0.797 5.00048
0.798 5.00047
0.799 5.00045
0.8 5.00043
0.801 5.00041
0.802 5.0004
0.803 5.00038
0.804 5.00036
0.805 5.00034
0.806 5.00033
0.807 5.00031
0.808 5.00029
0.809 5.00027
0.81 5.00026
0.811 5.00024
0.812 5.00022
0.813 5.0002
0.814 5.00019
0.815 5.00017
0.816 5.00015
0.817 5.00013
0.818 5.00011
0.819 5.0001
0.82 5.00008
0.821 5.00006
0.822 5.00004
0.823 5.00003
0.824 5.00001
0.825 4.99999
0.826 4.99997
0.827 4.99996
0.828 4.99994
0.829 4.99992
0.83 4.9999
0.831 4.99989
0.832 4.99987
0.833 4.99985
0.834 4.99983
0.835 4.99981
0.836 4.9998
0.837 4.99978
0.838 4.99976
0.839 4.99974
0.84 4.99973
0.841 4.99971
0.842 4.99969
0.843 4.99967
0.844 4.99966
0.845 4.99964
0.846 4.99962
0.847 4.9996
0.848 4.99958
0.849 4.99957
0.85 4.99955
0.851 4.99953
0.852 4.99951
0.853 4.9995
0.854 4.99948
0.855 4.99946
0.856 4.99944
0.857 4.99942
0.858 4.99941
0.859 4.99939
0.86 4.99937
0.861 4.99935
0.862 4.99934
0.863 4.99932
0.864 4.9993
0.865 4.99928
0.866 4.99926
0.867 4.99925
0.868 4.99923
0.869 4.99921
0.87 4.99919
0.871 4.99918
0.872 4.99916
0.873 4.99914
0.874 4.99912
0.875 4.9991
0.876 4.99909
0.877 4.99907
0.878 4.99905
0.879 4.99903
0.88 4.99902
0.881 4.999
0.882 4.99898
0.883 4.99896
0.884 4.99894
0.885 4.99893
0.886 4.99891
0.887 4.99889
0.888 4.99887
0.889 4.99886
0.89 4.99884
0.891 4.99882
0.892 4.9988
0.893 4.99878
0.894 4.99877
0.895 4.99875
0.896 4.99873
0.897 4.99871
0.898 4.99869
0.899 4.99868
0.9 4.99866
0.901 4.99864
0.902 4.99862
0.903 4.9986
0.904 4.99859
0.905 4.99857
0.906 4.99855
0.907 4.99853
0.908 4.99852
0.909 4.9985
0.91 4.99848
0.911 4.99846
0.912 4.99844
0.913 4.99843
0.914 4.99841
0.915 4.99839
0.916 4.99837
0.917 4.99835
0.918 4.99834
0.919 4.99832
0.92 4.9983
0.921 4.99828
0.922 4.99826
0.923 4.99825
0.924 4.99823
0.925 4.99821
0.926 4.99819
0.927 4.99817
0.928 4.99816
0.929 4.99814
0.93 4.99812
0.931 4.9981
0.932 4.99808
0.933 4.99807
0.934 4.99805
0.935 4.99803
0.936 4.99801
0.937 4.99799
0.938 4.99798
0.939 4.99796
0.94 4.99794
0.941 4.99792
0.942 4.9979
0.943 4.99788
0.944 4.99787
0.945 4.99785
0.946 4.99783
0.947 4.99781
0.948 4.99779
0.949 4.99778
0.95 4.99776
0.951 4.99774
0.952 4.99772
0.953 4.9977
0.954 4.99769
0.955 4.99767
0.956 4.99765
0.957 4.99763
0.958 4.99761
0.959 4.99759
0.96 4.99758
0.961 4.99756
0.962 4.99754
0.963 4.99752
0.964 4.9975
0.965 4.99749
0.966 4.99747
0.967 4.99745
0.968 4.99743
0.969 4.99741
0.97 4.99739
0.971 4.99738
0.972 4.99736
0.973 4.99734
0.974 4.99732
0.975 4.9973
0.976 4.99728
0.977 4.99727
0.978 4.99725
0.979 4.99723
0.98 4.99721
0.981 4.99719
0.982 4.99718
0.983 4.99716
0.984 4.99714
0.985 4.99712
0.986 4.9971
0.987 4.99708
0.988 4.99707
0.989 4.99705
0.99 4.99703
0.991 4.99701
0.992 4.99699
0.993 4.99697
0.994 4.99696
0.995 4.99694
0.996 4.99692
0.997 4.9969
0.998 4.99688
0.999 4.99686
1 4.99684
1.001 5
