0 5
0.003 3.68483
0.006 3.68448
0.009 3.68413
0.012 3.68377
0.015 3.68341
0.018 3.68305
0.021 3.68269
0.024 3.68232
0.027 3.68196
0.03 3.68159
0.033 3.68122
0.036 3.68084
0.039 3.68047
0.042 3.68009
0.045 3.67971
0.048 3.67933
0.051 3.67894
0.054 3.67856
0.057 3.67817
0.06 3.67778
0.063 3.67739
0.066 3.67699
0.069 3.6766
0.072 3.6762
0.075 3.6758
0.078 3.6754
0.081 3.67499
0.084 3.67458
0.087 3.67417
0.09 3.67376
0.093 3.67335
0.096 3.67293
0.099 3.67251
0.102 3.67209
0.105 3.67167
0.108 3.67125
0.111 3.67082
0.114 3.67039
0.117 3.66996
0.12 3.66953
0.123 3.66909
0.126 3.66865
0.129 3.66821
0.132 3.66777
0.135 3.66732
0.138 3.66688
0.141 3.66643
0.144 3.66598
0.147 3.66552
0.15 3.66507
0.153 3.66461
0.156 3.66415
0.159 3.66369
0.162 3.66322
0.165 3.66276
0.168 3.66229
0.171 3.66182
0.174 3.66134
0.177 3.66087
0.18 3.66039
0.183 3.65991
0.186 3.65943
0.189 3.65894
0.192 3.65846
0.195 3.65797
0.198 3.65748
0.201 3.65698
0.204 3.65649
0.207 3.65599
0.21 3.65549
0.213 3.65498
0.216 3.65448
0.219 3.65397
0.222 3.65346
0.225 3.65295
0.228 3.65244
0.231 3.65192
0.234 3.6514
0.237 3.65088
0.24 3.65036
0.243 3.64983
0.246 3.64931
0.249 3.64878
0.252 3.64824
0.255 3.64771
0.258 3.64717
0.261 3.64664
0.264 3.64609
0.267 3.64555
0.27 3.64501
0.273 3.64446
0.276 3.64391
0.279 3.64336
0.282 3.6428
0.285 3.64224
0.288 3.64169
0.291 3.64112
0.294 3.64056
0.297 3.64
0.3 3.63943
0.303 3.63886
0.306 3.63829
0.309 3.63771
0.312 3.63713
0.315 3.63655
0.318 3.63597
0.321 3.63539
0.324 3.6348
0.327 3.63422
0.33 3.63363
0.333 3.63303
0.336 3.63244
0.339 3.63184
0.342 3.63124
0.345 3.63064
0.348 3.63004
0.351 3.62943
0.354 3.62883
0.357 3.62822
0.36 3.6276
0.363 3.62699
0.366 3.62637
0.369 3.62575
0.372 3.62513
0.375 3.62451
0.378 3.62389
0.381 3.62326
0.384 3.62263
0.387 3.622
0.39 3.62136
0.393 3.62073
0.396 3.62009
0.399 3.61945
0.402 3.61881
0.405 3.61816
0.408 3.61752
0.411 3.61687
0.414 3.61622
0.417 3.61557
0.42 3.61491
0.423 3.61426
0.426 3.6136
0.429 3.61294
0.432 3.61227
0.435 3.61161
0.438 3.61094
0.441 3.61027
0.444 3.6096
0.447 3.60893
0.45 3.60825
0.453 3.60758
0.456 3.6069
0.459 3.60622
0.462 3.60553
0.465 3.60485
0.468 3.60416
0.471 3.60347
0.474 3.60278
0.477 3.60209
0.48 3.60139
0.483 3.6007
0.486 3.6
0.489 3.5993
0.492 3.5986
0.495 3.59789
0.498 3.59719
0.501 3.59648
0.504 3.59577
0.507 3.59506
0.51 3.59434
0.513 3.59363
0.516 3.59291
0.519 3.59219
0.522 3.59147
0.525 3.59075
0.528 3.59002
0.531 3.5893
0.534 3.58857
0.537 3.58784
0.54 3.58711
0.543 3.58638
0.546 3.58564
0.549 3.58491
0.552 3.58417
0.555 3.58343
0.558 3.58269
0.561 3.58194
0.564 3.5812
0.567 3.58045
0.57 3.57971
0.573 3.57896
0.576 3.57821
0.579 3.57745
0.582 3.5767
0.585 3.57594
0.588 3.57519
0.591 3.57443
0.594 3.57367
0.597 3.57291
0.6 3.57214
0.603 3.57138
0.606 3.57061
0.609 3.56985
0.612 3.56908
0.615 3.56831
0.618 3.56754
0.621 3.56676
0.624 3.56599
0.627 3.56521
0.63 3.56444
0.633 3.56366
0.636 3.56288
0.639 3.5621
0.642 3.56132
0.645 3.56053
0.648 3.55975
0.651 3.55896
0.654 3.55818
0.657 3.55739
0.66 3.5566
0.663 3.55581
0.666 3.55502
0.669 3.55422
0.672 3.55343
0.675 3.55264
0.678 3.55184
0.681 3.55104
0.684 3.55025
0.687 3.54945
0.69 3.54865
0.693 3.54785
0.696 3.54705
0.699 3.54624
0.702 3.54544
0.705 3.54463
0.708 3.54383
0.711 3.54302
0.714 3.54222
0.717 3.54141
0.72 3.5406
0.723 3.53979
0.726 3.53898
0.729 3.53817
0.732 3.53736
0.735 3.53654
0.738 3.53573
0.741 3.53492
0.744 3.5341
0.747 3.53329
0.75 3.53247
0.753 3.53165
0.756 3.53084
0.759 3.53002
0.762 3.5292
0.765 3.52838
0.768 3.52756
0.771 3.52674
0.774 3.52592
0.777 3.5251
0.78 3.52428
0.783 3.52346
0.786 3.52264
0.789 3.52181
0.792 3.52099
0.795 3.52017
0.798 3.51934
0.801 3.51852
0.804 3.51769
0.807 3.51687
0.81 3.51604
0.813 3.51522
0.816 3.51439
0.819 3.51357
0.822 3.51274
0.825 3.51191
0.828 3.51109
0.831 3.51026
0.834 3.50943
0.837 3.50861
0.84 3.50778
0.843 3.50695
0.846 3.50613
0.849 3.5053
0.852 3.50447
0.855 3.50364
0.858 3.50282
0.861 3.50199
0.864 3.50116
0.867 3.50033
0.87 3.49951
0.873 3.49868
0.876 3.49785
0.879 3.49703
0.882 3.4962
0.885 3.49537
0.888 3.49454
0.891 3.49372
0.894 3.49289
0.897 3.49207
0.9 3.49124
0.903 3.49041
0.906 3.48959
0.909 3.48876
0.912 3.48794
0.915 3.48711
0.918 3.48629
0.921 3.48547
0.924 3.48464
0.927 3.48382
0.93 3.483
0.933 3.48217
0.936 3.48135
0.939 3.48053
0.942 3.47971
0.945 3.47889
0.948 3.47807
0.951 3.47725
0.954 3.47643
0.957 3.47561
0.96 3.47479
0.963 3.47397
0.966 3.47315
0.969 3.47234
0.972 3.47152
0.975 3.4707
0.978 3.46989
0.981 3.46907
0.984 3.46826
0.987 3.46745
0.99 3.46663
0.993 3.46582
0.996 3.46501
0.999 3.4642
1.002 3.46339
1.005 3.46258
1.008 3.46177
1.011 3.46097
1.014 3.46016
1.017 3.45935
1.02 3.45855
1.023 3.45774
1.026 3.45694
1.029 3.45614
1.032 3.45533
1.035 3.45453
1.038 3.45373
1.041 3.45293
1.044 3.45213
1.047 3.45134
1.05 3.45054
1.053 3.44974
1.056 3.44895
1.059 3.44815
1.062 3.44736
1.065 3.44657
1.068 3.44578
1.071 3.44499
1.074 3.4442
1.077 3.44341
1.08 3.44262
1.083 3.44184
1.086 3.44105
1.089 3.44027
1.092 3.43948
1.095 3.4387
1.098 3.43792
1.101 3.43714
1.104 3.43636
1.107 3.43558
1.11 3.43481
1.113 3.43403
1.116 3.43326
1.119 3.43248
1.122 3.43171
1.125 3.43094
1.128 3.43017
1.131 3.4294
1.134 3.42864
1.137 3.42787
1.14 3.42711
1.143 3.42634
1.146 3.42558
1.149 3.42482
1.152 3.42406
1.155 3.4233
1.158 3.42254
1.161 3.42179
1.164 3.42103
1.167 3.42028
1.17 3.41953
1.173 3.41878
1.176 3.41803
1.179 3.41728
1.182 3.41653
1.185 3.41578
1.188 3.41504
1.191 3.4143
1.194 3.41355
1.197 3.41281
1.2 3.41208
1.203 3.41134
1.206 3.4106
1.209 3.40987
1.212 3.40913
1.215 3.4084
1.218 3.40767
1.221 3.40694
1.224 3.40621
1.227 3.40548
1.23 3.40476
1.233 3.40403
1.236 3.40331
1.239 3.40259
1.242 3.40187
1.245 3.40115
1.248 3.40043
1.251 3.39972
1.254 3.399
1.257 3.39829
1.26 3.39758
1.263 3.39687
1.266 3.39616
1.269 3.39545
1.272 3.39474
1.275 3.39404
1.278 3.39334
1.281 3.39263
1.284 3.39193
1.287 3.39123
1.29 3.39053
1.293 3.38984
1.296 3.38914
1.299 3.38845
1.302 3.38776
1.305 3.38706
1.308 3.38637
1.311 3.38568
1.314 3.385
1.317 3.38431
1.32 3.38363
1.323 3.38294
1.326 3.38226
1.329 3.38158
1.332 3.3809
1.335 3.38022
1.338 3.37954
1.341 3.37887
1.344 3.37819
1.347 3.37752
1.35 3.37685
1.353 3.37618
1.356 3.37551
1.359 3.37484
1.362 3.37417
1.365 3.37351
1.368 3.37284
1.371 3.37218
1.374 3.37152
1.377 3.37085
1.38 3.37019
1.383 3.36953
1.386 3.36888
1.389 3.36822
1.392 3.36756
1.395 3.36691
1.398 3.36625
1.401 3.3656
1.404 3.36495
1.407 3.3643
1.41 3.36365
1.413 3.363
1.416 3.36235
1.419 3.3617
1.422 3.36106
1.425 3.36041
1.428 3.35977
1.431 3.35913
1.434 3.35848
1.437 3.35784
1.44 3.3572
1.443 3.35656
1.446 3.35592
1.449 3.35528
1.452 3.35464
1.455 3.35401
1.458 3.35337
1.461 3.35273
1.464 3.3521
1.467 3.35146
1.47 3.35083
1.473 3.3502
1.476 3.34956
1.479 3.34893
1.482 3.3483
1.485 3.34767
1.488 3.34704
1.491 3.34641
1.494 3.34578
1.497 3.34515
1.5 3.34452
1.503 3.34389
1.506 3.34326
1.509 3.34263
1.512 3.342
1.515 3.34138
1.518 3.34075
1.521 3.34012
1.524 3.33949
1.527 3.33887
1.53 3.33824
1.533 3.33761
1.536 3.33698
1.539 3.33636
1.542 3.33573
1.545 3.3351
1.548 3.33447
1.551 3.33385
1.554 3.33322
1.557 3.33259
1.56 3.33196
1.563 3.33133
1.566 3.3307
1.569 3.33008
1.572 3.32945
1.575 3.32882
1.578 3.32819
1.581 3.32755
1.584 3.32692
1.587 3.32629
1.59 3.32566
1.593 3.32503
1.596 3.32439
1.599 3.32376
1.602 3.32312
1.605 3.32249
1.608 3.32185
1.611 3.32121
1.614 3.32057
1.617 3.31993
1.62 3.31929
1.623 3.31865
1.626 3.31801
1.629 3.31737
1.632 3.31672
1.635 3.31608
1.638 3.31543
1.641 3.31478
1.644 3.31413
1.647 3.31348
1.65 3.31283
1.653 3.31218
1.656 3.31152
1.659 3.31087
1.662 3.31021
1.665 3.30955
1.668 3.30889
1.671 3.30822
1.674 3.30756
1.677 3.30689
1.68 3.30623
1.683 3.30556
1.686 3.30488
1.689 3.30421
1.692 3.30354
1.695 3.30286
1.698 3.30218
1.701 3.3015
1.704 3.30081
1.707 3.30013
1.71 3.29944
1.713 3.29875
1.716 3.29805
1.719 3.29736
1.722 3.29666
1.725 3.29596
1.728 3.29526
1.731 3.29455
1.734 3.29384
1.737 3.29313
1.74 3.29242
1.743 3.2917
1.746 3.29098
1.749 3.29026
1.752 3.28954
1.755 3.28881
1.758 3.28808
1.761 3.28734
1.764 3.2866
1.767 3.28586
1.77 3.28512
1.773 3.28437
1.776 3.28362
1.779 3.28287
1.782 3.28211
1.785 3.28135
1.788 3.28059
1.791 3.27982
1.794 3.27905
1.797 3.27827
1.8 3.27749
1.803 3.27671
1.806 3.27592
1.809 3.27513
1.812 3.27434
1.815 3.27354
1.818 3.27273
1.821 3.27193
1.824 3.27111
1.827 3.2703
1.83 3.26948
1.833 3.26866
1.836 3.26783
1.839 3.26699
1.842 3.26616
1.845 3.26531
1.848 3.26447
1.851 3.26362
1.854 3.26276
1.857 3.2619
1.86 3.26103
1.863 3.26016
1.866 3.25929
1.869 3.25841
1.872 3.25752
1.875 3.25663
1.878 3.25573
1.881 3.25483
1.884 3.25393
1.887 3.25301
1.89 3.2521
1.893 3.25117
1.896 3.25025
1.899 3.24931
1.902 3.24837
1.905 3.24743
1.908 3.24648
1.911 3.24552
1.914 3.24456
1.917 3.24359
1.92 3.24262
1.923 3.24164
1.926 3.24066
1.929 3.23967
1.932 3.23867
1.935 3.23766
1.938 3.23666
1.941 3.23564
1.944 3.23462
1.947 3.23359
1.95 3.23256
1.953 3.23152
1.956 3.23047
1.959 3.22941
1.962 3.22835
1.965 3.22729
1.968 3.22622
1.971 3.22514
1.974 3.22405
1.977 3.22296
1.98 3.22186
1.983 3.22075
1.986 3.21964
1.989 3.21852
1.992 3.21739
1.995 3.21626
1.998 3.21512
2.001 3.21397
2.004 3.21282
2.007 3.21166
2.01 3.21049
2.013 3.20931
2.016 3.20813
2.019 3.20694
2.022 3.20575
2.025 3.20454
2.028 3.20333
2.031 3.20211
2.034 3.20089
2.037 3.19966
2.04 3.19842
2.043 3.19717
2.046 3.19592
2.049 3.19466
2.052 3.19339
2.055 3.19211
2.058 3.19083
2.061 3.18954
2.064 3.18825
2.067 3.18694
2.07 3.18563
2.073 3.18431
2.076 3.18299
2.079 3.18165
2.082 3.18031
2.085 3.17896
2.088 3.17761
2.091 3.17625
2.094 3.17488
2.097 3.1735
2.1 3.17212
2.103 3.17073
2.106 3.16933
2.109 3.16793
2.112 3.16651
2.115 3.16509
2.118 3.16367
2.121 3.16224
2.124 3.1608
2.127 3.15935
2.13 3.15789
2.133 3.15643
2.136 3.15497
2.139 3.15349
2.142 3.15201
2.145 3.15052
2.148 3.14903
2.151 3.14753
2.154 3.14602
2.157 3.14451
2.16 3.14298
2.163 3.14146
2.166 3.13992
2.169 3.13838
2.172 3.13684
2.175 3.13529
2.178 3.13373
2.181 3.13216
2.184 3.13059
2.187 3.12902
2.19 3.12743
2.193 3.12585
2.196 3.12425
2.199 3.12265
2.202 3.12105
2.205 3.11944
2.208 3.11782
2.211 3.1162
2.214 3.11457
2.217 3.11294
2.22 3.1113
2.223 3.10966
2.226 3.10801
2.229 3.10636
2.232 3.1047
2.235 3.10304
2.238 3.10138
2.241 3.09971
2.244 3.09803
2.247 3.09635
2.25 3.09467
2.253 3.09298
2.256 3.09129
2.259 3.08959
2.262 3.08789
2.265 3.08619
2.268 3.08448
2.271 3.08277
2.274 3.08106
2.277 3.07934
2.28 3.07762
2.283 3.0759
2.286 3.07417
2.289 3.07244
2.292 3.07071
2.295 3.06897
2.298 3.06723
2.301 3.06549
2.304 3.06375
2.307 3.06201
2.31 3.06026
2.313 3.05851
2.316 3.05676
2.319 3.05501
2.322 3.05325
2.325 3.05149
2.328 3.04974
2.331 3.04798
2.334 3.04621
2.337 3.04445
2.34 3.04269
2.343 3.04092
2.346 3.03916
2.349 3.03739
2.352 3.03563
2.355 3.03386
2.358 3.03209
2.361 3.03032
2.364 3.02855
2.367 3.02678
2.37 3.02501
2.373 3.02324
2.376 3.02148
2.379 3.01971
2.382 3.01794
2.385 3.01617
2.388 3.0144
2.391 3.01263
2.394 3.01087
2.397 3.0091
2.4 3.00734
2.403 3.00557
2.406 3.00381
2.409 3.00205
2.412 3.00029
2.415 2.99853
2.418 2.99677
2.421 2.99502
2.424 2.99326
2.427 2.99151
2.43 2.98976
2.433 2.98801
2.436 2.98626
2.439 2.98451
2.442 2.98277
2.445 2.98103
2.448 2.97929
2.451 2.97755
2.454 2.97582
2.457 2.97409
2.46 2.97236
2.463 2.97063
2.466 2.96891
2.469 2.96718
2.472 2.96547
2.475 2.96375
2.478 2.96204
2.481 2.96033
2.484 2.95862
2.487 2.95692
2.49 2.95522
2.493 2.95352
2.496 2.95183
2.499 2.95014
2.502 2.94845
2.505 2.94677
2.508 2.94509
2.511 2.94341
2.514 2.94174
2.517 2.94007
2.52 2.93841
2.523 2.93675
2.526 2.93509
2.529 2.93344
2.532 2.93179
2.535 2.93014
2.538 2.9285
2.541 2.92687
2.544 2.92524
2.547 2.92361
2.55 2.92199
2.553 2.92037
2.556 2.91875
2.559 2.91714
2.562 2.91554
2.565 2.91394
2.568 2.91234
2.571 2.91075
2.574 2.90916
2.577 2.90758
2.58 2.906
2.583 2.90443
2.586 2.90286
2.589 2.9013
2.592 2.89974
2.595 2.89819
2.598 2.89664
2.601 2.8951
2.604 2.89356
2.607 2.89203
2.61 2.8905
2.613 2.88898
2.616 2.88746
2.619 2.88595
2.622 2.88444
2.625 2.88294
2.628 2.88144
2.631 2.87995
2.634 2.87847
2.637 2.87699
2.64 2.87552
2.643 2.87405
2.646 2.87259
2.649 2.87113
2.652 2.86968
2.655 2.86823
2.658 2.86679
2.661 2.86536
2.664 2.86393
2.667 2.8625
2.67 2.86109
2.673 2.85967
2.676 2.85827
2.679 2.85687
2.682 2.85547
2.685 2.85409
2.688 2.8527
2.691 2.85133
2.694 2.84996
2.697 2.84859
2.7 2.84723
2.703 2.84588
2.706 2.84454
2.709 2.8432
2.712 2.84186
2.715 2.84053
2.718 2.83921
2.721 2.8379
2.724 2.83659
2.727 2.83528
2.73 2.83398
2.733 2.83269
2.736 2.83141
2.739 2.83013
2.742 2.82886
2.745 2.82759
2.748 2.82633
2.751 2.82508
2.754 2.82383
2.757 2.82259
2.76 2.82135
2.763 2.82013
2.766 2.8189
2.769 2.81769
2.772 2.81648
2.775 2.81528
2.778 2.81408
2.781 2.81289
2.784 2.8117
2.787 2.81053
2.79 2.80936
2.793 2.80819
2.796 2.80703
2.799 2.80588
2.802 2.80473
2.805 2.8036
2.808 2.80246
2.811 2.80134
2.814 2.80022
2.817 2.7991
2.82 2.798
2.823 2.7969
2.826 2.7958
2.829 2.79471
2.832 2.79363
2.835 2.79256
2.838 2.79149
2.841 2.79043
2.844 2.78937
2.847 2.78832
2.85 2.78728
2.853 2.78624
2.856 2.78521
2.859 2.78419
2.862 2.78317
2.865 2.78216
2.868 2.78115
2.871 2.78015
2.874 2.77916
2.877 2.77818
2.88 2.7772
2.883 2.77622
2.886 2.77526
2.889 2.7743
2.892 2.77334
2.895 2.77239
2.898 2.77145
2.901 2.77052
2.904 2.76959
2.907 2.76866
2.91 2.76775
2.913 2.76683
2.916 2.76593
2.919 2.76503
2.922 2.76414
2.925 2.76325
2.928 2.76237
2.931 2.7615
2.934 2.76063
2.937 2.75977
2.94 2.75891
2.943 2.75806
2.946 2.75721
2.949 2.75638
2.952 2.75554
2.955 2.75472
2.958 2.7539
2.961 2.75308
2.964 2.75227
2.967 2.75147
2.97 2.75067
2.973 2.74988
2.976 2.74909
2.979 2.74831
2.982 2.74754
2.985 2.74677
2.988 2.74601
2.991 2.74525
2.994 2.7445
2.997 2.74375
3 2.74301
3.001 5
