0 0
0.001 3.42778
0.002 3.42769
0.003 3.4276
0.004 3.42751
0.005 3.42742
0.006 3.42733
0.007 3.42724
0.008 3.42715
0.009 3.42706
0.01 3.42697
0.011 3.42688
0.012 3.4268
0.013 3.42671
0.014 3.42662
0.015 3.42653
0.016 3.42644
0.017 3.42635
0.018 3.42626
0.019 3.42617
0.02 3.42608
0.021 3.42599
0.022 3.4259
0.023 3.42582
0.024 3.42573
0.025 3.42564
0.026 3.42555
0.027 3.42546
0.028 3.42537
0.029 3.42528
0.03 3.4252
0.031 3.42511
0.032 3.42502
0.033 3.42493
0.034 3.42484
0.035 3.42475
0.036 3.42466
0.037 3.42458
0.038 3.42449
0.039 3.4244
0.04 3.42431
0.041 3.42422
0.042 3.42414
0.043 3.42405
0.044 3.42396
0.045 3.42387
0.046 3.42378
0.047 3.4237
0.048 3.42361
0.049 3.42352
0.05 3.42343
0.051 3.42335
0.052 3.42326
0.053 3.42317
0.054 3.42308
0.055 3.423
0.056 3.42291
0.057 3.42282
0.058 3.42274
0.059 3.42265
0.06 3.42256
0.061 3.42247
0.062 3.42239
0.063 3.4223
0.064 3.42221
0.065 3.42213
0.066 3.42204
0.067 3.42195
0.068 3.42187
0.069 3.42178
0.07 3.42169
0.071 3.42161
0.072 3.42152
0.073 3.42143
0.074 3.42135
0.075 3.42126
0.076 3.42117
0.077 3.42109
0.078 3.421
0.079 3.42092
0.08 3.42083
0.081 3.42074
0.082 3.42066
0.083 3.42057
0.084 3.42049
0.085 3.4204
0.086 3.42031
0.087 3.42023
0.088 3.42014
0.089 3.42006
0.09 3.41997
0.091 3.41989
0.092 3.4198
0.093 3.41971
0.094 3.41963
0.095 3.41954
0.096 3.41946
0.097 3.41937
0.098 3.41929
0.099 3.4192
0.1 3.41912
0.101 3.41903
0.102 3.41895
0.103 3.41886
0.104 3.41878
0.105 3.41869
0.106 3.41861
0.107 3.41852
0.108 3.41844
0.109 3.41836
0.11 3.41827
0.111 3.41819
0.112 3.4181
0.113 3.41802
0.114 3.41793
0.115 3.41785
0.116 3.41777
0.117 3.41768
0.118 3.4176
0.119 3.41751
0.12 3.41743
0.121 3.41735
0.122 3.41726
0.123 3.41718
0.124 3.41709
0.125 3.41701
0.126 3.41693
0.127 3.41684
0.128 3.41676
0.129 3.41668
0.13 3.41659
0.131 3.41651
0.132 3.41643
0.133 3.41634
0.134 3.41626
0.135 3.41618
0.136 3.4161
0.137 3.41601
0.138 3.41593
0.139 3.41585
0.14 3.41576
0.141 3.41568
0.142 3.4156
0.143 3.41552
0.144 3.41543
0.145 3.41535
0.146 3.41527
0.147 3.41519
0.148 3.41511
0.149 3.41502
0.15 3.41494
0.151 3.41486
0.152 3.41478
0.153 3.41469
0.154 3.41461
0.155 3.41453
0.156 3.41445
0.157 3.41437
0.158 3.41429
0.159 3.4142
0.16 3.41412
0.161 3.41404
0.162 3.41396
0.163 3.41388
0.164 3.4138
0.165 3.41372
0.166 3.41364
0.167 3.41355
0.168 3.41347
0.169 3.41339
0.17 3.41331
0.171 3.41323
0.172 3.41315
0.173 3.41307
0.174 3.41299
0.175 3.41291
0.176 3.41283
0.177 3.41275
0.178 3.41267
0.179 3.41259
0.18 3.41251
0.181 3.41243
0.182 3.41235
0.183 3.41227
0.184 3.41219
0.185 3.41211
0.186 3.41203
0.187 3.41195
0.188 3.41187
0.189 3.41179
0.19 3.41171
0.191 3.41163
0.192 3.41155
0.193 3.41147
0.194 3.41139
0.195 3.41131
0.196 3.41123
0.197 3.41115
0.198 3.41107
0.199 3.41099
0.2 3.41091
0.201 3.41084
0.202 3.41076
0.203 3.41068
0.204 3.4106
0.205 3.41052
0.206 3.41044
0.207 3.41036
0.208 3.41028
0.209 3.41021
0.21 3.41013
0.211 3.41005
0.212 3.40997
0.213 3.40989
0.214 3.40982
0.215 3.40974
0.216 3.40966
0.217 3.40958
0.218 3.4095
0.219 3.40943
0.22 3.40935
0.221 3.40927
0.222 3.40919
0.223 3.40912
0.224 3.40904
0.225 3.40896
0.226 3.40888
0.227 3.40881
0.228 3.40873
0.229 3.40865
0.23 3.40857
0.231 3.4085
0.232 3.40842
0.233 3.40834
0.234 3.40827
0.235 3.40819
0.236 3.40811
0.237 3.40804
0.238 3.40796
0.239 3.40788
0.24 3.40781
0.241 3.40773
0.242 3.40765
0.243 3.40758
0.244 3.4075
0.245 3.40743
0.246 3.40735
0.247 3.40727
0.248 3.4072
0.249 3.40712
0.25 3.40705
0.251 3.40697
0.252 3.40689
0.253 3.40682
0.254 3.40674
0.255 3.40667
0.256 3.40659
0.257 3.40652
0.258 3.40644
0.259 3.40637
0.26 3.40629
0.261 3.40622
0.262 3.40614
0.263 3.40607
0.264 3.40599
0.265 3.40592
0.266 3.40584
0.267 3.40577
0.268 3.40569
0.269 3.40562
0.27 3.40554
0.271 3.40547
0.272 3.40539
0.273 3.40532
0.274 3.40524
0.275 3.40517
0.276 3.4051
0.277 3.40502
0.278 3.40495
0.279 3.40487
0.28 3.4048
0.281 3.40473
0.282 3.40465
0.283 3.40458
0.284 3.4045
0.285 3.40443
0.286 3.40436
0.287 3.40428
0.288 3.40421
0.289 3.40414
0.29 3.40406
0.291 3.40399
0.292 3.40392
0.293 3.40384
0.294 3.40377
0.295 3.4037
0.296 3.40362
0.297 3.40355
0.298 3.40348
0.299 3.40341
0.3 3.40333
0.301 3.40326
0.302 3.40319
0.303 3.40312
0.304 3.40304
0.305 3.40297
0.306 3.4029
0.307 3.40283
0.308 3.40275
0.309 3.40268
0.31 3.40261
0.311 3.40254
0.312 3.40247
0.313 3.40239
0.314 3.40232
0.315 3.40225
0.316 3.40218
0.317 3.40211
0.318 3.40203
0.319 3.40196
0.32 3.40189
0.321 3.40182
0.322 3.40175
0.323 3.40168
0.324 3.40161
0.325 3.40153
0.326 3.40146
0.327 3.40139
0.328 3.40132
0.329 3.40125
0.33 3.40118
0.331 3.40111
0.332 3.40104
0.333 3.40097
0.334 3.4009
0.335 3.40082
0.336 3.40075
0.337 3.40068
0.338 3.40061
0.339 3.40054
0.34 3.40047
0.341 3.4004
0.342 3.40033
0.343 3.40026
0.344 3.40019
0.345 3.40012
0.346 3.40005
0.347 3.39998
0.348 3.39991
0.349 3.39984
0.35 3.39977
0.351 3.3997
0.352 3.39963
0.353 3.39956
0.354 3.39949
0.355 3.39942
0.356 3.39935
0.357 3.39928
0.358 3.39921
0.359 3.39915
0.36 3.39908
0.361 3.39901
0.362 3.39894
0.363 3.39887
0.364 3.3988
0.365 3.39873
0.366 3.39866
0.367 3.39859
0.368 3.39852
0.369 3.39845
0.37 3.39839
0.371 3.39832
0.372 3.39825
0.373 3.39818
0.374 3.39811
0.375 3.39804
0.376 3.39797
0.377 3.39791
0.378 3.39784
0.379 3.39777
0.38 3.3977
0.381 3.39763
0.382 3.39757
0.383 3.3975
0.384 3.39743
0.385 3.39736
0.386 3.39729
0.387 3.39723
0.388 3.39716
0.389 3.39709
0.39 3.39702
0.391 3.39695
0.392 3.39689
0.393 3.39682
0.394 3.39675
0.395 3.39668
0.396 3.39662
0.397 3.39655
0.398 3.39648
0.399 3.39642
0.4 3.39635
0.401 3.39628
0.402 3.39621
0.403 3.39615
0.404 3.39608
0.405 3.39601
0.406 3.39595
0.407 3.39588
0.408 3.39581
0.409 3.39575
0.41 3.39568
0.411 3.39561
0.412 3.39555
0.413 3.39548
0.414 3.39541
0.415 3.39535
0.416 3.39528
0.417 3.39521
0.418 3.39515
0.419 3.39508
0.42 3.39502
0.421 3.39495
0.422 3.39488
0.423 3.39482
0.424 3.39475
0.425 3.39468
0.426 3.39462
0.427 3.39455
0.428 3.39449
0.429 3.39442
0.43 3.39436
0.431 3.39429
0.432 3.39422
0.433 3.39416
0.434 3.39409
0.435 3.39403
0.436 3.39396
0.437 3.3939
0.438 3.39383
0.439 3.39377
0.44 3.3937
0.441 3.39364
0.442 3.39357
0.443 3.39351
0.444 3.39344
0.445 3.39337
0.446 3.39331
0.447 3.39324
0.448 3.39318
0.449 3.39311
0.45 3.39305
0.451 3.39299
0.452 3.39292
0.453 3.39286
0.454 3.39279
0.455 3.39273
0.456 3.39266
0.457 3.3926
0.458 3.39253
0.459 3.39247
0.46 3.3924
0.461 3.39234
0.462 3.39228
0.463 3.39221
0.464 3.39215
0.465 3.39208
0.466 3.39202
0.467 3.39195
0.468 3.39189
0.469 3.39183
0.47 3.39176
0.471 3.3917
0.472 3.39163
0.473 3.39157
0.474 3.39151
0.475 3.39144
0.476 3.39138
0.477 3.39131
0.478 3.39125
0.479 3.39119
0.48 3.39112
0.481 3.39106
0.482 3.391
0.483 3.39093
0.484 3.39087
0.485 3.39081
0.486 3.39074
0.487 3.39068
0.488 3.39062
0.489 3.39055
0.49 3.39049
0.491 3.39043
0.492 3.39036
0.493 3.3903
0.494 3.39024
0.495 3.39017
0.496 3.39011
0.497 3.39005
0.498 3.38998
0.499 3.38992
0.5 3.38986
0.501 3.3898
0.502 3.38973
0.503 3.38967
0.504 3.38961
0.505 3.38954
0.506 3.38948
0.507 3.38942
0.508 3.38936
0.509 3.38929
0.51 3.38923
0.511 3.38917
0.512 3.38911
0.513 3.38904
0.514 3.38898
0.515 3.38892
0.516 3.38886
0.517 3.38879
0.518 3.38873
0.519 3.38867
0.52 3.38861
0.521 3.38855
0.522 3.38848
0.523 3.38842
0.524 3.38836
0.525 3.3883
0.526 3.38824
0.527 3.38817
0.528 3.38811
0.529 3.38805
0.53 3.38799
0.531 3.38793
0.532 3.38786
0.533 3.3878
0.534 3.38774
0.535 3.38768
0.536 3.38762
0.537 3.38756
0.538 3.38749
0.539 3.38743
0.54 3.38737
0.541 3.38731
0.542 3.38725
0.543 3.38719
0.544 3.38712
0.545 3.38706
0.546 3.387
0.547 3.38694
0.548 3.38688
0.549 3.38682
0.55 3.38676
0.551 3.38669
0.552 3.38663
0.553 3.38657
0.554 3.38651
0.555 3.38645
0.556 3.38639
0.557 3.38633
0.558 3.38627
0.559 3.38621
0.56 3.38614
0.561 3.38608
0.562 3.38602
0.563 3.38596
0.564 3.3859
0.565 3.38584
0.566 3.38578
0.567 3.38572
0.568 3.38566
0.569 3.3856
0.57 3.38553
0.571 3.38547
0.572 3.38541
0.573 3.38535
0.574 3.38529
0.575 3.38523
0.576 3.38517
0.577 3.38511
0.578 3.38505
0.579 3.38499
0.58 3.38493
0.581 3.38487
0.582 3.38481
0.583 3.38475
0.584 3.38469
0.585 3.38463
0.586 3.38457
0.587 3.38451
0.588 3.38444
0.589 3.38438
0.59 3.38432
0.591 3.38426
0.592 3.3842
0.593 3.38414
0.594 3.38408
0.595 3.38402
0.596 3.38396
0.597 3.3839
0.598 3.38384
0.599 3.38378
0.6 3.38372
0.601 3.38366
0.602 3.3836
0.603 3.38354
0.604 3.38348
0.605 3.38342
0.606 3.38336
0.607 3.3833
0.608 3.38324
0.609 3.38318
0.61 3.38312
0.611 3.38306
0.612 3.383
0.613 3.38294
0.614 3.38288
0.615 3.38282
0.616 3.38276
0.617 3.3827
0.618 3.38264
0.619 3.38258
0.62 3.38252
0.621 3.38246
0.622 3.3824
0.623 3.38234
0.624 3.38228
0.625 3.38222
0.626 3.38216
0.627 3.38211
0.628 3.38205
0.629 3.38199
0.63 3.38193
0.631 3.38187
0.632 3.38181
0.633 3.38175
0.634 3.38169
0.635 3.38163
0.636 3.38157
0.637 3.38151
0.638 3.38145
0.639 3.38139
0.64 3.38133
0.641 3.38127
0.642 3.38121
0.643 3.38115
0.644 3.38109
0.645 3.38103
0.646 3.38097
0.647 3.38092
0.648 3.38086
0.649 3.3808
0.65 3.38074
0.651 3.38068
0.652 3.38062
0.653 3.38056
0.654 3.3805
0.655 3.38044
0.656 3.38038
0.657 3.38032
0.658 3.38026
0.659 3.3802
0.66 3.38014
0.661 3.38009
0.662 3.38003
0.663 3.37997
0.664 3.37991
0.665 3.37985
0.666 3.37979
0.667 3.37973
0.668 3.37967
0.669 3.37961
0.67 3.37955
0.671 3.37949
0.672 3.37944
0.673 3.37938
0.674 3.37932
0.675 3.37926
0.676 3.3792
0.677 3.37914
0.678 3.37908
0.679 3.37902
0.68 3.37896
0.681 3.3789
0.682 3.37885
0.683 3.37879
0.684 3.37873
0.685 3.37867
0.686 3.37861
0.687 3.37855
0.688 3.37849
0.689 3.37843
0.69 3.37837
0.691 3.37831
0.692 3.37826
0.693 3.3782
0.694 3.37814
0.695 3.37808
0.696 3.37802
0.697 3.37796
0.698 3.3779
0.699 3.37784
0.7 3.37778
0.701 3.37773
0.702 3.37767
0.703 3.37761
0.704 3.37755
0.705 3.37749
0.706 3.37743
0.707 3.37737
0.708 3.37731
0.709 3.37726
0.71 3.3772
0.711 3.37714
0.712 3.37708
0.713 3.37702
0.714 3.37696
0.715 3.3769
0.716 3.37684
0.717 3.37678
0.718 3.37673
0.719 3.37667
0.72 3.37661
0.721 3.37655
0.722 3.37649
0.723 3.37643
0.724 3.37637
0.725 3.37631
0.726 3.37626
0.727 3.3762
0.728 3.37614
0.729 3.37608
0.73 3.37602
0.731 3.37596
0.732 3.3759
0.733 3.37584
0.734 3.37579
0.735 3.37573
0.736 3.37567
0.737 3.37561
0.738 3.37555
0.739 3.37549
0.74 3.37543
0.741 3.37537
0.742 3.37532
0.743 3.37526
0.744 3.3752
0.745 3.37514
0.746 3.37508
0.747 3.37502
0.748 3.37496
0.749 3.37491
0.75 3.37485
0.751 3.37479
0.752 3.37473
0.753 3.37467
0.754 3.37461
0.755 3.37455
0.756 3.37449
0.757 3.37444
0.758 3.37438
0.759 3.37432
0.76 3.37426
0.761 3.3742
0.762 3.37414
0.763 3.37408
0.764 3.37402
0.765 3.37397
0.766 3.37391
0.767 3.37385
0.768 3.37379
0.769 3.37373
0.77 3.37367
0.771 3.37361
0.772 3.37355
0.773 3.3735
0.774 3.37344
0.775 3.37338
0.776 3.37332
0.777 3.37326
0.778 3.3732
0.779 3.37314
0.78 3.37308
0.781 3.37303
0.782 3.37297
0.783 3.37291
0.784 3.37285
0.785 3.37279
0.786 3.37273
0.787 3.37267
0.788 3.37261
0.789 3.37255
0.79 3.3725
0.791 3.37244
0.792 3.37238
0.793 3.37232
0.794 3.37226
0.795 3.3722
0.796 3.37214
0.797 3.37208
0.798 3.37203
0.799 3.37197
0.8 3.37191
0.801 3.37185
0.802 3.37179
0.803 3.37173
0.804 3.37167
0.805 3.37161
0.806 3.37155
0.807 3.37149
0.808 3.37144
0.809 3.37138
0.81 3.37132
0.811 3.37126
0.812 3.3712
0.813 3.37114
0.814 3.37108
0.815 3.37102
0.816 3.37096
0.817 3.37091
0.818 3.37085
0.819 3.37079
0.82 3.37073
0.821 3.37067
0.822 3.37061
0.823 3.37055
0.824 3.37049
0.825 3.37043
0.826 3.37037
0.827 3.37031
0.828 3.37026
0.829 3.3702
0.83 3.37014
0.831 3.37008
0.832 3.37002
0.833 3.36996
0.834 3.3699
0.835 3.36984
0.836 3.36978
0.837 3.36972
0.838 3.36966
0.839 3.36961
0.84 3.36955
0.841 3.36949
0.842 3.36943
0.843 3.36937
0.844 3.36931
0.845 3.36925
0.846 3.36919
0.847 3.36913
0.848 3.36907
0.849 3.36901
0.85 3.36895
0.851 3.36889
0.852 3.36883
0.853 3.36878
0.854 3.36872
0.855 3.36866
0.856 3.3686
0.857 3.36854
0.858 3.36848
0.859 3.36842
0.86 3.36836
0.861 3.3683
0.862 3.36824
0.863 3.36818
0.864 3.36812
0.865 3.36806
0.866 3.368
0.867 3.36794
0.868 3.36788
0.869 3.36782
0.87 3.36776
0.871 3.36771
0.872 3.36765
0.873 3.36759
0.874 3.36753
0.875 3.36747
0.876 3.36741
0.877 3.36735
0.878 3.36729
0.879 3.36723
0.88 3.36717
0.881 3.36711
0.882 3.36705
0.883 3.36699
0.884 3.36693
0.885 3.36687
0.886 3.36681
0.887 3.36675
0.888 3.36669
0.889 3.36663
0.89 3.36657
0.891 3.36651
0.892 3.36645
0.893 3.36639
0.894 3.36633
0.895 3.36627
0.896 3.36621
0.897 3.36615
0.898 3.36609
0.899 3.36603
0.9 3.36597
0.901 3.36591
0.902 3.36585
0.903 3.36579
0.904 3.36573
0.905 3.36567
0.906 3.36561
0.907 3.36555
0.908 3.36549
0.909 3.36543
0.91 3.36537
0.911 3.36531
0.912 3.36525
0.913 3.36519
0.914 3.36513
0.915 3.36507
0.916 3.36501
0.917 3.36495
0.918 3.36489
0.919 3.36483
0.92 3.36477
0.921 3.36471
0.922 3.36465
0.923 3.36459
0.924 3.36453
0.925 3.36447
0.926 3.36441
0.927 3.36435
0.928 3.36429
0.929 3.36423
0.93 3.36417
0.931 3.36411
0.932 3.36405
0.933 3.36399
0.934 3.36393
0.935 3.36387
0.936 3.3638
0.937 3.36374
0.938 3.36368
0.939 3.36362
0.94 3.36356
0.941 3.3635
0.942 3.36344
0.943 3.36338
0.944 3.36332
0.945 3.36326
0.946 3.3632
0.947 3.36314
0.948 3.36308
0.949 3.36302
0.95 3.36296
0.951 3.3629
0.952 3.36283
0.953 3.36277
0.954 3.36271
0.955 3.36265
0.956 3.36259
0.957 3.36253
0.958 3.36247
0.959 3.36241
0.96 3.36235
0.961 3.36229
0.962 3.36223
0.963 3.36216
0.964 3.3621
0.965 3.36204
0.966 3.36198
0.967 3.36192
0.968 3.36186
0.969 3.3618
0.97 3.36174
0.971 3.36168
0.972 3.36161
0.973 3.36155
0.974 3.36149
0.975 3.36143
0.976 3.36137
0.977 3.36131
0.978 3.36125
0.979 3.36119
0.98 3.36113
0.981 3.36106
0.982 3.361
0.983 3.36094
0.984 3.36088
0.985 3.36082
0.986 3.36076
0.987 3.3607
0.988 3.36063
0.989 3.36057
0.99 3.36051
0.991 3.36045
0.992 3.36039
0.993 3.36033
0.994 3.36026
0.995 3.3602
0.996 3.36014
0.997 3.36008
0.998 3.36002
0.999 3.35996
1 3.35989
1.001 0
