0 0
0.003 0.19745
0.006 0.198325
0.009 0.199205
0.012 0.200091
0.015 0.200982
0.018 0.20188
0.021 0.202782
0.024 0.203691
0.027 0.204605
0.03 0.205526
0.033 0.206452
0.036 0.207383
0.039 0.208321
0.042 0.209265
0.045 0.210214
0.048 0.21117
0.051 0.212131
0.054 0.213099
0.057 0.214072
0.06 0.215052
0.063 0.216038
0.066 0.217029
0.069 0.218027
0.072 0.219032
0.075 0.220042
0.078 0.221059
0.081 0.222082
0.084 0.223111
0.087 0.224147
0.09 0.225189
0.093 0.226237
0.096 0.227292
0.099 0.228353
0.102 0.229421
0.105 0.230495
0.108 0.231576
0.111 0.232663
0.114 0.233757
0.117 0.234858
0.12 0.235965
0.123 0.237079
0.126 0.2382
0.129 0.239328
0.132 0.240462
0.135 0.241603
0.138 0.242751
0.141 0.243906
0.144 0.245068
0.147 0.246237
0.15 0.247413
0.153 0.248596
0.156 0.249786
0.159 0.250983
0.162 0.252187
0.165 0.253398
0.168 0.254616
0.171 0.255842
0.174 0.257075
0.177 0.258315
0.18 0.259562
0.183 0.260817
0.186 0.262079
0.189 0.263349
0.192 0.264626
0.195 0.26591
0.198 0.267202
0.201 0.268502
0.204 0.269809
0.207 0.271123
0.21 0.272446
0.213 0.273776
0.216 0.275113
0.219 0.276459
0.222 0.277812
0.225 0.279173
0.228 0.280542
0.231 0.281919
0.234 0.283303
0.237 0.284696
0.24 0.286096
0.243 0.287505
0.246 0.288921
0.249 0.290346
0.252 0.291779
0.255 0.29322
0.258 0.294669
0.261 0.296126
0.264 0.297592
0.267 0.299065
0.27 0.300547
0.273 0.302038
0.276 0.303537
0.279 0.305044
0.282 0.30656
0.285 0.308084
0.288 0.309617
0.291 0.311158
0.294 0.312708
0.297 0.314266
0.3 0.315833
0.303 0.317409
0.306 0.318993
0.309 0.320587
0.312 0.322189
0.315 0.3238
0.318 0.325419
0.321 0.327048
0.324 0.328686
0.327 0.330332
0.33 0.331988
0.333 0.333652
0.336 0.335326
0.339 0.337009
0.342 0.3387
0.345 0.340401
0.348 0.342112
0.351 0.343831
0.354 0.34556
0.357 0.347298
0.36 0.349045
0.363 0.350802
0.366 0.352568
0.369 0.354343
0.372 0.356129
0.375 0.357923
0.378 0.359727
0.381 0.361541
0.384 0.363364
0.387 0.365197
0.39 0.367039
0.393 0.368891
0.396 0.370753
0.399 0.372625
0.402 0.374506
0.405 0.376397
0.408 0.378298
0.411 0.380209
0.414 0.38213
0.417 0.384061
0.42 0.386002
0.423 0.387953
0.426 0.389913
0.429 0.391884
0.432 0.393865
0.435 0.395856
0.438 0.397857
0.441 0.399869
0.444 0.40189
0.447 0.403922
0.45 0.405964
0.453 0.408016
0.456 0.410079
0.459 0.412152
0.462 0.414235
0.465 0.416329
0.468 0.418433
0.471 0.420547
0.474 0.422672
0.477 0.424807
0.48 0.426953
0.483 0.42911
0.486 0.431277
0.489 0.433454
0.492 0.435642
0.495 0.437841
0.498 0.44005
0.501 0.44227
0.504 0.444501
0.507 0.446742
0.51 0.448994
0.513 0.451256
0.516 0.45353
0.519 0.455814
0.522 0.458109
0.525 0.460414
0.528 0.462731
0.531 0.465058
0.534 0.467396
0.537 0.469745
0.54 0.472104
0.543 0.474475
0.546 0.476856
0.549 0.479248
0.552 0.481651
0.555 0.484065
0.558 0.48649
0.561 0.488925
0.564 0.491372
0.567 0.493829
0.57 0.496298
0.573 0.498777
0.576 0.501267
0.579 0.503768
0.582 0.50628
0.585 0.508802
0.588 0.511336
0.591 0.51388
0.594 0.516436
0.597 0.519002
0.6 0.521579
0.603 0.524167
0.606 0.526765
0.609 0.529375
0.612 0.531995
0.615 0.534626
0.618 0.537268
0.621 0.539921
0.624 0.542584
0.627 0.545259
0.63 0.547944
0.633 0.550639
0.636 0.553345
0.639 0.556062
0.642 0.55879
0.645 0.561528
0.648 0.564277
0.651 0.567036
0.654 0.569806
0.657 0.572586
0.66 0.575377
0.663 0.578178
0.666 0.58099
0.669 0.583812
0.672 0.586644
0.675 0.589487
0.678 0.592339
0.681 0.595203
0.684 0.598076
0.687 0.600959
0.69 0.603852
0.693 0.606756
0.696 0.609669
0.699 0.612593
0.702 0.615526
0.705 0.618469
0.708 0.621422
0.711 0.624385
0.714 0.627357
0.717 0.630339
0.72 0.63333
0.723 0.636331
0.726 0.639342
0.729 0.642361
0.732 0.645391
0.735 0.648429
0.738 0.651476
0.741 0.654533
0.744 0.657599
0.747 0.660674
0.75 0.663757
0.753 0.66685
0.756 0.669951
0.759 0.67306
0.762 0.676179
0.765 0.679306
0.768 0.682441
0.771 0.685585
0.774 0.688737
0.777 0.691897
0.78 0.695066
0.783 0.698242
0.786 0.701426
0.789 0.704618
0.792 0.707818
0.795 0.711026
0.798 0.714241
0.801 0.717463
0.804 0.720693
0.807 0.72393
0.81 0.727175
0.813 0.730426
0.816 0.733685
0.819 0.73695
0.822 0.740222
0.825 0.743501
0.828 0.746786
0.831 0.750077
0.834 0.753376
0.837 0.75668
0.84 0.75999
0.843 0.763307
0.846 0.766629
0.849 0.769957
0.852 0.773291
0.855 0.77663
0.858 0.779975
0.861 0.783325
0.864 0.786681
0.867 0.790041
0.87 0.793407
0.873 0.796777
0.876 0.800152
0.879 0.803532
0.882 0.806916
0.885 0.810304
0.888 0.813697
0.891 0.817094
0.894 0.820495
0.897 0.823899
0.9 0.827308
0.903 0.83072
0.906 0.834136
0.909 0.837555
0.912 0.840977
0.915 0.844402
0.918 0.847831
0.921 0.851262
0.924 0.854696
0.927 0.858132
0.93 0.861571
0.933 0.865013
0.936 0.868456
0.939 0.871902
0.942 0.87535
0.945 0.878799
0.948 0.88225
0.951 0.885703
0.954 0.889157
0.957 0.892613
0.96 0.896069
0.963 0.899527
0.966 0.902985
0.969 0.906445
0.972 0.909905
0.975 0.913365
0.978 0.916826
0.981 0.920288
0.984 0.923749
0.987 0.92721
0.99 0.930672
0.993 0.934133
0.996 0.937593
0.999 0.941053
1.002 0.944513
1.005 0.947972
1.008 0.95143
1.011 0.954887
1.014 0.958343
1.017 0.961797
1.02 0.965251
1.023 0.968702
1.026 0.972152
1.029 0.975601
1.032 0.979048
1.035 0.982492
1.038 0.985935
1.041 0.989375
1.044 0.992813
1.047 0.996249
1.05 0.999682
1.053 1.00311
1.056 1.00654
1.059 1.00997
1.062 1.01339
1.065 1.01681
1.068 1.02022
1.071 1.02363
1.074 1.02704
1.077 1.03045
1.08 1.03385
1.083 1.03725
1.086 1.04064
1.089 1.04403
1.092 1.04742
1.095 1.0508
1.098 1.05418
1.101 1.05755
1.104 1.06092
1.107 1.06429
1.11 1.06765
1.113 1.071
1.116 1.07435
1.119 1.0777
1.122 1.08104
1.125 1.08438
1.128 1.08771
1.131 1.09103
1.134 1.09436
1.137 1.09767
1.14 1.10098
1.143 1.10429
1.146 1.10758
1.149 1.11088
1.152 1.11417
1.155 1.11745
1.158 1.12072
1.161 1.12399
1.164 1.12726
1.167 1.13052
1.17 1.13377
1.173 1.13702
1.176 1.14026
1.179 1.14349
1.182 1.14672
1.185 1.14994
1.188 1.15315
1.191 1.15636
1.194 1.15956
1.197 1.16276
1.2 1.16595
1.203 1.16913
1.206 1.17231
1.209 1.17548
1.212 1.17864
1.215 1.1818
1.218 1.18494
1.221 1.18809
1.224 1.19122
1.227 1.19435
1.23 1.19747
1.233 1.20059
1.236 1.2037
1.239 1.2068
1.242 1.20989
1.245 1.21298
1.248 1.21606
1.251 1.21913
1.254 1.2222
1.257 1.22526
1.26 1.22831
1.263 1.23136
1.266 1.2344
1.269 1.23743
1.272 1.24045
1.275 1.24347
1.278 1.24648
1.281 1.24948
1.284 1.25248
1.287 1.25547
1.29 1.25845
1.293 1.26143
1.296 1.2644
1.299 1.26736
1.302 1.27032
1.305 1.27326
1.308 1.27621
1.311 1.27914
1.314 1.28207
1.317 1.28499
1.32 1.28791
1.323 1.29081
1.326 1.29371
1.329 1.29661
1.332 1.2995
1.335 1.30238
1.338 1.30525
1.341 1.30812
1.344 1.31099
1.347 1.31384
1.35 1.31669
1.353 1.31954
1.356 1.32237
1.359 1.3252
1.362 1.32803
1.365 1.33085
1.368 1.33366
1.371 1.33647
1.374 1.33927
1.377 1.34207
1.38 1.34486
1.383 1.34764
1.386 1.35042
1.389 1.35319
1.392 1.35596
1.395 1.35872
1.398 1.36148
1.401 1.36423
1.404 1.36698
1.407 1.36972
1.41 1.37246
1.413 1.37519
1.416 1.37792
1.419 1.38064
1.422 1.38336
1.425 1.38607
1.428 1.38878
1.431 1.39148
1.434 1.39419
1.437 1.39688
1.44 1.39957
1.443 1.40226
1.446 1.40495
1.449 1.40763
1.452 1.41031
1.455 1.41298
1.458 1.41565
1.461 1.41832
1.464 1.42098
1.467 1.42364
1.47 1.4263
1.473 1.42895
1.476 1.43161
1.479 1.43426
1.482 1.4369
1.485 1.43955
1.488 1.44219
1.491 1.44483
1.494 1.44747
1.497 1.45011
1.5 1.45274
1.503 1.45538
1.506 1.45801
1.509 1.46064
1.512 1.46327
1.515 1.4659
1.518 1.46852
1.521 1.47115
1.524 1.47377
1.527 1.4764
1.53 1.47903
1.533 1.48165
1.536 1.48427
1.539 1.4869
1.542 1.48952
1.545 1.49215
1.548 1.49478
1.551 1.4974
1.554 1.50003
1.557 1.50266
1.56 1.50529
1.563 1.50792
1.566 1.51055
1.569 1.51318
1.572 1.51582
1.575 1.51846
1.578 1.5211
1.581 1.52374
1.584 1.52638
1.587 1.52903
1.59 1.53168
1.593 1.53433
1.596 1.53699
1.599 1.53965
1.602 1.54231
1.605 1.54498
1.608 1.54765
1.611 1.55032
1.614 1.553
1.617 1.55568
1.62 1.55837
1.623 1.56106
1.626 1.56375
1.629 1.56646
1.632 1.56916
1.635 1.57187
1.638 1.57459
1.641 1.57731
1.644 1.58004
1.647 1.58278
1.65 1.58552
1.653 1.58827
1.656 1.59102
1.659 1.59379
1.662 1.59656
1.665 1.59933
1.668 1.60212
1.671 1.60491
1.674 1.60771
1.677 1.61051
1.68 1.61333
1.683 1.61615
1.686 1.61899
1.689 1.62183
1.692 1.62468
1.695 1.62754
1.698 1.63041
1.701 1.63329
1.704 1.63618
1.707 1.63908
1.71 1.64198
1.713 1.6449
1.716 1.64784
1.719 1.65078
1.722 1.65373
1.725 1.65669
1.728 1.65967
1.731 1.66266
1.734 1.66565
1.737 1.66867
1.74 1.67169
1.743 1.67472
1.746 1.67777
1.749 1.68083
1.752 1.68391
1.755 1.687
1.758 1.6901
1.761 1.69321
1.764 1.69634
1.767 1.69949
1.77 1.70265
1.773 1.70582
1.776 1.70901
1.779 1.71221
1.782 1.71543
1.785 1.71866
1.788 1.72191
1.791 1.72517
1.794 1.72845
1.797 1.73175
1.8 1.73506
1.803 1.73839
1.806 1.74174
1.809 1.74511
1.812 1.74849
1.815 1.75189
1.818 1.7553
1.821 1.75874
1.824 1.76219
1.827 1.76566
1.83 1.76915
1.833 1.77266
1.836 1.77619
1.839 1.77973
1.842 1.7833
1.845 1.78688
1.848 1.79049
1.851 1.79411
1.854 1.79776
1.857 1.80142
1.86 1.80511
1.863 1.80881
1.866 1.81254
1.869 1.81629
1.872 1.82005
1.875 1.82384
1.878 1.82766
1.881 1.83149
1.884 1.83535
1.887 1.83922
1.89 1.84312
1.893 1.84704
1.896 1.85099
1.899 1.85496
1.902 1.85895
1.905 1.86296
1.908 1.867
1.911 1.87106
1.914 1.87514
1.917 1.87925
1.92 1.88338
1.923 1.88753
1.926 1.89171
1.929 1.89591
1.932 1.90014
1.935 1.90439
1.938 1.90867
1.941 1.91297
1.944 1.9173
1.947 1.92165
1.95 1.92602
1.953 1.93042
1.956 1.93485
1.959 1.9393
1.962 1.94378
1.965 1.94828
1.968 1.95281
1.971 1.95737
1.974 1.96195
1.977 1.96655
1.98 1.97119
1.983 1.97584
1.986 1.98053
1.989 1.98524
1.992 1.98998
1.995 1.99474
1.998 1.99953
2.001 2.00435
2.004 2.00919
2.007 2.01406
2.01 2.01895
2.013 2.02388
2.016 2.02883
2.019 2.0338
2.022 2.0388
2.025 2.04383
2.028 2.04889
2.031 2.05397
2.034 2.05908
2.037 2.06421
2.04 2.06937
2.043 2.07456
2.046 2.07977
2.049 2.08501
2.052 2.09028
2.055 2.09557
2.058 2.10089
2.061 2.10624
2.064 2.11161
2.067 2.117
2.07 2.12243
2.073 2.12788
2.076 2.13335
2.079 2.13885
2.082 2.14437
2.085 2.14992
2.088 2.1555
2.091 2.1611
2.094 2.16673
2.097 2.17238
2.1 2.17805
2.103 2.18375
2.106 2.18947
2.109 2.19522
2.112 2.20099
2.115 2.20678
2.118 2.2126
2.121 2.21844
2.124 2.22431
2.127 2.23019
2.13 2.2361
2.133 2.24204
2.136 2.24799
2.139 2.25397
2.142 2.25996
2.145 2.26598
2.148 2.27202
2.151 2.27808
2.154 2.28416
2.157 2.29026
2.16 2.29639
2.163 2.30253
2.166 2.30869
2.169 2.31487
2.172 2.32106
2.175 2.32728
2.178 2.33351
2.181 2.33976
2.184 2.34603
2.187 2.35232
2.19 2.35862
2.193 2.36494
2.196 2.37128
2.199 2.37763
2.202 2.38399
2.205 2.39037
2.208 2.39677
2.211 2.40318
2.214 2.4096
2.217 2.41603
2.22 2.42248
2.223 2.42894
2.226 2.43541
2.229 2.4419
2.232 2.44839
2.235 2.4549
2.238 2.46141
2.241 2.46794
2.244 2.47448
2.247 2.48102
2.25 2.48757
2.253 2.49413
2.256 2.5007
2.259 2.50728
2.262 2.51386
2.265 2.52045
2.268 2.52704
2.271 2.53364
2.274 2.54025
2.277 2.54686
2.28 2.55347
2.283 2.56009
2.286 2.56671
2.289 2.57333
2.292 2.57995
2.295 2.58658
2.298 2.59321
2.301 2.59983
2.304 2.60646
2.307 2.61309
2.31 2.61972
2.313 2.62635
2.316 2.63297
2.319 2.63959
2.322 2.64621
2.325 2.65283
2.328 2.65945
2.331 2.66606
2.334 2.67266
2.337 2.67926
2.34 2.68586
2.343 2.69245
2.346 2.69904
2.349 2.70561
2.352 2.71218
2.355 2.71875
2.358 2.72531
2.361 2.73185
2.364 2.73839
2.367 2.74492
2.37 2.75144
2.373 2.75796
2.376 2.76446
2.379 2.77095
2.382 2.77743
2.385 2.7839
2.388 2.79035
2.391 2.7968
2.394 2.80323
2.397 2.80965
2.4 2.81605
2.403 2.82244
2.406 2.82882
2.409 2.83518
2.412 2.84153
2.415 2.84787
2.418 2.85419
2.421 2.86049
2.424 2.86678
2.427 2.87305
2.43 2.8793
2.433 2.88554
2.436 2.89176
2.439 2.89796
2.442 2.90414
2.445 2.91031
2.448 2.91646
2.451 2.92258
2.454 2.92869
2.457 2.93479
2.46 2.94086
2.463 2.94691
2.466 2.95294
2.469 2.95895
2.472 2.96494
2.475 2.97091
2.478 2.97686
2.481 2.98279
2.484 2.98869
2.487 2.99458
2.49 3.00044
2.493 3.00628
2.496 3.0121
2.499 3.0179
2.502 3.02367
2.505 3.02942
2.508 3.03515
2.511 3.04086
2.514 3.04654
2.517 3.0522
2.52 3.05783
2.523 3.06344
2.526 3.06903
2.529 3.07459
2.532 3.08013
2.535 3.08565
2.538 3.09114
2.541 3.0966
2.544 3.10204
2.547 3.10746
2.55 3.11285
2.553 3.11822
2.556 3.12356
2.559 3.12887
2.562 3.13416
2.565 3.13943
2.568 3.14467
2.571 3.14988
2.574 3.15507
2.577 3.16023
2.58 3.16537
2.583 3.17048
2.586 3.17556
2.589 3.18062
2.592 3.18565
2.595 3.19066
2.598 3.19564
2.601 3.20059
2.604 3.20552
2.607 3.21042
2.61 3.2153
2.613 3.22015
2.616 3.22497
2.619 3.22976
2.622 3.23453
2.625 3.23927
2.628 3.24399
2.631 3.24868
2.634 3.25334
2.637 3.25798
2.64 3.26259
2.643 3.26717
2.646 3.27172
2.649 3.27625
2.652 3.28076
2.655 3.28523
2.658 3.28968
2.661 3.2941
2.664 3.2985
2.667 3.30287
2.67 3.30721
2.673 3.31153
2.676 3.31582
2.679 3.32008
2.682 3.32432
2.685 3.32853
2.688 3.33271
2.691 3.33687
2.694 3.341
2.697 3.3451
2.7 3.34918
2.703 3.35323
2.706 3.35725
2.709 3.36125
2.712 3.36522
2.715 3.36917
2.718 3.37309
2.721 3.37698
2.724 3.38085
2.727 3.38469
2.73 3.38851
2.733 3.3923
2.736 3.39606
2.739 3.3998
2.742 3.40351
2.745 3.4072
2.748 3.41086
2.751 3.41449
2.754 3.4181
2.757 3.42169
2.76 3.42525
2.763 3.42878
2.766 3.43229
2.769 3.43577
2.772 3.43923
2.775 3.44267
2.778 3.44607
2.781 3.44946
2.784 3.45282
2.787 3.45615
2.79 3.45946
2.793 3.46275
2.796 3.46601
2.799 3.46924
2.802 3.47246
2.805 3.47564
2.808 3.47881
2.811 3.48195
2.814 3.48507
2.817 3.48816
2.82 3.49123
2.823 3.49427
2.826 3.49729
2.829 3.50029
2.832 3.50327
2.835 3.50622
2.838 3.50915
2.841 3.51205
2.844 3.51494
2.847 3.5178
2.85 3.52064
2.853 3.52345
2.856 3.52624
2.859 3.52901
2.862 3.53176
2.865 3.53449
2.868 3.53719
2.871 3.53987
2.874 3.54253
2.877 3.54517
2.88 3.54779
2.883 3.55039
2.886 3.55296
2.889 3.55551
2.892 3.55804
2.895 3.56056
2.898 3.56305
2.901 3.56552
2.904 3.56796
2.907 3.57039
2.91 3.5728
2.913 3.57519
2.916 3.57756
2.919 3.5799
2.922 3.58223
2.925 3.58454
2.928 3.58683
2.931 3.5891
2.934 3.59135
2.937 3.59358
2.94 3.59579
2.943 3.59798
2.946 3.60015
2.949 3.60231
2.952 3.60444
2.955 3.60656
2.958 3.60866
2.961 3.61074
2.964 3.6128
2.967 3.61484
2.97 3.61687
2.973 3.61888
2.976 3.62087
2.979 3.62284
2.982 3.6248
2.985 3.62674
2.988 3.62866
2.991 3.63056
2.994 3.63245
2.997 3.63432
3 3.63617
3.001 0
