0 -10
0.003 -6.50481
0.006 -6.50254
0.009 -6.50026
0.012 -6.49796
0.015 -6.49565
0.018 -6.49333
0.021 -6.491
0.024 -6.48865
0.027 -6.48628
0.03 -6.4839
0.033 -6.48151
0.036 -6.4791
0.039 -6.47668
0.042 -6.47425
0.045 -6.4718
0.048 -6.46934
0.051 -6.46686
0.054 -6.46437
0.057 -6.46186
0.06 -6.45934
0.063 -6.4568
0.066 -6.45425
0.069 -6.45169
0.072 -6.44911
0.075 -6.44652
0.078 -6.44391
0.081 -6.44128
0.084 -6.43865
0.087 -6.43599
0.09 -6.43332
0.093 -6.43064
0.096 -6.42794
0.099 -6.42523
0.102 -6.4225
0.105 -6.41976
0.108 -6.417
0.111 -6.41422
0.114 -6.41143
0.117 -6.40863
0.12 -6.40581
0.123 -6.40297
0.126 -6.40012
0.129 -6.39725
0.132 -6.39437
0.135 -6.39147
0.138 -6.38856
0.141 -6.38563
0.144 -6.38268
0.147 -6.37972
0.15 -6.37675
0.153 -6.37375
0.156 -6.37075
0.159 -6.36772
0.162 -6.36468
0.165 -6.36162
0.168 -6.35855
0.171 -6.35546
0.174 -6.35236
0.177 -6.34924
0.18 -6.3461
0.183 -6.34295
0.186 -6.33977
0.189 -6.33659
0.192 -6.33339
0.195 -6.33017
0.198 -6.32693
0.201 -6.32368
0.204 -6.32041
0.207 -6.31712
0.21 -6.31382
0.213 -6.3105
0.216 -6.30717
0.219 -6.30382
0.222 -6.30045
0.225 -6.29706
0.228 -6.29366
0.231 -6.29024
0.234 -6.2868
0.237 -6.28335
0.24 -6.27988
0.243 -6.27639
0.246 -6.27289
0.249 -6.26936
0.252 -6.26583
0.255 -6.26227
0.258 -6.2587
0.261 -6.25511
0.264 -6.2515
0.267 -6.24787
0.27 -6.24423
0.273 -6.24057
0.276 -6.2369
0.279 -6.2332
0.282 -6.22949
0.285 -6.22576
0.288 -6.22201
0.291 -6.21825
0.294 -6.21447
0.297 -6.21067
0.3 -6.20685
0.303 -6.20302
0.306 -6.19917
0.309 -6.1953
0.312 -6.19141
0.315 -6.18751
0.318 -6.18358
0.321 -6.17964
0.324 -6.17569
0.327 -6.17171
0.33 -6.16772
0.333 -6.16371
0.336 -6.15968
0.339 -6.15563
0.342 -6.15157
0.345 -6.14748
0.348 -6.14338
0.351 -6.13927
0.354 -6.13513
0.357 -6.13098
0.36 -6.1268
0.363 -6.12261
0.366 -6.11841
0.369 -6.11418
0.372 -6.10994
0.375 -6.10568
0.378 -6.1014
0.381 -6.0971
0.384 -6.09278
0.387 -6.08845
0.39 -6.0841
0.393 -6.07973
0.396 -6.07534
0.399 -6.07094
0.402 -6.06652
0.405 -6.06207
0.408 -6.05762
0.411 -6.05314
0.414 -6.04865
0.417 -6.04413
0.42 -6.0396
0.423 -6.03505
0.426 -6.03049
0.429 -6.0259
0.432 -6.0213
0.435 -6.01668
0.438 -6.01205
0.441 -6.00739
0.444 -6.00272
0.447 -5.99803
0.45 -5.99332
0.453 -5.9886
0.456 -5.98385
0.459 -5.97909
0.462 -5.97431
0.465 -5.96952
0.468 -5.9647
0.471 -5.95987
0.474 -5.95502
0.477 -5.95016
0.48 -5.94528
0.483 -5.94037
0.486 -5.93546
0.489 -5.93052
0.492 -5.92557
0.495 -5.9206
0.498 -5.91562
0.501 -5.91061
0.504 -5.90559
0.507 -5.90056
0.51 -5.8955
0.513 -5.89043
0.516 -5.88534
0.519 -5.88024
0.522 -5.87512
0.525 -5.86998
0.528 -5.86483
0.531 -5.85966
0.534 -5.85447
0.537 -5.84927
0.54 -5.84405
0.543 -5.83882
0.546 -5.83357
0.549 -5.8283
0.552 -5.82302
0.555 -5.81772
0.558 -5.81241
0.561 -5.80708
0.564 -5.80174
0.567 -5.79638
0.57 -5.791
0.573 -5.78561
0.576 -5.78021
0.579 -5.77479
0.582 -5.76935
0.585 -5.76391
0.588 -5.75844
0.591 -5.75296
0.594 -5.74747
0.597 -5.74197
0.6 -5.73645
0.603 -5.73091
0.606 -5.72536
0.609 -5.7198
0.612 -5.71423
0.615 -5.70864
0.618 -5.70304
0.621 -5.69742
0.624 -5.69179
0.627 -5.68615
0.63 -5.6805
0.633 -5.67484
0.636 -5.66916
0.639 -5.66347
0.642 -5.65777
0.645 -5.65205
0.648 -5.64633
0.651 -5.64059
0.654 -5.63484
0.657 -5.62908
0.66 -5.62331
0.663 -5.61753
0.666 -5.61174
0.669 -5.60594
0.672 -5.60013
0.675 -5.5943
0.678 -5.58847
0.681 -5.58263
0.684 -5.57678
0.687 -5.57092
0.69 -5.56505
0.693 -5.55917
0.696 -5.55328
0.699 -5.54739
0.702 -5.54148
0.705 -5.53557
0.708 -5.52965
0.711 -5.52373
0.714 -5.51779
0.717 -5.51185
0.72 -5.5059
0.723 -5.49995
0.726 -5.49399
0.729 -5.48802
0.732 -5.48205
0.735 -5.47607
0.738 -5.47008
0.741 -5.46409
0.744 -5.4581
0.747 -5.4521
0.75 -5.4461
0.753 -5.44009
0.756 -5.43408
0.759 -5.42806
0.762 -5.42204
0.765 -5.41602
0.768 -5.40999
0.771 -5.40396
0.774 -5.39793
0.777 -5.3919
0.78 -5.38587
0.783 -5.37983
0.786 -5.37379
0.789 -5.36775
0.792 -5.36171
0.795 -5.35567
0.798 -5.34963
0.801 -5.34359
0.804 -5.33755
0.807 -5.33151
0.81 -5.32547
0.813 -5.31943
0.816 -5.31339
0.819 -5.30736
0.822 -5.30133
0.825 -5.29529
0.828 -5.28926
0.831 -5.28324
0.834 -5.27721
0.837 -5.27119
0.84 -5.26518
0.843 -5.25916
0.846 -5.25315
0.849 -5.24715
0.852 -5.24115
0.855 -5.23516
0.858 -5.22917
0.861 -5.22318
0.864 -5.2172
0.867 -5.21123
0.87 -5.20526
0.873 -5.1993
0.876 -5.19335
0.879 -5.1874
0.882 -5.18147
0.885 -5.17553
0.888 -5.16961
0.891 -5.1637
0.894 -5.15779
0.897 -5.15189
0.9 -5.146
0.903 -5.14012
0.906 -5.13425
0.909 -5.12839
0.912 -5.12254
0.915 -5.1167
0.918 -5.11088
0.921 -5.10506
0.924 -5.09925
0.927 -5.09345
0.93 -5.08767
0.933 -5.0819
0.936 -5.07614
0.939 -5.07039
0.942 -5.06465
0.945 -5.05893
0.948 -5.05322
0.951 -5.04752
0.954 -5.04184
0.957 -5.03617
0.96 -5.03052
0.963 -5.02487
0.966 -5.01925
0.969 -5.01364
0.972 -5.00804
0.975 -5.00246
0.978 -4.99689
0.981 -4.99134
0.984 -4.9858
0.987 -4.98028
0.99 -4.97478
0.993 -4.96929
0.996 -4.96382
0.999 -4.95837
1.002 -4.95293
1.005 -4.94751
1.008 -4.94211
1.011 -4.93672
1.014 -4.93135
1.017 -4.926
1.02 -4.92067
1.023 -4.91536
1.026 -4.91006
1.029 -4.90479
1.032 -4.89953
1.035 -4.89429
1.038 -4.88907
1.041 -4.88386
1.044 -4.87868
1.047 -4.87352
1.05 -4.86838
1.053 -4.86325
1.056 -4.85815
1.059 -4.85306
1.062 -4.848
1.065 -4.84295
1.068 -4.83793
1.071 -4.83293
1.074 -4.82794
1.077 -4.82298
1.08 -4.81804
1.083 -4.81312
1.086 -4.80822
1.089 -4.80334
1.092 -4.79848
1.095 -4.79364
1.098 -4.78883
1.101 -4.78403
1.104 -4.77926
1.107 -4.77451
1.11 -4.76978
1.113 -4.76507
1.116 -4.76038
1.119 -4.75571
1.122 -4.75107
1.125 -4.74645
1.128 -4.74185
1.131 -4.73727
1.134 -4.73271
1.137 -4.72818
1.14 -4.72367
1.143 -4.71918
1.146 -4.71471
1.149 -4.71026
1.152 -4.70584
1.155 -4.70144
1.158 -4.69706
1.161 -4.6927
1.164 -4.68836
1.167 -4.68405
1.17 -4.67976
1.173 -4.67549
1.176 -4.67124
1.179 -4.66702
1.182 -4.66281
1.185 -4.65863
1.188 -4.65447
1.191 -4.65034
1.194 -4.64622
1.197 -4.64213
1.2 -4.63806
1.203 -4.63401
1.206 -4.62998
1.209 -4.62598
1.212 -4.622
1.215 -4.61803
1.218 -4.61409
1.221 -4.61018
1.224 -4.60628
1.227 -4.60241
1.23 -4.59855
1.233 -4.59472
1.236 -4.59091
1.239 -4.58712
1.242 -4.58335
1.245 -4.57961
1.248 -4.57588
1.251 -4.57218
1.254 -4.5685
1.257 -4.56483
1.26 -4.56119
1.263 -4.55757
1.266 -4.55397
1.269 -4.55039
1.272 -4.54683
1.275 -4.54329
1.278 -4.53978
1.281 -4.53628
1.284 -4.5328
1.287 -4.52934
1.29 -4.52591
1.293 -4.52249
1.296 -4.51909
1.299 -4.51571
1.302 -4.51235
1.305 -4.50901
1.308 -4.50569
1.311 -4.50239
1.314 -4.49911
1.317 -4.49585
1.32 -4.4926
1.323 -4.48938
1.326 -4.48617
1.329 -4.48298
1.332 -4.47981
1.335 -4.47666
1.338 -4.47353
1.341 -4.47041
1.344 -4.46731
1.347 -4.46423
1.35 -4.46117
1.353 -4.45812
1.356 -4.4551
1.359 -4.45209
1.362 -4.44909
1.365 -4.44612
1.368 -4.44316
1.371 -4.44021
1.374 -4.43729
1.377 -4.43438
1.38 -4.43148
1.383 -4.4286
1.386 -4.42574
1.389 -4.4229
1.392 -4.42007
1.395 -4.41725
1.398 -4.41445
1.401 -4.41167
1.404 -4.4089
1.407 -4.40614
1.41 -4.4034
1.413 -4.40068
1.416 -4.39797
1.419 -4.39527
1.422 -4.39259
1.425 -4.38992
1.428 -4.38727
1.431 -4.38463
1.434 -4.382
1.437 -4.37938
1.44 -4.37678
1.443 -4.3742
1.446 -4.37162
1.449 -4.36906
1.452 -4.36651
1.455 -4.36397
1.458 -4.36145
1.461 -4.35894
1.464 -4.35644
1.467 -4.35395
1.47 -4.35147
1.473 -4.34901
1.476 -4.34655
1.479 -4.34411
1.482 -4.34168
1.485 -4.33925
1.488 -4.33684
1.491 -4.33444
1.494 -4.33205
1.497 -4.32967
1.5 -4.3273
1.503 -4.32494
1.506 -4.32259
1.509 -4.32025
1.512 -4.31792
1.515 -4.3156
1.518 -4.31328
1.521 -4.31098
1.524 -4.30868
1.527 -4.3064
1.53 -4.30412
1.533 -4.30185
1.536 -4.29958
1.539 -4.29733
1.542 -4.29508
1.545 -4.29284
1.548 -4.29061
1.551 -4.28839
1.554 -4.28617
1.557 -4.28396
1.56 -4.28175
1.563 -4.27955
1.566 -4.27736
1.569 -4.27518
1.572 -4.273
1.575 -4.27082
1.578 -4.26865
1.581 -4.26649
1.584 -4.26434
1.587 -4.26218
1.59 -4.26004
1.593 -4.25789
1.596 -4.25576
1.599 -4.25363
1.602 -4.2515
1.605 -4.24937
1.608 -4.24725
1.611 -4.24514
1.614 -4.24303
1.617 -4.24092
1.62 -4.23881
1.623 -4.23671
1.626 -4.23461
1.629 -4.23252
1.632 -4.23042
1.635 -4.22833
1.638 -4.22625
1.641 -4.22416
1.644 -4.22208
1.647 -4.22
1.65 -4.21792
1.653 -4.21584
1.656 -4.21377
1.659 -4.21169
1.662 -4.20962
1.665 -4.20755
1.668 -4.20548
1.671 -4.20341
1.674 -4.20134
1.677 -4.19927
1.68 -4.1972
1.683 -4.19513
1.686 -4.19306
1.689 -4.191
1.692 -4.18893
1.695 -4.18686
1.698 -4.18479
1.701 -4.18272
1.704 -4.18065
1.707 -4.17858
1.71 -4.17651
1.713 -4.17444
1.716 -4.17236
1.719 -4.17029
1.722 -4.16821
1.725 -4.16613
1.728 -4.16405
1.731 -4.16197
1.734 -4.15988
1.737 -4.1578
1.74 -4.15571
1.743 -4.15362
1.746 -4.15152
1.749 -4.14942
1.752 -4.14732
1.755 -4.14522
1.758 -4.14312
1.761 -4.14101
1.764 -4.1389
1.767 -4.13678
1.77 -4.13466
1.773 -4.13254
1.776 -4.13041
1.779 -4.12829
1.782 -4.12615
1.785 -4.12401
1.788 -4.12187
1.791 -4.11973
1.794 -4.11758
1.797 -4.11542
1.8 -4.11326
1.803 -4.1111
1.806 -4.10893
1.809 -4.10676
1.812 -4.10458
1.815 -4.1024
1.818 -4.10021
1.821 -4.09802
1.824 -4.09582
1.827 -4.09362
1.83 -4.09141
1.833 -4.08919
1.836 -4.08697
1.839 -4.08475
1.842 -4.08252
1.845 -4.08028
1.848 -4.07804
1.851 -4.07579
1.854 -4.07354
1.857 -4.07128
1.86 -4.06901
1.863 -4.06674
1.866 -4.06447
1.869 -4.06218
1.872 -4.05989
1.875 -4.0576
1.878 -4.05529
1.881 -4.05299
1.884 -4.05067
1.887 -4.04835
1.89 -4.04602
1.893 -4.04369
1.896 -4.04135
1.899 -4.039
1.902 -4.03665
1.905 -4.03429
1.908 -4.03192
1.911 -4.02955
1.914 -4.02717
1.917 -4.02479
1.92 -4.02239
1.923 -4.02
1.926 -4.01759
1.929 -4.01518
1.932 -4.01276
1.935 -4.01034
1.938 -4.00791
1.941 -4.00547
1.944 -4.00303
1.947 -4.00058
1.95 -3.99812
1.953 -3.99566
1.956 -3.99319
1.959 -3.99071
1.962 -3.98823
1.965 -3.98574
1.968 -3.98325
1.971 -3.98075
1.974 -3.97824
1.977 -3.97573
1.98 -3.97321
1.983 -3.97069
1.986 -3.96816
1.989 -3.96562
1.992 -3.96308
1.995 -3.96053
1.998 -3.95798
2.001 -3.95542
2.004 -3.95286
2.007 -3.95029
2.01 -3.94771
2.013 -3.94513
2.016 -3.94255
2.019 -3.93996
2.022 -3.93736
2.025 -3.93476
2.028 -3.93216
2.031 -3.92955
2.034 -3.92694
2.037 -3.92432
2.04 -3.9217
2.043 -3.91907
2.046 -3.91644
2.049 -3.91381
2.052 -3.91117
2.055 -3.90853
2.058 -3.90588
2.061 -3.90323
2.064 -3.90058
2.067 -3.89792
2.07 -3.89526
2.073 -3.8926
2.076 -3.88994
2.079 -3.88727
2.082 -3.8846
2.085 -3.88193
2.088 -3.87926
2.091 -3.87658
2.094 -3.8739
2.097 -3.87122
2.1 -3.86854
2.103 -3.86586
2.106 -3.86317
2.109 -3.86049
2.112 -3.8578
2.115 -3.85511
2.118 -3.85242
2.121 -3.84974
2.124 -3.84705
2.127 -3.84436
2.13 -3.84167
2.133 -3.83898
2.136 -3.83629
2.139 -3.8336
2.142 -3.83092
2.145 -3.82823
2.148 -3.82554
2.151 -3.82286
2.154 -3.82018
2.157 -3.8175
2.16 -3.81482
2.163 -3.81214
2.166 -3.80946
2.169 -3.80679
2.172 -3.80412
2.175 -3.80145
2.178 -3.79878
2.181 -3.79612
2.184 -3.79346
2.187 -3.79081
2.19 -3.78815
2.193 -3.7855
2.196 -3.78286
2.199 -3.78022
2.202 -3.77758
2.205 -3.77495
2.208 -3.77232
2.211 -3.7697
2.214 -3.76708
2.217 -3.76447
2.22 -3.76186
2.223 -3.75926
2.226 -3.75666
2.229 -3.75407
2.232 -3.75148
2.235 -3.7489
2.238 -3.74633
2.241 -3.74376
2.244 -3.7412
2.247 -3.73865
2.25 -3.7361
2.253 -3.73356
2.256 -3.73103
2.259 -3.72851
2.262 -3.72599
2.265 -3.72348
2.268 -3.72098
2.271 -3.71848
2.274 -3.716
2.277 -3.71352
2.28 -3.71105
2.283 -3.70859
2.286 -3.70613
2.289 -3.70369
2.292 -3.70125
2.295 -3.69883
2.298 -3.69641
2.301 -3.694
2.304 -3.6916
2.307 -3.68921
2.31 -3.68683
2.313 -3.68446
2.316 -3.6821
2.319 -3.67975
2.322 -3.67741
2.325 -3.67508
2.328 -3.67276
2.331 -3.67044
2.334 -3.66814
2.337 -3.66585
2.34 -3.66357
2.343 -3.6613
2.346 -3.65904
2.349 -3.65679
2.352 -3.65455
2.355 -3.65233
2.358 -3.65011
2.361 -3.6479
2.364 -3.64571
2.367 -3.64352
2.37 -3.64135
2.373 -3.63919
2.376 -3.63704
2.379 -3.6349
2.382 -3.63277
2.385 -3.63065
2.388 -3.62854
2.391 -3.62645
2.394 -3.62436
2.397 -3.62229
2.4 -3.62023
2.403 -3.61818
2.406 -3.61614
2.409 -3.61411
2.412 -3.61209
2.415 -3.61009
2.418 -3.60809
2.421 -3.60611
2.424 -3.60414
2.427 -3.60218
2.43 -3.60023
2.433 -3.59829
2.436 -3.59636
2.439 -3.59445
2.442 -3.59254
2.445 -3.59065
2.448 -3.58877
2.451 -3.5869
2.454 -3.58504
2.457 -3.58319
2.46 -3.58135
2.463 -3.57953
2.466 -3.57771
2.469 -3.57591
2.472 -3.57412
2.475 -3.57233
2.478 -3.57056
2.481 -3.5688
2.484 -3.56705
2.487 -3.56531
2.49 -3.56359
2.493 -3.56187
2.496 -3.56016
2.499 -3.55847
2.502 -3.55678
2.505 -3.55511
2.508 -3.55344
2.511 -3.55179
2.514 -3.55014
2.517 -3.54851
2.52 -3.54689
2.523 -3.54527
2.526 -3.54367
2.529 -3.54208
2.532 -3.5405
2.535 -3.53892
2.538 -3.53736
2.541 -3.53581
2.544 -3.53427
2.547 -3.53274
2.55 -3.53121
2.553 -3.5297
2.556 -3.5282
2.559 -3.5267
2.562 -3.52522
2.565 -3.52374
2.568 -3.52228
2.571 -3.52082
2.574 -3.51938
2.577 -3.51794
2.58 -3.51651
2.583 -3.5151
2.586 -3.51369
2.589 -3.51229
2.592 -3.5109
2.595 -3.50951
2.598 -3.50814
2.601 -3.50678
2.604 -3.50542
2.607 -3.50408
2.61 -3.50274
2.613 -3.50141
2.616 -3.50009
2.619 -3.49878
2.622 -3.49748
2.625 -3.49619
2.628 -3.4949
2.631 -3.49363
2.634 -3.49236
2.637 -3.4911
2.64 -3.48985
2.643 -3.48861
2.646 -3.48737
2.649 -3.48615
2.652 -3.48493
2.655 -3.48372
2.658 -3.48252
2.661 -3.48133
2.664 -3.48015
2.667 -3.47897
2.67 -3.4778
2.673 -3.47664
2.676 -3.47549
2.679 -3.47435
2.682 -3.47321
2.685 -3.47209
2.688 -3.47097
2.691 -3.46986
2.694 -3.46875
2.697 -3.46766
2.7 -3.46657
2.703 -3.46549
2.706 -3.46442
2.709 -3.46335
2.712 -3.4623
2.715 -3.46125
2.718 -3.46021
2.721 -3.45917
2.724 -3.45815
2.727 -3.45713
2.73 -3.45612
2.733 -3.45512
2.736 -3.45413
2.739 -3.45314
2.742 -3.45216
2.745 -3.45119
2.748 -3.45022
2.751 -3.44927
2.754 -3.44832
2.757 -3.44738
2.76 -3.44644
2.763 -3.44552
2.766 -3.4446
2.769 -3.44369
2.772 -3.44278
2.775 -3.44189
2.778 -3.441
2.781 -3.44012
2.784 -3.43924
2.787 -3.43838
2.79 -3.43752
2.793 -3.43667
2.796 -3.43582
2.799 -3.43498
2.802 -3.43415
2.805 -3.43333
2.808 -3.43252
2.811 -3.43171
2.814 -3.43091
2.817 -3.43012
2.82 -3.42933
2.823 -3.42855
2.826 -3.42778
2.829 -3.42701
2.832 -3.42626
2.835 -3.42551
2.838 -3.42476
2.841 -3.42403
2.844 -3.4233
2.847 -3.42258
2.85 -3.42186
2.853 -3.42116
2.856 -3.42046
2.859 -3.41976
2.862 -3.41908
2.865 -3.4184
2.868 -3.41773
2.871 -3.41706
2.874 -3.4164
2.877 -3.41575
2.88 -3.41511
2.883 -3.41447
2.886 -3.41384
2.889 -3.41321
2.892 -3.4126
2.895 -3.41199
2.898 -3.41138
2.901 -3.41079
2.904 -3.4102
2.907 -3.40961
2.91 -3.40904
2.913 -3.40847
2.916 -3.40791
2.919 -3.40735
2.922 -3.4068
2.925 -3.40626
2.928 -3.40572
2.931 -3.40519
2.934 -3.40466
2.937 -3.40415
2.94 -3.40364
2.943 -3.40313
2.946 -3.40263
2.949 -3.40214
2.952 -3.40166
2.955 -3.40118
2.958 -3.40071
2.961 -3.40024
2.964 -3.39978
2.967 -3.39932
2.97 -3.39888
2.973 -3.39844
2.976 -3.398
2.979 -3.39757
2.982 -3.39715
2.985 -3.39673
2.988 -3.39632
2.991 -3.39591
2.994 -3.39551
2.997 -3.39512
3 -3.39473
3.001 -10
