0 -10
0.001 -6.74971
0.002 -6.74976
0.003 -6.7498
0.004 -6.74984
0.005 -6.74989
0.006 -6.74993
0.007 -6.74997
0.008 -6.75001
0.009 -6.75006
0.01 -6.7501
0.011 -6.75014
0.012 -6.75018
0.013 -6.75023
0.014 -6.75027
0.015 -6.75031
0.016 -6.75035
0.017 -6.7504
0.018 -6.75044
0.019 -6.75048
0.02 -6.75053
0.021 -6.75057
0.022 -6.75061
0.023 -6.75065
0.024 -6.75069
0.025 -6.75074
0.026 -6.75078
0.027 -6.75082
0.028 -6.75086
0.029 -6.75091
0.03 -6.75095
0.031 -6.75099
0.032 -6.75103
0.033 -6.75108
0.034 -6.75112
0.035 -6.75116
0.036 -6.7512
0.037 -6.75124
0.038 -6.75129
0.039 -6.75133
0.04 -6.75137
0.041 -6.75141
0.042 -6.75146
0.043 -6.7515
0.044 -6.75154
0.045 -6.75158
0.046 -6.75162
0.047 -6.75167
0.048 -6.75171
0.049 -6.75175
0.05 -6.75179
0.051 -6.75183
0.052 -6.75188
0.053 -6.75192
0.054 -6.75196
0.055 -6.752
0.056 -6.75204
0.057 -6.75208
0.058 -6.75213
0.059 -6.75217
0.06 -6.75221
0.061 -6.75225
0.062 -6.75229
0.063 -6.75233
0.064 -6.75238
0.065 -6.75242
0.066 -6.75246
0.067 -6.7525
0.068 -6.75254
0.069 -6.75258
0.07 -6.75262
0.071 -6.75267
0.072 -6.75271
0.073 -6.75275
0.074 -6.75279
0.075 -6.75283
0.076 -6.75287
0.077 -6.75291
0.078 -6.75296
0.079 -6.753
0.08 -6.75304
0.081 -6.75308
0.082 -6.75312
0.083 -6.75316
0.084 -6.7532
0.085 -6.75324
0.086 -6.75328
0.087 -6.75333
0.088 -6.75337
0.089 -6.75341
0.09 -6.75345
0.091 -6.75349
0.092 -6.75353
0.093 -6.75357
0.094 -6.75361
0.095 -6.75365
0.096 -6.75369
0.097 -6.75373
0.098 -6.75378
0.099 -6.75382
0.1 -6.75386
0.101 -6.7539
0.102 -6.75394
0.103 -6.75398
0.104 -6.75402
0.105 -6.75406
0.106 -6.7541
0.107 -6.75414
0.108 -6.75418
0.109 -6.75422
0.11 -6.75426
0.111 -6.7543
0.112 -6.75434
0.113 -6.75438
0.114 -6.75442
0.115 -6.75446
0.116 -6.7545
0.117 -6.75454
0.118 -6.75458
0.119 -6.75462
0.12 -6.75466
0.121 -6.7547
0.122 -6.75474
0.123 -6.75479
0.124 -6.75483
0.125 -6.75487
0.126 -6.75491
0.127 -6.75494
0.128 -6.75498
0.129 -6.75502
0.13 -6.75506
0.131 -6.7551
0.132 -6.75514
0.133 -6.75518
0.134 -6.75522
0.135 -6.75526
0.136 -6.7553
0.137 -6.75534
0.138 -6.75538
0.139 -6.75542
0.14 -6.75546
0.141 -6.7555
0.142 -6.75554
0.143 -6.75558
0.144 -6.75562
0.145 -6.75566
0.146 -6.7557
0.147 -6.75574
0.148 -6.75578
0.149 -6.75582
0.15 -6.75586
0.151 -6.75589
0.152 -6.75593
0.153 -6.75597
0.154 -6.75601
0.155 -6.75605
0.156 -6.75609
0.157 -6.75613
0.158 -6.75617
0.159 -6.75621
0.16 -6.75625
0.161 -6.75628
0.162 -6.75632
0.163 -6.75636
0.164 -6.7564
0.165 -6.75644
0.166 -6.75648
0.167 -6.75652
0.168 -6.75656
0.169 -6.75659
0.17 -6.75663
0.171 -6.75667
0.172 -6.75671
0.173 -6.75675
0.174 -6.75679
0.175 -6.75683
0.176 -6.75686
0.177 -6.7569
0.178 -6.75694
0.179 -6.75698
0.18 -6.75702
0.181 -6.75706
0.182 -6.75709
0.183 -6.75713
0.184 -6.75717
0.185 -6.75721
0.186 -6.75725
0.187 -6.75729
0.188 -6.75732
0.189 -6.75736
0.19 -6.7574
0.191 -6.75744
0.192 -6.75748
0.193 -6.75751
0.194 -6.75755
0.195 -6.75759
0.196 -6.75763
0.197 -6.75766
0.198 -6.7577
0.199 -6.75774
0.2 -6.75778
0.201 -6.75781
0.202 -6.75785
0.203 -6.75789
0.204 -6.75793
0.205 -6.75796
0.206 -6.758
0.207 -6.75804
0.208 -6.75808
0.209 -6.75811
0.21 -6.75815
0.211 -6.75819
0.212 -6.75823
0.213 -6.75826
0.214 -6.7583
0.215 -6.75834
0.216 -6.75838
0.217 -6.75841
0.218 -6.75845
0.219 -6.75849
0.22 -6.75852
0.221 -6.75856
0.222 -6.7586
0.223 -6.75863
0.224 -6.75867
0.225 -6.75871
0.226 -6.75874
0.227 -6.75878
0.228 -6.75882
0.229 -6.75885
0.23 -6.75889
0.231 -6.75893
0.232 -6.75896
0.233 -6.759
0.234 -6.75904
0.235 -6.75907
0.236 -6.75911
0.237 -6.75915
0.238 -6.75918
0.239 -6.75922
0.24 -6.75926
0.241 -6.75929
0.242 -6.75933
0.243 -6.75936
0.244 -6.7594
0.245 -6.75944
0.246 -6.75947
0.247 -6.75951
0.248 -6.75954
0.249 -6.75958
0.25 -6.75962
0.251 -6.75965
0.252 -6.75969
0.253 -6.75972
0.254 -6.75976
0.255 -6.7598
0.256 -6.75983
0.257 -6.75987
0.258 -6.7599
0.259 -6.75994
0.26 -6.75997
0.261 -6.76001
0.262 -6.76005
0.263 -6.76008
0.264 -6.76012
0.265 -6.76015
0.266 -6.76019
0.267 -6.76022
0.268 -6.76026
0.269 -6.76029
0.27 -6.76033
0.271 -6.76036
0.272 -6.7604
0.273 -6.76043
0.274 -6.76047
0.275 -6.7605
0.276 -6.76054
0.277 -6.76058
0.278 -6.76061
0.279 -6.76065
0.28 -6.76068
0.281 -6.76071
0.282 -6.76075
0.283 -6.76078
0.284 -6.76082
0.285 -6.76085
0.286 -6.76089
0.287 -6.76092
0.288 -6.76096
0.289 -6.76099
0.29 -6.76103
0.291 -6.76106
0.292 -6.7611
0.293 -6.76113
0.294 -6.76117
0.295 -6.7612
0.296 -6.76123
0.297 -6.76127
0.298 -6.7613
0.299 -6.76134
0.3 -6.76137
0.301 -6.76141
0.302 -6.76144
0.303 -6.76147
0.304 -6.76151
0.305 -6.76154
0.306 -6.76158
0.307 -6.76161
0.308 -6.76164
0.309 -6.76168
0.31 -6.76171
0.311 -6.76175
0.312 -6.76178
0.313 -6.76181
0.314 -6.76185
0.315 -6.76188
0.316 -6.76192
0.317 -6.76195
0.318 -6.76198
0.319 -6.76202
0.32 -6.76205
0.321 -6.76208
0.322 -6.76212
0.323 -6.76215
0.324 -6.76218
0.325 -6.76222
0.326 -6.76225
0.327 -6.76228
0.328 -6.76232
0.329 -6.76235
0.33 -6.76238
0.331 -6.76242
0.332 -6.76245
0.333 -6.76248
0.334 -6.76252
0.335 -6.76255
0.336 -6.76258
0.337 -6.76262
0.338 -6.76265
0.339 -6.76268
0.34 -6.76272
0.341 -6.76275
0.342 -6.76278
0.343 -6.76281
0.344 -6.76285
0.345 -6.76288
0.346 -6.76291
0.347 -6.76294
0.348 -6.76298
0.349 -6.76301
0.35 -6.76304
0.351 -6.76308
0.352 -6.76311
0.353 -6.76314
0.354 -6.76317
0.355 -6.76321
0.356 -6.76324
0.357 -6.76327
0.358 -6.7633
0.359 -6.76333
0.36 -6.76337
0.361 -6.7634
0.362 -6.76343
0.363 -6.76346
0.364 -6.7635
0.365 -6.76353
0.366 -6.76356
0.367 -6.76359
0.368 -6.76362
0.369 -6.76366
0.37 -6.76369
0.371 -6.76372
0.372 -6.76375
0.373 -6.76378
0.374 -6.76382
0.375 -6.76385
0.376 -6.76388
0.377 -6.76391
0.378 -6.76394
0.379 -6.76397
0.38 -6.76401
0.381 -6.76404
0.382 -6.76407
0.383 -6.7641
0.384 -6.76413
0.385 -6.76416
0.386 -6.7642
0.387 -6.76423
0.388 -6.76426
0.389 -6.76429
0.39 -6.76432
0.391 -6.76435
0.392 -6.76438
0.393 -6.76442
0.394 -6.76445
0.395 -6.76448
0.396 -6.76451
0.397 -6.76454
0.398 -6.76457
0.399 -6.7646
0.4 -6.76463
0.401 -6.76466
0.402 -6.7647
0.403 -6.76473
0.404 -6.76476
0.405 -6.76479
0.406 -6.76482
0.407 -6.76485
0.408 -6.76488
0.409 -6.76491
0.41 -6.76494
0.411 -6.76497
0.412 -6.765
0.413 -6.76503
0.414 -6.76507
0.415 -6.7651
0.416 -6.76513
0.417 -6.76516
0.418 -6.76519
0.419 -6.76522
0.42 -6.76525
0.421 -6.76528
0.422 -6.76531
0.423 -6.76534
0.424 -6.76537
0.425 -6.7654
0.426 -6.76543
0.427 -6.76546
0.428 -6.76549
0.429 -6.76552
0.43 -6.76555
0.431 -6.76558
0.432 -6.76561
0.433 -6.76564
0.434 -6.76567
0.435 -6.7657
0.436 -6.76573
0.437 -6.76576
0.438 -6.76579
0.439 -6.76582
0.44 -6.76585
0.441 -6.76588
0.442 -6.76591
0.443 -6.76594
0.444 -6.76597
0.445 -6.766
0.446 -6.76603
0.447 -6.76606
0.448 -6.76609
0.449 -6.76612
0.45 -6.76615
0.451 -6.76618
0.452 -6.76621
0.453 -6.76624
0.454 -6.76627
0.455 -6.7663
0.456 -6.76633
0.457 -6.76636
0.458 -6.76639
0.459 -6.76642
0.46 -6.76645
0.461 -6.76647
0.462 -6.7665
0.463 -6.76653
0.464 -6.76656
0.465 -6.76659
0.466 -6.76662
0.467 -6.76665
0.468 -6.76668
0.469 -6.76671
0.47 -6.76674
0.471 -6.76677
0.472 -6.7668
0.473 -6.76682
0.474 -6.76685
0.475 -6.76688
0.476 -6.76691
0.477 -6.76694
0.478 -6.76697
0.479 -6.767
0.48 -6.76703
0.481 -6.76706
0.482 -6.76709
0.483 -6.76711
0.484 -6.76714
0.485 -6.76717
0.486 -6.7672
0.487 -6.76723
0.488 -6.76726
0.489 -6.76729
0.49 -6.76731
0.491 -6.76734
0.492 -6.76737
0.493 -6.7674
0.494 -6.76743
0.495 -6.76746
0.496 -6.76749
0.497 -6.76751
0.498 -6.76754
0.499 -6.76757
0.5 -6.7676
0.501 -6.76763
0.502 -6.76766
0.503 -6.76768
0.504 -6.76771
0.505 -6.76774
0.506 -6.76777
0.507 -6.7678
0.508 -6.76783
0.509 -6.76785
0.51 -6.76788
0.511 -6.76791
0.512 -6.76794
0.513 -6.76797
0.514 -6.768
0.515 -6.76802
0.516 -6.76805
0.517 -6.76808
0.518 -6.76811
0.519 -6.76814
0.52 -6.76816
0.521 -6.76819
0.522 -6.76822
0.523 -6.76825
0.524 -6.76827
0.525 -6.7683
0.526 -6.76833
0.527 -6.76836
0.528 -6.76839
0.529 -6.76841
0.53 -6.76844
0.531 -6.76847
0.532 -6.7685
0.533 -6.76852
0.534 -6.76855
0.535 -6.76858
0.536 -6.76861
0.537 -6.76863
0.538 -6.76866
0.539 -6.76869
0.54 -6.76872
0.541 -6.76875
0.542 -6.76877
0.543 -6.7688
0.544 -6.76883
0.545 -6.76885
0.546 -6.76888
0.547 -6.76891
0.548 -6.76894
0.549 -6.76896
0.55 -6.76899
0.551 -6.76902
0.552 -6.76905
0.553 -6.76907
0.554 -6.7691
0.555 -6.76913
0.556 -6.76916
0.557 -6.76918
0.558 -6.76921
0.559 -6.76924
0.56 -6.76926
0.561 -6.76929
0.562 -6.76932
0.563 -6.76935
0.564 -6.76937
0.565 -6.7694
0.566 -6.76943
0.567 -6.76945
0.568 -6.76948
0.569 -6.76951
0.57 -6.76953
0.571 -6.76956
0.572 -6.76959
0.573 -6.76962
0.574 -6.76964
0.575 -6.76967
0.576 -6.7697
0.577 -6.76972
0.578 -6.76975
0.579 -6.76978
0.58 -6.7698
0.581 -6.76983
0.582 -6.76986
0.583 -6.76988
0.584 -6.76991
0.585 -6.76994
0.586 -6.76996
0.587 -6.76999
0.588 -6.77002
0.589 -6.77004
0.59 -6.77007
0.591 -6.7701
0.592 -6.77012
0.593 -6.77015
0.594 -6.77018
0.595 -6.7702
0.596 -6.77023
0.597 -6.77026
0.598 -6.77028
0.599 -6.77031
0.6 -6.77034
0.601 -6.77036
0.602 -6.77039
0.603 -6.77041
0.604 -6.77044
0.605 -6.77047
0.606 -6.77049
0.607 -6.77052
0.608 -6.77055
0.609 -6.77057
0.61 -6.7706
0.611 -6.77063
0.612 -6.77065
0.613 -6.77068
0.614 -6.7707
0.615 -6.77073
0.616 -6.77076
0.617 -6.77078
0.618 -6.77081
0.619 -6.77084
0.62 -6.77086
0.621 -6.77089
0.622 -6.77091
0.623 -6.77094
0.624 -6.77097
0.625 -6.77099
0.626 -6.77102
0.627 -6.77104
0.628 -6.77107
0.629 -6.7711
0.63 -6.77112
0.631 -6.77115
0.632 -6.77117
0.633 -6.7712
0.634 -6.77123
0.635 -6.77125
0.636 -6.77128
0.637 -6.7713
0.638 -6.77133
0.639 -6.77136
0.64 -6.77138
0.641 -6.77141
0.642 -6.77143
0.643 -6.77146
0.644 -6.77149
0.645 -6.77151
0.646 -6.77154
0.647 -6.77156
0.648 -6.77159
0.649 -6.77161
0.65 -6.77164
0.651 -6.77167
0.652 -6.77169
0.653 -6.77172
0.654 -6.77174
0.655 -6.77177
0.656 -6.77179
0.657 -6.77182
0.658 -6.77185
0.659 -6.77187
0.66 -6.7719
0.661 -6.77192
0.662 -6.77195
0.663 -6.77197
0.664 -6.772
0.665 -6.77203
0.666 -6.77205
0.667 -6.77208
0.668 -6.7721
0.669 -6.77213
0.67 -6.77215
0.671 -6.77218
0.672 -6.7722
0.673 -6.77223
0.674 -6.77226
0.675 -6.77228
0.676 -6.77231
0.677 -6.77233
0.678 -6.77236
0.679 -6.77238
0.68 -6.77241
0.681 -6.77243
0.682 -6.77246
0.683 -6.77248
0.684 -6.77251
0.685 -6.77254
0.686 -6.77256
0.687 -6.77259
0.688 -6.77261
0.689 -6.77264
0.69 -6.77266
0.691 -6.77269
0.692 -6.77271
0.693 -6.77274
0.694 -6.77276
0.695 -6.77279
0.696 -6.77281
0.697 -6.77284
0.698 -6.77286
0.699 -6.77289
0.7 -6.77292
0.701 -6.77294
0.702 -6.77297
0.703 -6.77299
0.704 -6.77302
0.705 -6.77304
0.706 -6.77307
0.707 -6.77309
0.708 -6.77312
0.709 -6.77314
0.71 -6.77317
0.711 -6.77319
0.712 -6.77322
0.713 -6.77324
0.714 -6.77327
0.715 -6.77329
0.716 -6.77332
0.717 -6.77334
0.718 -6.77337
0.719 -6.77339
0.72 -6.77342
0.721 -6.77344
0.722 -6.77347
0.723 -6.77349
0.724 -6.77352
0.725 -6.77355
0.726 -6.77357
0.727 -6.7736
0.728 -6.77362
0.729 -6.77365
0.73 -6.77367
0.731 -6.7737
0.732 -6.77372
0.733 -6.77375
0.734 -6.77377
0.735 -6.7738
0.736 -6.77382
0.737 -6.77385
0.738 -6.77387
0.739 -6.7739
0.74 -6.77392
0.741 -6.77395
0.742 -6.77397
0.743 -6.774
0.744 -6.77402
0.745 -6.77405
0.746 -6.77407
0.747 -6.7741
0.748 -6.77412
0.749 -6.77415
0.75 -6.77417
0.751 -6.7742
0.752 -6.77422
0.753 -6.77425
0.754 -6.77427
0.755 -6.7743
0.756 -6.77432
0.757 -6.77435
0.758 -6.77437
0.759 -6.7744
0.76 -6.77442
0.761 -6.77444
0.762 -6.77447
0.763 -6.77449
0.764 -6.77452
0.765 -6.77454
0.766 -6.77457
0.767 -6.77459
0.768 -6.77462
0.769 -6.77464
0.77 -6.77467
0.771 -6.77469
0.772 -6.77472
0.773 -6.77474
0.774 -6.77477
0.775 -6.77479
0.776 -6.77482
0.777 -6.77484
0.778 -6.77487
0.779 -6.77489
0.78 -6.77492
0.781 -6.77494
0.782 -6.77497
0.783 -6.77499
0.784 -6.77502
0.785 -6.77504
0.786 -6.77507
0.787 -6.77509
0.788 -6.77512
0.789 -6.77514
0.79 -6.77517
0.791 -6.77519
0.792 -6.77522
0.793 -6.77524
0.794 -6.77527
0.795 -6.77529
0.796 -6.77531
0.797 -6.77534
0.798 -6.77536
0.799 -6.77539
0.8 -6.77541
0.801 -6.77544
0.802 -6.77546
0.803 -6.77549
0.804 -6.77551
0.805 -6.77554
0.806 -6.77556
0.807 -6.77559
0.808 -6.77561
0.809 -6.77564
0.81 -6.77566
0.811 -6.77569
0.812 -6.77571
0.813 -6.77574
0.814 -6.77576
0.815 -6.77579
0.816 -6.77581
0.817 -6.77584
0.818 -6.77586
0.819 -6.77589
0.82 -6.77591
0.821 -6.77593
0.822 -6.77596
0.823 -6.77598
0.824 -6.77601
0.825 -6.77603
0.826 -6.77606
0.827 -6.77608
0.828 -6.77611
0.829 -6.77613
0.83 -6.77616
0.831 -6.77618
0.832 -6.77621
0.833 -6.77623
0.834 -6.77626
0.835 -6.77628
0.836 -6.77631
0.837 -6.77633
0.838 -6.77636
0.839 -6.77638
0.84 -6.77641
0.841 -6.77643
0.842 -6.77646
0.843 -6.77648
0.844 -6.7765
0.845 -6.77653
0.846 -6.77655
0.847 -6.77658
0.848 -6.7766
0.849 -6.77663
0.85 -6.77665
0.851 -6.77668
0.852 -6.7767
0.853 -6.77673
0.854 -6.77675
0.855 -6.77678
0.856 -6.7768
0.857 -6.77683
0.858 -6.77685
0.859 -6.77688
0.86 -6.7769
0.861 -6.77693
0.862 -6.77695
0.863 -6.77698
0.864 -6.777
0.865 -6.77703
0.866 -6.77705
0.867 -6.77707
0.868 -6.7771
0.869 -6.77712
0.87 -6.77715
0.871 -6.77717
0.872 -6.7772
0.873 -6.77722
0.874 -6.77725
0.875 -6.77727
0.876 -6.7773
0.877 -6.77732
0.878 -6.77735
0.879 -6.77737
0.88 -6.7774
0.881 -6.77742
0.882 -6.77745
0.883 -6.77747
0.884 -6.7775
0.885 -6.77752
0.886 -6.77755
0.887 -6.77757
0.888 -6.7776
0.889 -6.77762
0.89 -6.77765
0.891 -6.77767
0.892 -6.7777
0.893 -6.77772
0.894 -6.77775
0.895 -6.77777
0.896 -6.7778
0.897 -6.77782
0.898 -6.77785
0.899 -6.77787
0.9 -6.7779
0.901 -6.77792
0.902 -6.77795
0.903 -6.77797
0.904 -6.778
0.905 -6.77802
0.906 -6.77804
0.907 -6.77807
0.908 -6.77809
0.909 -6.77812
0.91 -6.77814
0.911 -6.77817
0.912 -6.77819
0.913 -6.77822
0.914 -6.77824
0.915 -6.77827
0.916 -6.77829
0.917 -6.77832
0.918 -6.77834
0.919 -6.77837
0.92 -6.77839
0.921 -6.77842
0.922 -6.77844
0.923 -6.77847
0.924 -6.77849
0.925 -6.77852
0.926 -6.77854
0.927 -6.77857
0.928 -6.77859
0.929 -6.77862
0.93 -6.77864
0.931 -6.77867
0.932 -6.77869
0.933 -6.77872
0.934 -6.77874
0.935 -6.77877
0.936 -6.77879
0.937 -6.77882
0.938 -6.77884
0.939 -6.77887
0.94 -6.7789
0.941 -6.77892
0.942 -6.77895
0.943 -6.77897
0.944 -6.779
0.945 -6.77902
0.946 -6.77905
0.947 -6.77907
0.948 -6.7791
0.949 -6.77912
0.95 -6.77915
0.951 -6.77917
0.952 -6.7792
0.953 -6.77922
0.954 -6.77925
0.955 -6.77927
0.956 -6.7793
0.957 -6.77932
0.958 -6.77935
0.959 -6.77937
0.96 -6.7794
0.961 -6.77942
0.962 -6.77945
0.963 -6.77947
0.964 -6.7795
0.965 -6.77952
0.966 -6.77955
0.967 -6.77957
0.968 -6.7796
0.969 -6.77962
0.97 -6.77965
0.971 -6.77968
0.972 -6.7797
0.973 -6.77973
0.974 -6.77975
0.975 -6.77978
0.976 -6.7798
0.977 -6.77983
0.978 -6.77985
0.979 -6.77988
0.98 -6.7799
0.981 -6.77993
0.982 -6.77995
0.983 -6.77998
0.984 -6.78
0.985 -6.78003
0.986 -6.78006
0.987 -6.78008
0.988 -6.78011
0.989 -6.78013
0.99 -6.78016
0.991 -6.78018
0.992 -6.78021
0.993 -6.78023
0.994 -6.78026
0.995 -6.78028
0.996 -6.78031
0.997 -6.78033
0.998 -6.78036
0.999 -6.78039
1 -6.78041
1.001 -10
