0 0
0.003 0.209296
0.006 0.209843
0.009 0.210395
0.012 0.210952
0.015 0.211515
0.018 0.212083
0.021 0.212656
0.024 0.213235
0.027 0.213819
0.03 0.214409
0.033 0.215005
0.036 0.215606
0.039 0.216213
0.042 0.216825
0.045 0.217443
0.048 0.218068
0.051 0.218698
0.054 0.219334
0.057 0.219975
0.06 0.220623
0.063 0.221277
0.066 0.221937
0.069 0.222604
0.072 0.223276
0.075 0.223955
0.078 0.22464
0.081 0.225331
0.084 0.226029
0.087 0.226733
0.09 0.227443
0.093 0.228161
0.096 0.228885
0.099 0.229615
0.102 0.230352
0.105 0.231096
0.108 0.231847
0.111 0.232605
0.114 0.233369
0.117 0.234141
0.12 0.234919
0.123 0.235705
0.126 0.236498
0.129 0.237298
0.132 0.238105
0.135 0.23892
0.138 0.239742
0.141 0.240571
0.144 0.241408
0.147 0.242253
0.15 0.243105
0.153 0.243964
0.156 0.244832
0.159 0.245707
0.162 0.24659
0.165 0.247481
0.168 0.24838
0.171 0.249288
0.174 0.250203
0.177 0.251126
0.18 0.252058
0.183 0.252998
0.186 0.253946
0.189 0.254903
0.192 0.255868
0.195 0.256842
0.198 0.257824
0.201 0.258816
0.204 0.259816
0.207 0.260824
0.21 0.261842
0.213 0.262869
0.216 0.263904
0.219 0.264949
0.222 0.266003
0.225 0.267067
0.228 0.268139
0.231 0.269222
0.234 0.270313
0.237 0.271414
0.24 0.272525
0.243 0.273646
0.246 0.274776
0.249 0.275916
0.252 0.277066
0.255 0.278226
0.258 0.279397
0.261 0.280577
0.264 0.281768
0.267 0.282969
0.27 0.28418
0.273 0.285402
0.276 0.286635
0.279 0.287878
0.282 0.289132
0.285 0.290397
0.288 0.291673
0.291 0.292959
0.294 0.294257
0.297 0.295566
0.3 0.296886
0.303 0.298218
0.306 0.299561
0.309 0.300916
0.312 0.302282
0.315 0.30366
0.318 0.305049
0.321 0.306451
0.324 0.307864
0.327 0.30929
0.33 0.310728
0.333 0.312177
0.336 0.31364
0.339 0.315114
0.342 0.316602
0.345 0.318102
0.348 0.319614
0.351 0.321139
0.354 0.322678
0.357 0.324229
0.36 0.325793
0.363 0.327371
0.366 0.328962
0.369 0.330566
0.372 0.332184
0.375 0.333815
0.378 0.33546
0.381 0.337119
0.384 0.338792
0.387 0.340479
0.39 0.34218
0.393 0.343895
0.396 0.345624
0.399 0.347368
0.402 0.349126
0.405 0.350899
0.408 0.352687
0.411 0.354489
0.414 0.356307
0.417 0.358139
0.42 0.359987
0.423 0.36185
0.426 0.363728
0.429 0.365622
0.432 0.367531
0.435 0.369457
0.438 0.371397
0.441 0.373354
0.444 0.375327
0.447 0.377316
0.45 0.379321
0.453 0.381343
0.456 0.383381
0.459 0.385435
0.462 0.387507
0.465 0.389595
0.468 0.3917
0.471 0.393822
0.474 0.395961
0.477 0.398118
0.48 0.400292
0.483 0.402483
0.486 0.404692
0.489 0.406918
0.492 0.409163
0.495 0.411425
0.498 0.413706
0.501 0.416004
0.504 0.418321
0.507 0.420656
0.51 0.42301
0.513 0.425382
0.516 0.427773
0.519 0.430183
0.522 0.432612
0.525 0.43506
0.528 0.437527
0.531 0.440013
0.534 0.442519
0.537 0.445044
0.54 0.447589
0.543 0.450154
0.546 0.452738
0.549 0.455342
0.552 0.457967
0.555 0.460611
0.558 0.463276
0.561 0.465961
0.564 0.468666
0.567 0.471392
0.57 0.474139
0.573 0.476906
0.576 0.479695
0.579 0.482504
0.582 0.485334
0.585 0.488186
0.588 0.491058
0.591 0.493952
0.594 0.496868
0.597 0.499805
0.6 0.502763
0.603 0.505743
0.606 0.508745
0.609 0.511769
0.612 0.514815
0.615 0.517883
0.618 0.520973
0.621 0.524085
0.624 0.527219
0.627 0.530376
0.63 0.533555
0.633 0.536757
0.636 0.539981
0.639 0.543227
0.642 0.546497
0.645 0.549789
0.648 0.553104
0.651 0.556441
0.654 0.559802
0.657 0.563185
0.66 0.566591
0.663 0.570021
0.666 0.573473
0.669 0.576949
0.672 0.580447
0.675 0.583969
0.678 0.587514
0.681 0.591082
0.684 0.594674
0.687 0.598288
0.69 0.601926
0.693 0.605587
0.696 0.609271
0.699 0.612979
0.702 0.61671
0.705 0.620464
0.708 0.624241
0.711 0.628042
0.714 0.631866
0.717 0.635712
0.72 0.639583
0.723 0.643476
0.726 0.647392
0.729 0.651331
0.732 0.655294
0.735 0.659279
0.738 0.663287
0.741 0.667318
0.744 0.671372
0.747 0.675449
0.75 0.679548
0.753 0.68367
0.756 0.687814
0.759 0.691981
0.762 0.696169
0.765 0.700381
0.768 0.704614
0.771 0.708869
0.774 0.713146
0.777 0.717445
0.78 0.721765
0.783 0.726107
0.786 0.730471
0.789 0.734855
0.792 0.739261
0.795 0.743688
0.798 0.748135
0.801 0.752603
0.804 0.757092
0.807 0.7616
0.81 0.766129
0.813 0.770678
0.816 0.775247
0.819 0.779835
0.822 0.784443
0.825 0.789069
0.828 0.793715
0.831 0.798379
0.834 0.803062
0.837 0.807764
0.84 0.812483
0.843 0.81722
0.846 0.821975
0.849 0.826747
0.852 0.831537
0.855 0.836343
0.858 0.841166
0.861 0.846005
0.864 0.85086
0.867 0.855731
0.87 0.860618
0.873 0.86552
0.876 0.870437
0.879 0.875369
0.882 0.880315
0.885 0.885275
0.888 0.890249
0.891 0.895237
0.894 0.900238
0.897 0.905252
0.9 0.910278
0.903 0.915317
0.906 0.920368
0.909 0.925431
0.912 0.930505
0.915 0.93559
0.918 0.940685
0.921 0.945791
0.924 0.950907
0.927 0.956033
0.93 0.961168
0.933 0.966312
0.936 0.971465
0.939 0.976627
0.942 0.981796
0.945 0.986973
0.948 0.992157
0.951 0.997348
0.954 1.00255
0.957 1.00775
0.96 1.01296
0.963 1.01818
0.966 1.0234
0.969 1.02862
0.972 1.03385
0.975 1.03909
0.978 1.04433
0.981 1.04957
0.984 1.05481
0.987 1.06006
0.99 1.06531
0.993 1.07056
0.996 1.07582
0.999 1.08107
1.002 1.08633
1.005 1.09159
1.008 1.09685
1.011 1.1021
1.014 1.10736
1.017 1.11262
1.02 1.11787
1.023 1.12313
1.026 1.12838
1.029 1.13363
1.032 1.13888
1.035 1.14413
1.038 1.14937
1.041 1.15461
1.044 1.15985
1.047 1.16508
1.05 1.17031
1.053 1.17554
1.056 1.18076
1.059 1.18597
1.062 1.19118
1.065 1.19639
1.068 1.20159
1.071 1.20678
1.074 1.21196
1.077 1.21714
1.08 1.22232
1.083 1.22748
1.086 1.23264
1.089 1.23779
1.092 1.24293
1.095 1.24806
1.098 1.25319
1.101 1.25831
1.104 1.26341
1.107 1.26851
1.11 1.2736
1.113 1.27868
1.116 1.28375
1.119 1.28882
1.122 1.29387
1.125 1.29891
1.128 1.30394
1.131 1.30896
1.134 1.31396
1.137 1.31896
1.14 1.32395
1.143 1.32892
1.146 1.33389
1.149 1.33884
1.152 1.34378
1.155 1.34871
1.158 1.35362
1.161 1.35853
1.164 1.36342
1.167 1.3683
1.17 1.37317
1.173 1.37802
1.176 1.38286
1.179 1.38769
1.182 1.39251
1.185 1.39732
1.188 1.40211
1.191 1.40688
1.194 1.41165
1.197 1.4164
1.2 1.42114
1.203 1.42586
1.206 1.43058
1.209 1.43528
1.212 1.43996
1.215 1.44463
1.218 1.44929
1.221 1.45394
1.224 1.45857
1.227 1.46319
1.23 1.46779
1.233 1.47239
1.236 1.47697
1.239 1.48153
1.242 1.48608
1.245 1.49062
1.248 1.49515
1.251 1.49966
1.254 1.50416
1.257 1.50865
1.26 1.51312
1.263 1.51758
1.266 1.52203
1.269 1.52647
1.272 1.53089
1.275 1.5353
1.278 1.5397
1.281 1.54409
1.284 1.54846
1.287 1.55282
1.29 1.55717
1.293 1.56151
1.296 1.56583
1.299 1.57015
1.302 1.57445
1.305 1.57874
1.308 1.58302
1.311 1.58729
1.314 1.59155
1.317 1.5958
1.32 1.60004
1.323 1.60426
1.326 1.60848
1.329 1.61269
1.332 1.61688
1.335 1.62107
1.338 1.62525
1.341 1.62941
1.344 1.63357
1.347 1.63772
1.35 1.64187
1.353 1.646
1.356 1.65012
1.359 1.65424
1.362 1.65835
1.365 1.66245
1.368 1.66654
1.371 1.67063
1.374 1.67471
1.377 1.67879
1.38 1.68285
1.383 1.68691
1.386 1.69097
1.389 1.69502
1.392 1.69906
1.395 1.7031
1.398 1.70714
1.401 1.71117
1.404 1.71519
1.407 1.71922
1.41 1.72323
1.413 1.72725
1.416 1.73126
1.419 1.73527
1.422 1.73928
1.425 1.74328
1.428 1.74729
1.431 1.75129
1.434 1.75529
1.437 1.75929
1.44 1.76329
1.443 1.76729
1.446 1.77129
1.449 1.77529
1.452 1.77929
1.455 1.78329
1.458 1.78729
1.461 1.7913
1.464 1.7953
1.467 1.79931
1.47 1.80333
1.473 1.80734
1.476 1.81136
1.479 1.81539
1.482 1.81942
1.485 1.82345
1.488 1.82749
1.491 1.83153
1.494 1.83558
1.497 1.83964
1.5 1.8437
1.503 1.84777
1.506 1.85184
1.509 1.85593
1.512 1.86002
1.515 1.86412
1.518 1.86824
1.521 1.87236
1.524 1.87649
1.527 1.88063
1.53 1.88478
1.533 1.88894
1.536 1.89311
1.539 1.8973
1.542 1.9015
1.545 1.90571
1.548 1.90993
1.551 1.91417
1.554 1.91842
1.557 1.92269
1.56 1.92697
1.563 1.93126
1.566 1.93557
1.569 1.9399
1.572 1.94425
1.575 1.94861
1.578 1.95299
1.581 1.95738
1.584 1.9618
1.587 1.96623
1.59 1.97068
1.593 1.97516
1.596 1.97965
1.599 1.98416
1.602 1.9887
1.605 1.99325
1.608 1.99783
1.611 2.00243
1.614 2.00705
1.617 2.01169
1.62 2.01636
1.623 2.02105
1.626 2.02577
1.629 2.03051
1.632 2.03528
1.635 2.04007
1.638 2.04489
1.641 2.04973
1.644 2.0546
1.647 2.0595
1.65 2.06442
1.653 2.06938
1.656 2.07436
1.659 2.07937
1.662 2.08441
1.665 2.08948
1.668 2.09458
1.671 2.0997
1.674 2.10486
1.677 2.11006
1.68 2.11528
1.683 2.12053
1.686 2.12582
1.689 2.13114
1.692 2.13649
1.695 2.14187
1.698 2.14729
1.701 2.15274
1.704 2.15823
1.707 2.16374
1.71 2.1693
1.713 2.17489
1.716 2.18051
1.719 2.18617
1.722 2.19187
1.725 2.1976
1.728 2.20336
1.731 2.20917
1.734 2.21501
1.737 2.22088
1.74 2.2268
1.743 2.23275
1.746 2.23874
1.749 2.24476
1.752 2.25082
1.755 2.25692
1.758 2.26306
1.761 2.26924
1.764 2.27545
1.767 2.28171
1.77 2.288
1.773 2.29433
1.776 2.30069
1.779 2.3071
1.782 2.31354
1.785 2.32002
1.788 2.32655
1.791 2.3331
1.794 2.3397
1.797 2.34634
1.8 2.35301
1.803 2.35972
1.806 2.36647
1.809 2.37326
1.812 2.38008
1.815 2.38694
1.818 2.39384
1.821 2.40078
1.824 2.40775
1.827 2.41476
1.83 2.4218
1.833 2.42888
1.836 2.436
1.839 2.44315
1.842 2.45034
1.845 2.45757
1.848 2.46482
1.851 2.47211
1.854 2.47944
1.857 2.4868
1.86 2.49419
1.863 2.50161
1.866 2.50907
1.869 2.51655
1.872 2.52407
1.875 2.53162
1.878 2.5392
1.881 2.54681
1.884 2.55444
1.887 2.56211
1.89 2.5698
1.893 2.57752
1.896 2.58526
1.899 2.59304
1.902 2.60083
1.905 2.60865
1.908 2.6165
1.911 2.62437
1.914 2.63226
1.917 2.64017
1.92 2.6481
1.923 2.65605
1.926 2.66403
1.929 2.67202
1.932 2.68003
1.935 2.68805
1.938 2.6961
1.941 2.70415
1.944 2.71223
1.947 2.72031
1.95 2.72841
1.953 2.73652
1.956 2.74465
1.959 2.75278
1.962 2.76092
1.965 2.76907
1.968 2.77723
1.971 2.7854
1.974 2.79357
1.977 2.80175
1.98 2.80993
1.983 2.81811
1.986 2.8263
1.989 2.83449
1.992 2.84268
1.995 2.85086
1.998 2.85905
2.001 2.86724
2.004 2.87542
2.007 2.8836
2.01 2.89177
2.013 2.89994
2.016 2.9081
2.019 2.91625
2.022 2.9244
2.025 2.93253
2.028 2.94066
2.031 2.94877
2.034 2.95687
2.037 2.96496
2.04 2.97304
2.043 2.9811
2.046 2.98914
2.049 2.99717
2.052 3.00518
2.055 3.01318
2.058 3.02115
2.061 3.02911
2.064 3.03704
2.067 3.04495
2.07 3.05284
2.073 3.06071
2.076 3.06855
2.079 3.07637
2.082 3.08417
2.085 3.09194
2.088 3.09968
2.091 3.10739
2.094 3.11508
2.097 3.12273
2.1 3.13036
2.103 3.13795
2.106 3.14552
2.109 3.15305
2.112 3.16055
2.115 3.16802
2.118 3.17545
2.121 3.18285
2.124 3.19022
2.127 3.19755
2.13 3.20484
2.133 3.21209
2.136 3.21931
2.139 3.22649
2.142 3.23363
2.145 3.24073
2.148 3.2478
2.151 3.25482
2.154 3.2618
2.157 3.26874
2.16 3.27564
2.163 3.2825
2.166 3.28931
2.169 3.29608
2.172 3.30281
2.175 3.30949
2.178 3.31613
2.181 3.32272
2.184 3.32927
2.187 3.33578
2.19 3.34223
2.193 3.34865
2.196 3.35501
2.199 3.36133
2.202 3.3676
2.205 3.37382
2.208 3.38
2.211 3.38613
2.214 3.39221
2.217 3.39824
2.22 3.40422
2.223 3.41016
2.226 3.41604
2.229 3.42188
2.232 3.42766
2.235 3.4334
2.238 3.43909
2.241 3.44472
2.244 3.45031
2.247 3.45585
2.25 3.46133
2.253 3.46677
2.256 3.47216
2.259 3.47749
2.262 3.48278
2.265 3.48801
2.268 3.4932
2.271 3.49833
2.274 3.50341
2.277 3.50845
2.28 3.51343
2.283 3.51836
2.286 3.52324
2.289 3.52808
2.292 3.53286
2.295 3.53759
2.298 3.54227
2.301 3.54691
2.304 3.55149
2.307 3.55602
2.31 3.56051
2.313 3.56494
2.316 3.56933
2.319 3.57366
2.322 3.57795
2.325 3.58219
2.328 3.58638
2.331 3.59052
2.334 3.59462
2.337 3.59867
2.34 3.60267
2.343 3.60662
2.346 3.61053
2.349 3.61439
2.352 3.6182
2.355 3.62197
2.358 3.62569
2.361 3.62937
2.364 3.633
2.367 3.63658
2.37 3.64013
2.373 3.64362
2.376 3.64708
2.379 3.65049
2.382 3.65385
2.385 3.65718
2.388 3.66046
2.391 3.6637
2.394 3.66689
2.397 3.67005
2.4 3.67316
2.403 3.67624
2.406 3.67927
2.409 3.68226
2.412 3.68521
2.415 3.68813
2.418 3.691
2.421 3.69384
2.424 3.69663
2.427 3.69939
2.43 3.70212
2.433 3.7048
2.436 3.70745
2.439 3.71006
2.442 3.71263
2.445 3.71517
2.448 3.71768
2.451 3.72015
2.454 3.72258
2.457 3.72498
2.46 3.72735
2.463 3.72968
2.466 3.73198
2.469 3.73425
2.472 3.73648
2.475 3.73868
2.478 3.74086
2.481 3.743
2.484 3.74511
2.487 3.74718
2.49 3.74923
2.493 3.75125
2.496 3.75324
2.499 3.7552
2.502 3.75713
2.505 3.75904
2.508 3.76091
2.511 3.76276
2.514 3.76458
2.517 3.76638
2.52 3.76814
2.523 3.76988
2.526 3.7716
2.529 3.77329
2.532 3.77495
2.535 3.77659
2.538 3.77821
2.541 3.7798
2.544 3.78137
2.547 3.78291
2.55 3.78443
2.553 3.78593
2.556 3.7874
2.559 3.78885
2.562 3.79028
2.565 3.79169
2.568 3.79308
2.571 3.79444
2.574 3.79579
2.577 3.79711
2.58 3.79842
2.583 3.7997
2.586 3.80096
2.589 3.80221
2.592 3.80343
2.595 3.80464
2.598 3.80583
2.601 3.807
2.604 3.80815
2.607 3.80929
2.61 3.8104
2.613 3.8115
2.616 3.81258
2.619 3.81365
2.622 3.8147
2.625 3.81573
2.628 3.81675
2.631 3.81775
2.634 3.81873
2.637 3.8197
2.64 3.82066
2.643 3.8216
2.646 3.82252
2.649 3.82343
2.652 3.82433
2.655 3.82521
2.658 3.82608
2.661 3.82693
2.664 3.82777
2.667 3.8286
2.67 3.82942
2.673 3.83022
2.676 3.83101
2.679 3.83178
2.682 3.83255
2.685 3.8333
2.688 3.83404
2.691 3.83477
2.694 3.83549
2.697 3.83619
2.7 3.83689
2.703 3.83757
2.706 3.83824
2.709 3.83891
2.712 3.83956
2.715 3.8402
2.718 3.84083
2.721 3.84145
2.724 3.84206
2.727 3.84266
2.73 3.84326
2.733 3.84384
2.736 3.84441
2.739 3.84497
2.742 3.84553
2.745 3.84607
2.748 3.84661
2.751 3.84714
2.754 3.84766
2.757 3.84817
2.76 3.84867
2.763 3.84917
2.766 3.84966
2.769 3.85014
2.772 3.85061
2.775 3.85107
2.778 3.85153
2.781 3.85198
2.784 3.85242
2.787 3.85285
2.79 3.85328
2.793 3.8537
2.796 3.85412
2.799 3.85452
2.802 3.85492
2.805 3.85532
2.808 3.85571
2.811 3.85609
2.814 3.85646
2.817 3.85683
2.82 3.8572
2.823 3.85755
2.826 3.8579
2.829 3.85825
2.832 3.85859
2.835 3.85892
2.838 3.85925
2.841 3.85958
2.844 3.85989
2.847 3.86021
2.85 3.86051
2.853 3.86082
2.856 3.86111
2.859 3.86141
2.862 3.8617
2.865 3.86198
2.868 3.86226
2.871 3.86253
2.874 3.8628
2.877 3.86307
2.88 3.86333
2.883 3.86358
2.886 3.86383
2.889 3.86408
2.892 3.86432
2.895 3.86456
2.898 3.8648
2.901 3.86503
2.904 3.86526
2.907 3.86548
2.91 3.8657
2.913 3.86592
2.916 3.86613
2.919 3.86634
2.922 3.86655
2.925 3.86675
2.928 3.86695
2.931 3.86714
2.934 3.86733
2.937 3.86752
2.94 3.86771
2.943 3.86789
2.946 3.86807
2.949 3.86824
2.952 3.86842
2.955 3.86859
2.958 3.86875
2.961 3.86892
2.964 3.86908
2.967 3.86924
2.97 3.86939
2.973 3.86955
2.976 3.8697
2.979 3.86985
2.982 3.86999
2.985 3.87013
2.988 3.87027
2.991 3.87041
2.994 3.87055
2.997 3.87068
3 3.87081
3.001 0
