0 -10
0.003 -6.58306
0.006 -6.58167
0.009 -6.58026
0.012 -6.57884
0.015 -6.57741
0.018 -6.57597
0.021 -6.57451
0.024 -6.57303
0.027 -6.57155
0.03 -6.57004
0.033 -6.56853
0.036 -6.56699
0.039 -6.56545
0.042 -6.56389
0.045 -6.56231
0.048 -6.56072
0.051 -6.55911
0.054 -6.55749
0.057 -6.55586
0.06 -6.5542
0.063 -6.55254
0.066 -6.55085
0.069 -6.54915
0.072 -6.54744
0.075 -6.54571
0.078 -6.54396
0.081 -6.5422
0.084 -6.54042
0.087 -6.53862
0.09 -6.53681
0.093 -6.53498
0.096 -6.53313
0.099 -6.53127
0.102 -6.52939
0.105 -6.52749
0.108 -6.52558
0.111 -6.52365
0.114 -6.5217
0.117 -6.51973
0.12 -6.51774
0.123 -6.51574
0.126 -6.51372
0.129 -6.51168
0.132 -6.50963
0.135 -6.50755
0.138 -6.50546
0.141 -6.50334
0.144 -6.50121
0.147 -6.49906
0.15 -6.4969
0.153 -6.49471
0.156 -6.4925
0.159 -6.49027
0.162 -6.48803
0.165 -6.48576
0.168 -6.48348
0.171 -6.48117
0.174 -6.47885
0.177 -6.4765
0.18 -6.47414
0.183 -6.47175
0.186 -6.46935
0.189 -6.46692
0.192 -6.46447
0.195 -6.462
0.198 -6.45951
0.201 -6.457
0.204 -6.45447
0.207 -6.45192
0.21 -6.44934
0.213 -6.44674
0.216 -6.44413
0.219 -6.44149
0.222 -6.43882
0.225 -6.43614
0.228 -6.43343
0.231 -6.4307
0.234 -6.42795
0.237 -6.42517
0.24 -6.42237
0.243 -6.41955
0.246 -6.4167
0.249 -6.41384
0.252 -6.41094
0.255 -6.40803
0.258 -6.40509
0.261 -6.40213
0.264 -6.39914
0.267 -6.39613
0.27 -6.39309
0.273 -6.39003
0.276 -6.38694
0.279 -6.38383
0.282 -6.3807
0.285 -6.37753
0.288 -6.37435
0.291 -6.37114
0.294 -6.3679
0.297 -6.36464
0.3 -6.36135
0.303 -6.35803
0.306 -6.35469
0.309 -6.35132
0.312 -6.34793
0.315 -6.34451
0.318 -6.34106
0.321 -6.33759
0.324 -6.33409
0.327 -6.33056
0.33 -6.327
0.333 -6.32342
0.336 -6.31981
0.339 -6.31617
0.342 -6.3125
0.345 -6.30881
0.348 -6.30508
0.351 -6.30133
0.354 -6.29755
0.357 -6.29374
0.36 -6.2899
0.363 -6.28603
0.366 -6.28214
0.369 -6.27821
0.372 -6.27426
0.375 -6.27027
0.378 -6.26626
0.381 -6.26221
0.384 -6.25814
0.387 -6.25403
0.39 -6.2499
0.393 -6.24573
0.396 -6.24154
0.399 -6.23731
0.402 -6.23305
0.405 -6.22877
0.408 -6.22445
0.411 -6.22009
0.414 -6.21571
0.417 -6.2113
0.42 -6.20685
0.423 -6.20237
0.426 -6.19786
0.429 -6.19332
0.432 -6.18875
0.435 -6.18414
0.438 -6.1795
0.441 -6.17483
0.444 -6.17013
0.447 -6.16539
0.45 -6.16062
0.453 -6.15582
0.456 -6.15098
0.459 -6.14611
0.462 -6.1412
0.465 -6.13627
0.468 -6.1313
0.471 -6.12629
0.474 -6.12125
0.477 -6.11618
0.48 -6.11107
0.483 -6.10593
0.486 -6.10076
0.489 -6.09555
0.492 -6.0903
0.495 -6.08502
0.498 -6.07971
0.501 -6.07436
0.504 -6.06898
0.507 -6.06356
0.51 -6.05811
0.513 -6.05262
0.516 -6.04709
0.519 -6.04154
0.522 -6.03594
0.525 -6.03031
0.528 -6.02465
0.531 -6.01895
0.534 -6.01321
0.537 -6.00744
0.54 -6.00163
0.543 -5.99579
0.546 -5.98991
0.549 -5.98399
0.552 -5.97804
0.555 -5.97206
0.558 -5.96604
0.561 -5.95998
0.564 -5.95389
0.567 -5.94776
0.57 -5.94159
0.573 -5.93539
0.576 -5.92915
0.579 -5.92288
0.582 -5.91657
0.585 -5.91023
0.588 -5.90385
0.591 -5.89743
0.594 -5.89098
0.597 -5.8845
0.6 -5.87798
0.603 -5.87142
0.606 -5.86483
0.609 -5.8582
0.612 -5.85153
0.615 -5.84484
0.618 -5.8381
0.621 -5.83134
0.624 -5.82453
0.627 -5.8177
0.63 -5.81082
0.633 -5.80392
0.636 -5.79698
0.639 -5.79
0.642 -5.78299
0.645 -5.77595
0.648 -5.76888
0.651 -5.76177
0.654 -5.75462
0.657 -5.74745
0.66 -5.74024
0.663 -5.733
0.666 -5.72572
0.669 -5.71842
0.672 -5.71108
0.675 -5.70371
0.678 -5.69631
0.681 -5.68888
0.684 -5.68142
0.687 -5.67392
0.69 -5.6664
0.693 -5.65885
0.696 -5.65126
0.699 -5.64365
0.702 -5.63601
0.705 -5.62834
0.708 -5.62064
0.711 -5.61292
0.714 -5.60516
0.717 -5.59738
0.72 -5.58957
0.723 -5.58174
0.726 -5.57388
0.729 -5.56599
0.732 -5.55808
0.735 -5.55015
0.738 -5.54219
0.741 -5.5342
0.744 -5.5262
0.747 -5.51816
0.75 -5.51011
0.753 -5.50204
0.756 -5.49394
0.759 -5.48583
0.762 -5.47769
0.765 -5.46953
0.768 -5.46136
0.771 -5.45316
0.774 -5.44495
0.777 -5.43672
0.78 -5.42847
0.783 -5.42021
0.786 -5.41193
0.789 -5.40363
0.792 -5.39532
0.795 -5.387
0.798 -5.37866
0.801 -5.37031
0.804 -5.36195
0.807 -5.35357
0.81 -5.34519
0.813 -5.33679
0.816 -5.32839
0.819 -5.31997
0.822 -5.31155
0.825 -5.30312
0.828 -5.29469
0.831 -5.28625
0.834 -5.2778
0.837 -5.26934
0.84 -5.26089
0.843 -5.25243
0.846 -5.24397
0.849 -5.2355
0.852 -5.22703
0.855 -5.21857
0.858 -5.2101
0.861 -5.20164
0.864 -5.19317
0.867 -5.18471
0.87 -5.17625
0.873 -5.1678
0.876 -5.15935
0.879 -5.15091
0.882 -5.14247
0.885 -5.13404
0.888 -5.12561
0.891 -5.1172
0.894 -5.10879
0.897 -5.10039
0.9 -5.092
0.903 -5.08363
0.906 -5.07527
0.909 -5.06691
0.912 -5.05858
0.915 -5.05025
0.918 -5.04194
0.921 -5.03365
0.924 -5.02537
0.927 -5.01711
0.93 -5.00887
0.933 -5.00064
0.936 -4.99243
0.939 -4.98425
0.942 -4.97608
0.945 -4.96793
0.948 -4.95981
0.951 -4.9517
0.954 -4.94362
0.957 -4.93557
0.96 -4.92753
0.963 -4.91952
0.966 -4.91154
0.969 -4.90358
0.972 -4.89565
0.975 -4.88775
0.978 -4.87987
0.981 -4.87202
0.984 -4.8642
0.987 -4.85641
0.99 -4.84865
0.993 -4.84091
0.996 -4.83321
0.999 -4.82554
1.002 -4.8179
1.005 -4.8103
1.008 -4.80272
1.011 -4.79518
1.014 -4.78767
1.017 -4.7802
1.02 -4.77276
1.023 -4.76535
1.026 -4.75798
1.029 -4.75065
1.032 -4.74335
1.035 -4.73608
1.038 -4.72885
1.041 -4.72166
1.044 -4.71451
1.047 -4.70739
1.05 -4.70031
1.053 -4.69327
1.056 -4.68627
1.059 -4.6793
1.062 -4.67238
1.065 -4.66549
1.068 -4.65864
1.071 -4.65183
1.074 -4.64506
1.077 -4.63833
1.08 -4.63164
1.083 -4.62499
1.086 -4.61838
1.089 -4.61181
1.092 -4.60528
1.095 -4.59879
1.098 -4.59234
1.101 -4.58594
1.104 -4.57957
1.107 -4.57324
1.11 -4.56696
1.113 -4.56071
1.116 -4.55451
1.119 -4.54834
1.122 -4.54222
1.125 -4.53614
1.128 -4.5301
1.131 -4.5241
1.134 -4.51814
1.137 -4.51222
1.14 -4.50634
1.143 -4.50051
1.146 -4.49471
1.149 -4.48896
1.152 -4.48324
1.155 -4.47757
1.158 -4.47193
1.161 -4.46634
1.164 -4.46079
1.167 -4.45527
1.17 -4.4498
1.173 -4.44437
1.176 -4.43897
1.179 -4.43362
1.182 -4.4283
1.185 -4.42302
1.188 -4.41779
1.191 -4.41259
1.194 -4.40743
1.197 -4.4023
1.2 -4.39722
1.203 -4.39217
1.206 -4.38716
1.209 -4.38219
1.212 -4.37726
1.215 -4.37236
1.218 -4.3675
1.221 -4.36268
1.224 -4.35789
1.227 -4.35314
1.23 -4.34843
1.233 -4.34375
1.236 -4.33911
1.239 -4.3345
1.242 -4.32992
1.245 -4.32538
1.248 -4.32088
1.251 -4.31641
1.254 -4.31197
1.257 -4.30756
1.26 -4.30319
1.263 -4.29886
1.266 -4.29455
1.269 -4.29028
1.272 -4.28604
1.275 -4.28183
1.278 -4.27765
1.281 -4.2735
1.284 -4.26938
1.287 -4.2653
1.29 -4.26124
1.293 -4.25721
1.296 -4.25322
1.299 -4.24925
1.302 -4.24531
1.305 -4.2414
1.308 -4.23752
1.311 -4.23366
1.314 -4.22983
1.317 -4.22603
1.32 -4.22226
1.323 -4.21851
1.326 -4.21479
1.329 -4.2111
1.332 -4.20743
1.335 -4.20378
1.338 -4.20016
1.341 -4.19657
1.344 -4.193
1.347 -4.18945
1.35 -4.18593
1.353 -4.18243
1.356 -4.17895
1.359 -4.1755
1.362 -4.17206
1.365 -4.16865
1.368 -4.16526
1.371 -4.16189
1.374 -4.15855
1.377 -4.15522
1.38 -4.15191
1.383 -4.14862
1.386 -4.14536
1.389 -4.14211
1.392 -4.13888
1.395 -4.13566
1.398 -4.13247
1.401 -4.12929
1.404 -4.12614
1.407 -4.12299
1.41 -4.11987
1.413 -4.11676
1.416 -4.11367
1.419 -4.11059
1.422 -4.10753
1.425 -4.10448
1.428 -4.10145
1.431 -4.09843
1.434 -4.09543
1.437 -4.09244
1.44 -4.08946
1.443 -4.0865
1.446 -4.08355
1.449 -4.08061
1.452 -4.07768
1.455 -4.07477
1.458 -4.07186
1.461 -4.06897
1.464 -4.06609
1.467 -4.06322
1.47 -4.06036
1.473 -4.05751
1.476 -4.05466
1.479 -4.05183
1.482 -4.04901
1.485 -4.04619
1.488 -4.04339
1.491 -4.04059
1.494 -4.03779
1.497 -4.03501
1.5 -4.03223
1.503 -4.02946
1.506 -4.0267
1.509 -4.02394
1.512 -4.02119
1.515 -4.01844
1.518 -4.0157
1.521 -4.01296
1.524 -4.01023
1.527 -4.0075
1.53 -4.00478
1.533 -4.00206
1.536 -3.99934
1.539 -3.99663
1.542 -3.99392
1.545 -3.99121
1.548 -3.9885
1.551 -3.9858
1.554 -3.9831
1.557 -3.9804
1.56 -3.9777
1.563 -3.975
1.566 -3.9723
1.569 -3.96961
1.572 -3.96691
1.575 -3.96421
1.578 -3.96152
1.581 -3.95882
1.584 -3.95612
1.587 -3.95342
1.59 -3.95072
1.593 -3.94802
1.596 -3.94532
1.599 -3.94261
1.602 -3.9399
1.605 -3.93719
1.608 -3.93448
1.611 -3.93177
1.614 -3.92905
1.617 -3.92633
1.62 -3.9236
1.623 -3.92088
1.626 -3.91815
1.629 -3.91541
1.632 -3.91267
1.635 -3.90993
1.638 -3.90718
1.641 -3.90443
1.644 -3.90167
1.647 -3.89891
1.65 -3.89614
1.653 -3.89337
1.656 -3.89059
1.659 -3.8878
1.662 -3.88502
1.665 -3.88222
1.668 -3.87942
1.671 -3.87661
1.674 -3.8738
1.677 -3.87098
1.68 -3.86816
1.683 -3.86532
1.686 -3.86249
1.689 -3.85964
1.692 -3.85679
1.695 -3.85393
1.698 -3.85107
1.701 -3.8482
1.704 -3.84532
1.707 -3.84243
1.71 -3.83954
1.713 -3.83664
1.716 -3.83374
1.719 -3.83082
1.722 -3.8279
1.725 -3.82498
1.728 -3.82204
1.731 -3.8191
1.734 -3.81615
1.737 -3.8132
1.74 -3.81024
1.743 -3.80727
1.746 -3.80429
1.749 -3.80131
1.752 -3.79832
1.755 -3.79532
1.758 -3.79232
1.761 -3.78931
1.764 -3.7863
1.767 -3.78328
1.77 -3.78025
1.773 -3.77721
1.776 -3.77417
1.779 -3.77113
1.782 -3.76807
1.785 -3.76502
1.788 -3.76195
1.791 -3.75888
1.794 -3.75581
1.797 -3.75273
1.8 -3.74965
1.803 -3.74656
1.806 -3.74347
1.809 -3.74037
1.812 -3.73727
1.815 -3.73416
1.818 -3.73105
1.821 -3.72794
1.824 -3.72482
1.827 -3.7217
1.83 -3.71858
1.833 -3.71545
1.836 -3.71232
1.839 -3.70919
1.842 -3.70606
1.845 -3.70293
1.848 -3.69979
1.851 -3.69665
1.854 -3.69351
1.857 -3.69037
1.86 -3.68723
1.863 -3.68409
1.866 -3.68095
1.869 -3.67781
1.872 -3.67467
1.875 -3.67154
1.878 -3.6684
1.881 -3.66526
1.884 -3.66213
1.887 -3.65899
1.89 -3.65586
1.893 -3.65273
1.896 -3.64961
1.899 -3.64648
1.902 -3.64336
1.905 -3.64025
1.908 -3.63714
1.911 -3.63403
1.914 -3.63092
1.917 -3.62782
1.92 -3.62473
1.923 -3.62164
1.926 -3.61856
1.929 -3.61548
1.932 -3.61241
1.935 -3.60934
1.938 -3.60628
1.941 -3.60323
1.944 -3.60018
1.947 -3.59715
1.95 -3.59411
1.953 -3.59109
1.956 -3.58808
1.959 -3.58507
1.962 -3.58207
1.965 -3.57908
1.968 -3.5761
1.971 -3.57313
1.974 -3.57017
1.977 -3.56722
1.98 -3.56428
1.983 -3.56135
1.986 -3.55843
1.989 -3.55551
1.992 -3.55261
1.995 -3.54972
1.998 -3.54685
2.001 -3.54398
2.004 -3.54112
2.007 -3.53828
2.01 -3.53545
2.013 -3.53263
2.016 -3.52982
2.019 -3.52702
2.022 -3.52424
2.025 -3.52147
2.028 -3.51871
2.031 -3.51596
2.034 -3.51323
2.037 -3.51051
2.04 -3.5078
2.043 -3.50511
2.046 -3.50243
2.049 -3.49976
2.052 -3.49711
2.055 -3.49447
2.058 -3.49185
2.061 -3.48923
2.064 -3.48664
2.067 -3.48405
2.07 -3.48148
2.073 -3.47893
2.076 -3.47639
2.079 -3.47386
2.082 -3.47135
2.085 -3.46885
2.088 -3.46637
2.091 -3.4639
2.094 -3.46145
2.097 -3.45901
2.1 -3.45659
2.103 -3.45418
2.106 -3.45179
2.109 -3.44941
2.112 -3.44705
2.115 -3.4447
2.118 -3.44237
2.121 -3.44005
2.124 -3.43775
2.127 -3.43546
2.13 -3.43319
2.133 -3.43094
2.136 -3.4287
2.139 -3.42647
2.142 -3.42427
2.145 -3.42207
2.148 -3.4199
2.151 -3.41774
2.154 -3.41559
2.157 -3.41346
2.16 -3.41135
2.163 -3.40926
2.166 -3.40718
2.169 -3.40511
2.172 -3.40307
2.175 -3.40104
2.178 -3.39902
2.181 -3.39702
2.184 -3.39504
2.187 -3.39308
2.19 -3.39113
2.193 -3.3892
2.196 -3.38729
2.199 -3.38539
2.202 -3.38351
2.205 -3.38165
2.208 -3.3798
2.211 -3.37798
2.214 -3.37617
2.217 -3.37437
2.22 -3.3726
2.223 -3.37084
2.226 -3.3691
2.229 -3.36737
2.232 -3.36567
2.235 -3.36398
2.238 -3.36231
2.241 -3.36066
2.244 -3.35902
2.247 -3.35741
2.25 -3.35581
2.253 -3.35423
2.256 -3.35266
2.259 -3.35112
2.262 -3.34959
2.265 -3.34809
2.268 -3.3466
2.271 -3.34513
2.274 -3.34367
2.277 -3.34224
2.28 -3.34082
2.283 -3.33943
2.286 -3.33805
2.289 -3.33669
2.292 -3.33534
2.295 -3.33402
2.298 -3.33272
2.301 -3.33143
2.304 -3.33016
2.307 -3.32891
2.31 -3.32768
2.313 -3.32647
2.316 -3.32528
2.319 -3.3241
2.322 -3.32295
2.325 -3.32181
2.328 -3.32069
2.331 -3.31959
2.334 -3.31851
2.337 -3.31745
2.34 -3.3164
2.343 -3.31538
2.346 -3.31437
2.349 -3.31338
2.352 -3.31241
2.355 -3.31145
2.358 -3.31052
2.361 -3.3096
2.364 -3.3087
2.367 -3.30782
2.37 -3.30696
2.373 -3.30611
2.376 -3.30529
2.379 -3.30448
2.382 -3.30369
2.385 -3.30291
2.388 -3.30215
2.391 -3.30141
2.394 -3.30069
2.397 -3.29999
2.4 -3.2993
2.403 -3.29863
2.406 -3.29797
2.409 -3.29733
2.412 -3.29671
2.415 -3.29611
2.418 -3.29552
2.421 -3.29495
2.424 -3.29439
2.427 -3.29385
2.43 -3.29333
2.433 -3.29282
2.436 -3.29233
2.439 -3.29185
2.442 -3.29139
2.445 -3.29094
2.448 -3.29051
2.451 -3.29009
2.454 -3.28969
2.457 -3.2893
2.46 -3.28893
2.463 -3.28857
2.466 -3.28823
2.469 -3.2879
2.472 -3.28758
2.475 -3.28728
2.478 -3.28699
2.481 -3.28672
2.484 -3.28645
2.487 -3.28621
2.49 -3.28597
2.493 -3.28575
2.496 -3.28554
2.499 -3.28534
2.502 -3.28515
2.505 -3.28498
2.508 -3.28482
2.511 -3.28467
2.514 -3.28453
2.517 -3.28441
2.52 -3.28429
2.523 -3.28419
2.526 -3.2841
2.529 -3.28402
2.532 -3.28395
2.535 -3.28389
2.538 -3.28384
2.541 -3.2838
2.544 -3.28378
2.547 -3.28376
2.55 -3.28375
2.553 -3.28375
2.556 -3.28376
2.559 -3.28378
2.562 -3.28381
2.565 -3.28385
2.568 -3.2839
2.571 -3.28396
2.574 -3.28402
2.577 -3.2841
2.58 -3.28418
2.583 -3.28427
2.586 -3.28437
2.589 -3.28448
2.592 -3.28459
2.595 -3.28472
2.598 -3.28485
2.601 -3.28498
2.604 -3.28513
2.607 -3.28528
2.61 -3.28544
2.613 -3.28561
2.616 -3.28578
2.619 -3.28596
2.622 -3.28614
2.625 -3.28634
2.628 -3.28654
2.631 -3.28674
2.634 -3.28695
2.637 -3.28717
2.64 -3.28739
2.643 -3.28762
2.646 -3.28785
2.649 -3.28809
2.652 -3.28834
2.655 -3.28858
2.658 -3.28884
2.661 -3.2891
2.664 -3.28936
2.667 -3.28963
2.67 -3.28991
2.673 -3.29018
2.676 -3.29047
2.679 -3.29075
2.682 -3.29104
2.685 -3.29134
2.688 -3.29164
2.691 -3.29194
2.694 -3.29225
2.697 -3.29256
2.7 -3.29287
2.703 -3.29319
2.706 -3.29351
2.709 -3.29384
2.712 -3.29417
2.715 -3.2945
2.718 -3.29483
2.721 -3.29517
2.724 -3.29551
2.727 -3.29585
2.73 -3.2962
2.733 -3.29655
2.736 -3.2969
2.739 -3.29725
2.742 -3.29761
2.745 -3.29796
2.748 -3.29832
2.751 -3.29869
2.754 -3.29905
2.757 -3.29942
2.76 -3.29979
2.763 -3.30016
2.766 -3.30053
2.769 -3.30091
2.772 -3.30128
2.775 -3.30166
2.778 -3.30204
2.781 -3.30242
2.784 -3.30281
2.787 -3.30319
2.79 -3.30358
2.793 -3.30396
2.796 -3.30435
2.799 -3.30474
2.802 -3.30513
2.805 -3.30552
2.808 -3.30591
2.811 -3.30631
2.814 -3.3067
2.817 -3.3071
2.82 -3.30749
2.823 -3.30789
2.826 -3.30829
2.829 -3.30869
2.832 -3.30909
2.835 -3.30949
2.838 -3.30989
2.841 -3.31029
2.844 -3.31069
2.847 -3.31109
2.85 -3.3115
2.853 -3.3119
2.856 -3.3123
2.859 -3.31271
2.862 -3.31311
2.865 -3.31351
2.868 -3.31392
2.871 -3.31432
2.874 -3.31473
2.877 -3.31513
2.88 -3.31553
2.883 -3.31594
2.886 -3.31634
2.889 -3.31675
2.892 -3.31715
2.895 -3.31756
2.898 -3.31796
2.901 -3.31837
2.904 -3.31877
2.907 -3.31917
2.91 -3.31958
2.913 -3.31998
2.916 -3.32038
2.919 -3.32078
2.922 -3.32119
2.925 -3.32159
2.928 -3.32199
2.931 -3.32239
2.934 -3.32279
2.937 -3.32319
2.94 -3.32359
2.943 -3.32399
2.946 -3.32439
2.949 -3.32479
2.952 -3.32519
2.955 -3.32558
2.958 -3.32598
2.961 -3.32638
2.964 -3.32677
2.967 -3.32717
2.97 -3.32756
2.973 -3.32795
2.976 -3.32834
2.979 -3.32874
2.982 -3.32913
2.985 -3.32952
2.988 -3.32991
2.991 -3.3303
2.994 -3.33069
2.997 -3.33107
3 -3.33146
3.001 -10
