0 5
0.003 3.69886
0.006 3.69867
0.009 3.69849
0.012 3.6983
0.015 3.69811
0.018 3.69792
0.021 3.69773
0.024 3.69754
0.027 3.69734
0.03 3.69714
0.033 3.69694
0.036 3.69674
0.039 3.69653
0.042 3.69632
0.045 3.69611
0.048 3.6959
0.051 3.69569
0.054 3.69547
0.057 3.69525
0.06 3.69503
0.063 3.69481
0.066 3.69459
0.069 3.69436
0.072 3.69413
0.075 3.6939
0.078 3.69366
0.081 3.69343
0.084 3.69319
0.087 3.69295
0.09 3.69271
0.093 3.69246
0.096 3.69221
0.099 3.69196
0.102 3.69171
0.105 3.69146
0.108 3.6912
0.111 3.69094
0.114 3.69068
0.117 3.69041
0.12 3.69014
0.123 3.68987
0.126 3.6896
0.129 3.68933
0.132 3.68905
0.135 3.68877
0.138 3.68849
0.141 3.6882
0.144 3.68791
0.147 3.68762
0.15 3.68733
0.153 3.68704
0.156 3.68674
0.159 3.68644
0.162 3.68613
0.165 3.68583
0.168 3.68552
0.171 3.68521
0.174 3.68489
0.177 3.68457
0.18 3.68425
0.183 3.68393
0.186 3.68361
0.189 3.68328
0.192 3.68295
0.195 3.68261
0.198 3.68228
0.201 3.68194
0.204 3.68159
0.207 3.68125
0.21 3.6809
0.213 3.68055
0.216 3.6802
0.219 3.67984
0.222 3.67948
0.225 3.67911
0.228 3.67875
0.231 3.67838
0.234 3.67801
0.237 3.67763
0.24 3.67725
0.243 3.67687
0.246 3.67649
0.249 3.6761
0.252 3.67571
0.255 3.67532
0.258 3.67492
0.261 3.67452
0.264 3.67412
0.267 3.67371
0.27 3.6733
0.273 3.67289
0.276 3.67247
0.279 3.67205
0.282 3.67163
0.285 3.67121
0.288 3.67078
0.291 3.67035
0.294 3.66991
0.297 3.66947
0.3 3.66903
0.303 3.66858
0.306 3.66814
0.309 3.66768
0.312 3.66723
0.315 3.66677
0.318 3.66631
0.321 3.66584
0.324 3.66537
0.327 3.6649
0.33 3.66442
0.333 3.66394
0.336 3.66346
0.339 3.66298
0.342 3.66249
0.345 3.66199
0.348 3.6615
0.351 3.661
0.354 3.66049
0.357 3.65999
0.36 3.65948
0.363 3.65896
0.366 3.65844
0.369 3.65792
0.372 3.6574
0.375 3.65687
0.378 3.65634
0.381 3.6558
0.384 3.65526
0.387 3.65472
0.39 3.65417
0.393 3.65362
0.396 3.65307
0.399 3.65251
0.402 3.65195
0.405 3.65138
0.408 3.65082
0.411 3.65024
0.414 3.64967
0.417 3.64909
0.42 3.64851
0.423 3.64792
0.426 3.64733
0.429 3.64673
0.432 3.64614
0.435 3.64553
0.438 3.64493
0.441 3.64432
0.444 3.64371
0.447 3.64309
0.45 3.64247
0.453 3.64185
0.456 3.64122
0.459 3.64059
0.462 3.63995
0.465 3.63931
0.468 3.63867
0.471 3.63802
0.474 3.63737
0.477 3.63672
0.48 3.63606
0.483 3.6354
0.486 3.63473
0.489 3.63406
0.492 3.63339
0.495 3.63272
0.498 3.63204
0.501 3.63135
0.504 3.63066
0.507 3.62997
0.51 3.62928
0.513 3.62858
0.516 3.62788
0.519 3.62717
0.522 3.62646
0.525 3.62575
0.528 3.62503
0.531 3.62431
0.534 3.62358
0.537 3.62285
0.54 3.62212
0.543 3.62138
0.546 3.62065
0.549 3.6199
0.552 3.61915
0.555 3.6184
0.558 3.61765
0.561 3.61689
0.564 3.61613
0.567 3.61537
0.57 3.6146
0.573 3.61383
0.576 3.61305
0.579 3.61227
0.582 3.61149
0.585 3.6107
0.588 3.60991
0.591 3.60912
0.594 3.60832
0.597 3.60752
0.6 3.60672
0.603 3.60591
0.606 3.6051
0.609 3.60429
0.612 3.60347
0.615 3.60265
0.618 3.60182
0.621 3.601
0.624 3.60016
0.627 3.59933
0.63 3.59849
0.633 3.59765
0.636 3.59681
0.639 3.59596
0.642 3.59511
0.645 3.59426
0.648 3.5934
0.651 3.59254
0.654 3.59168
0.657 3.59081
0.66 3.58994
0.663 3.58907
0.666 3.5882
0.669 3.58732
0.672 3.58644
0.675 3.58555
0.678 3.58466
0.681 3.58377
0.684 3.58288
0.687 3.58199
0.69 3.58109
0.693 3.58019
0.696 3.57928
0.699 3.57837
0.702 3.57746
0.705 3.57655
0.708 3.57564
0.711 3.57472
0.714 3.5738
0.717 3.57288
0.72 3.57195
0.723 3.57102
0.726 3.57009
0.729 3.56916
0.732 3.56822
0.735 3.56728
0.738 3.56634
0.741 3.5654
0.744 3.56445
0.747 3.56351
0.75 3.56256
0.753 3.5616
0.756 3.56065
0.759 3.55969
0.762 3.55873
0.765 3.55777
0.768 3.55681
0.771 3.55584
0.774 3.55488
0.777 3.55391
0.78 3.55294
0.783 3.55196
0.786 3.55099
0.789 3.55001
0.792 3.54903
0.795 3.54805
0.798 3.54707
0.801 3.54608
0.804 3.54509
0.807 3.5441
0.81 3.54311
0.813 3.54212
0.816 3.54113
0.819 3.54013
0.822 3.53914
0.825 3.53814
0.828 3.53714
0.831 3.53613
0.834 3.53513
0.837 3.53412
0.84 3.53312
0.843 3.53211
0.846 3.5311
0.849 3.53009
0.852 3.52908
0.855 3.52806
0.858 3.52705
0.861 3.52603
0.864 3.52501
0.867 3.52399
0.87 3.52297
0.873 3.52195
0.876 3.52093
0.879 3.5199
0.882 3.51888
0.885 3.51785
0.888 3.51682
0.891 3.51579
0.894 3.51476
0.897 3.51373
0.9 3.5127
0.903 3.51167
0.906 3.51063
0.909 3.5096
0.912 3.50856
0.915 3.50752
0.918 3.50648
0.921 3.50545
0.924 3.50441
0.927 3.50336
0.93 3.50232
0.933 3.50128
0.936 3.50024
0.939 3.49919
0.942 3.49815
0.945 3.4971
0.948 3.49606
0.951 3.49501
0.954 3.49396
0.957 3.49291
0.96 3.49186
0.963 3.49081
0.966 3.48976
0.969 3.48871
0.972 3.48766
0.975 3.48661
0.978 3.48556
0.981 3.4845
0.984 3.48345
0.987 3.4824
0.99 3.48134
0.993 3.48029
0.996 3.47923
0.999 3.47818
1.002 3.47712
1.005 3.47607
1.008 3.47501
1.011 3.47396
1.014 3.4729
1.017 3.47184
1.02 3.47079
1.023 3.46973
1.026 3.46867
1.029 3.46762
1.032 3.46656
1.035 3.4655
1.038 3.46445
1.041 3.46339
1.044 3.46233
1.047 3.46128
1.05 3.46022
1.053 3.45916
1.056 3.45811
1.059 3.45705
1.062 3.456
1.065 3.45494
1.068 3.45389
1.071 3.45283
1.074 3.45178
1.077 3.45072
1.08 3.44967
1.083 3.44862
1.086 3.44757
1.089 3.44651
1.092 3.44546
1.095 3.44441
1.098 3.44336
1.101 3.44231
1.104 3.44126
1.107 3.44022
1.11 3.43917
1.113 3.43812
1.116 3.43708
1.119 3.43603
1.122 3.43499
1.125 3.43394
1.128 3.4329
1.131 3.43186
1.134 3.43082
1.137 3.42978
1.14 3.42874
1.143 3.42771
1.146 3.42667
1.149 3.42563
1.152 3.4246
1.155 3.42357
1.158 3.42254
1.161 3.42151
1.164 3.42048
1.167 3.41945
1.17 3.41842
1.173 3.4174
1.176 3.41637
1.179 3.41535
1.182 3.41433
1.185 3.41331
1.188 3.41229
1.191 3.41127
1.194 3.41025
1.197 3.40924
1.2 3.40823
1.203 3.40722
1.206 3.40621
1.209 3.4052
1.212 3.40419
1.215 3.40318
1.218 3.40218
1.221 3.40118
1.224 3.40018
1.227 3.39918
1.23 3.39818
1.233 3.39718
1.236 3.39619
1.239 3.39519
1.242 3.3942
1.245 3.39321
1.248 3.39222
1.251 3.39124
1.254 3.39025
1.257 3.38927
1.26 3.38829
1.263 3.38731
1.266 3.38633
1.269 3.38535
1.272 3.38437
1.275 3.3834
1.278 3.38243
1.281 3.38146
1.284 3.38049
1.287 3.37952
1.29 3.37855
1.293 3.37759
1.296 3.37662
1.299 3.37566
1.302 3.3747
1.305 3.37374
1.308 3.37278
1.311 3.37183
1.314 3.37087
1.317 3.36992
1.32 3.36897
1.323 3.36801
1.326 3.36706
1.329 3.36612
1.332 3.36517
1.335 3.36422
1.338 3.36328
1.341 3.36233
1.344 3.36139
1.347 3.36045
1.35 3.35951
1.353 3.35857
1.356 3.35763
1.359 3.3567
1.362 3.35576
1.365 3.35482
1.368 3.35389
1.371 3.35296
1.374 3.35202
1.377 3.35109
1.38 3.35016
1.383 3.34923
1.386 3.3483
1.389 3.34737
1.392 3.34644
1.395 3.34551
1.398 3.34458
1.401 3.34365
1.404 3.34272
1.407 3.3418
1.41 3.34087
1.413 3.33994
1.416 3.33901
1.419 3.33809
1.422 3.33716
1.425 3.33623
1.428 3.3353
1.431 3.33437
1.434 3.33345
1.437 3.33252
1.44 3.33159
1.443 3.33066
1.446 3.32973
1.449 3.3288
1.452 3.32787
1.455 3.32694
1.458 3.326
1.461 3.32507
1.464 3.32413
1.467 3.3232
1.47 3.32226
1.473 3.32132
1.476 3.32038
1.479 3.31944
1.482 3.3185
1.485 3.31756
1.488 3.31661
1.491 3.31567
1.494 3.31472
1.497 3.31377
1.5 3.31281
1.503 3.31186
1.506 3.3109
1.509 3.30995
1.512 3.30898
1.515 3.30802
1.518 3.30706
1.521 3.30609
1.524 3.30512
1.527 3.30414
1.53 3.30317
1.533 3.30219
1.536 3.30121
1.539 3.30022
1.542 3.29923
1.545 3.29824
1.548 3.29725
1.551 3.29625
1.554 3.29525
1.557 3.29424
1.56 3.29323
1.563 3.29222
1.566 3.29121
1.569 3.29018
1.572 3.28916
1.575 3.28813
1.578 3.2871
1.581 3.28606
1.584 3.28502
1.587 3.28397
1.59 3.28292
1.593 3.28186
1.596 3.2808
1.599 3.27973
1.602 3.27866
1.605 3.27758
1.608 3.2765
1.611 3.27541
1.614 3.27432
1.617 3.27322
1.62 3.27211
1.623 3.271
1.626 3.26988
1.629 3.26876
1.632 3.26763
1.635 3.26649
1.638 3.26535
1.641 3.2642
1.644 3.26304
1.647 3.26188
1.65 3.26071
1.653 3.25953
1.656 3.25835
1.659 3.25716
1.662 3.25596
1.665 3.25475
1.668 3.25354
1.671 3.25232
1.674 3.25109
1.677 3.24985
1.68 3.24861
1.683 3.24735
1.686 3.24609
1.689 3.24482
1.692 3.24354
1.695 3.24226
1.698 3.24096
1.701 3.23966
1.704 3.23835
1.707 3.23703
1.71 3.23569
1.713 3.23436
1.716 3.23301
1.719 3.23165
1.722 3.23028
1.725 3.2289
1.728 3.22752
1.731 3.22612
1.734 3.22472
1.737 3.2233
1.74 3.22188
1.743 3.22044
1.746 3.219
1.749 3.21754
1.752 3.21608
1.755 3.2146
1.758 3.21312
1.761 3.21162
1.764 3.21011
1.767 3.2086
1.77 3.20707
1.773 3.20553
1.776 3.20398
1.779 3.20242
1.782 3.20085
1.785 3.19927
1.788 3.19768
1.791 3.19608
1.794 3.19447
1.797 3.19284
1.8 3.19121
1.803 3.18956
1.806 3.18791
1.809 3.18624
1.812 3.18456
1.815 3.18287
1.818 3.18117
1.821 3.17946
1.824 3.17774
1.827 3.17601
1.83 3.17426
1.833 3.17251
1.836 3.17074
1.839 3.16897
1.842 3.16718
1.845 3.16538
1.848 3.16357
1.851 3.16176
1.854 3.15993
1.857 3.15809
1.86 3.15623
1.863 3.15437
1.866 3.1525
1.869 3.15062
1.872 3.14873
1.875 3.14682
1.878 3.14491
1.881 3.14299
1.884 3.14106
1.887 3.13911
1.89 3.13716
1.893 3.1352
1.896 3.13323
1.899 3.13125
1.902 3.12926
1.905 3.12726
1.908 3.12525
1.911 3.12323
1.914 3.12121
1.917 3.11917
1.92 3.11713
1.923 3.11508
1.926 3.11302
1.929 3.11095
1.932 3.10887
1.935 3.10679
1.938 3.1047
1.941 3.1026
1.944 3.10049
1.947 3.09838
1.95 3.09626
1.953 3.09413
1.956 3.092
1.959 3.08986
1.962 3.08771
1.965 3.08556
1.968 3.0834
1.971 3.08124
1.974 3.07907
1.977 3.07689
1.98 3.07471
1.983 3.07253
1.986 3.07034
1.989 3.06815
1.992 3.06595
1.995 3.06375
1.998 3.06154
2.001 3.05933
2.004 3.05712
2.007 3.0549
2.01 3.05268
2.013 3.05046
2.016 3.04823
2.019 3.046
2.022 3.04377
2.025 3.04154
2.028 3.03931
2.031 3.03707
2.034 3.03484
2.037 3.0326
2.04 3.03036
2.043 3.02812
2.046 3.02588
2.049 3.02364
2.052 3.0214
2.055 3.01916
2.058 3.01692
2.061 3.01468
2.064 3.01245
2.067 3.01021
2.07 3.00797
2.073 3.00574
2.076 3.00351
2.079 3.00128
2.082 2.99905
2.085 2.99682
2.088 2.9946
2.091 2.99238
2.094 2.99016
2.097 2.98795
2.1 2.98574
2.103 2.98353
2.106 2.98133
2.109 2.97913
2.112 2.97693
2.115 2.97474
2.118 2.97255
2.121 2.97037
2.124 2.9682
2.127 2.96603
2.13 2.96386
2.133 2.9617
2.136 2.95955
2.139 2.9574
2.142 2.95526
2.145 2.95313
2.148 2.951
2.151 2.94888
2.154 2.94677
2.157 2.94466
2.16 2.94256
2.163 2.94047
2.166 2.93839
2.169 2.93632
2.172 2.93425
2.175 2.93219
2.178 2.93014
2.181 2.9281
2.184 2.92607
2.187 2.92404
2.19 2.92203
2.193 2.92003
2.196 2.91803
2.199 2.91605
2.202 2.91407
2.205 2.91211
2.208 2.91015
2.211 2.90821
2.214 2.90628
2.217 2.90435
2.22 2.90244
2.223 2.90054
2.226 2.89865
2.229 2.89677
2.232 2.8949
2.235 2.89305
2.238 2.8912
2.241 2.88937
2.244 2.88755
2.247 2.88574
2.25 2.88395
2.253 2.88216
2.256 2.88039
2.259 2.87863
2.262 2.87688
2.265 2.87515
2.268 2.87343
2.271 2.87172
2.274 2.87002
2.277 2.86834
2.28 2.86667
2.283 2.86501
2.286 2.86336
2.289 2.86173
2.292 2.86011
2.295 2.85851
2.298 2.85692
2.301 2.85534
2.304 2.85378
2.307 2.85223
2.31 2.85069
2.313 2.84916
2.316 2.84765
2.319 2.84616
2.322 2.84468
2.325 2.84321
2.328 2.84175
2.331 2.84031
2.334 2.83888
2.337 2.83747
2.34 2.83607
2.343 2.83468
2.346 2.83331
2.349 2.83195
2.352 2.8306
2.355 2.82927
2.358 2.82795
2.361 2.82664
2.364 2.82535
2.367 2.82407
2.37 2.82281
2.373 2.82156
2.376 2.82032
2.379 2.8191
2.382 2.81789
2.385 2.81669
2.388 2.81551
2.391 2.81434
2.394 2.81318
2.397 2.81204
2.4 2.81091
2.403 2.80979
2.406 2.80868
2.409 2.80759
2.412 2.80651
2.415 2.80545
2.418 2.80439
2.421 2.80335
2.424 2.80232
2.427 2.80131
2.43 2.8003
2.433 2.79931
2.436 2.79833
2.439 2.79737
2.442 2.79641
2.445 2.79547
2.448 2.79454
2.451 2.79362
2.454 2.79272
2.457 2.79182
2.46 2.79094
2.463 2.79006
2.466 2.7892
2.469 2.78836
2.472 2.78752
2.475 2.78669
2.478 2.78587
2.481 2.78507
2.484 2.78428
2.487 2.78349
2.49 2.78272
2.493 2.78196
2.496 2.78121
2.499 2.78047
2.502 2.77974
2.505 2.77902
2.508 2.7783
2.511 2.7776
2.514 2.77691
2.517 2.77623
2.52 2.77556
2.523 2.7749
2.526 2.77425
2.529 2.77361
2.532 2.77297
2.535 2.77235
2.538 2.77173
2.541 2.77113
2.544 2.77053
2.547 2.76994
2.55 2.76936
2.553 2.76879
2.556 2.76823
2.559 2.76767
2.562 2.76713
2.565 2.76659
2.568 2.76606
2.571 2.76554
2.574 2.76503
2.577 2.76452
2.58 2.76402
2.583 2.76353
2.586 2.76305
2.589 2.76257
2.592 2.76211
2.595 2.76165
2.598 2.76119
2.601 2.76075
2.604 2.76031
2.607 2.75988
2.61 2.75945
2.613 2.75903
2.616 2.75862
2.619 2.75821
2.622 2.75781
2.625 2.75742
2.628 2.75704
2.631 2.75666
2.634 2.75628
2.637 2.75591
2.64 2.75555
2.643 2.7552
2.646 2.75485
2.649 2.7545
2.652 2.75416
2.655 2.75383
2.658 2.7535
2.661 2.75318
2.664 2.75286
2.667 2.75255
2.67 2.75225
2.673 2.75195
2.676 2.75165
2.679 2.75136
2.682 2.75107
2.685 2.75079
2.688 2.75052
2.691 2.75025
2.694 2.74998
2.697 2.74972
2.7 2.74946
2.703 2.74921
2.706 2.74896
2.709 2.74871
2.712 2.74847
2.715 2.74824
2.718 2.748
2.721 2.74778
2.724 2.74755
2.727 2.74733
2.73 2.74712
2.733 2.74691
2.736 2.7467
2.739 2.74649
2.742 2.74629
2.745 2.7461
2.748 2.7459
2.751 2.74571
2.754 2.74553
2.757 2.74534
2.76 2.74517
2.763 2.74499
2.766 2.74482
2.769 2.74465
2.772 2.74448
2.775 2.74432
2.778 2.74416
2.781 2.744
2.784 2.74384
2.787 2.74369
2.79 2.74354
2.793 2.7434
2.796 2.74326
2.799 2.74312
2.802 2.74298
2.805 2.74284
2.808 2.74271
2.811 2.74258
2.814 2.74246
2.817 2.74233
2.82 2.74221
2.823 2.74209
2.826 2.74197
2.829 2.74186
2.832 2.74175
2.835 2.74164
2.838 2.74153
2.841 2.74143
2.844 2.74132
2.847 2.74122
2.85 2.74112
2.853 2.74102
2.856 2.74093
2.859 2.74084
2.862 2.74075
2.865 2.74066
2.868 2.74057
2.871 2.74049
2.874 2.7404
2.877 2.74032
2.88 2.74024
2.883 2.74016
2.886 2.74009
2.889 2.74001
2.892 2.73994
2.895 2.73987
2.898 2.7398
2.901 2.73973
2.904 2.73967
2.907 2.7396
2.91 2.73954
2.913 2.73948
2.916 2.73942
2.919 2.73936
2.922 2.7393
2.925 2.73925
2.928 2.73919
2.931 2.73914
2.934 2.73909
2.937 2.73904
2.94 2.73899
2.943 2.73894
2.946 2.7389
2.949 2.73885
2.952 2.73881
2.955 2.73876
2.958 2.73872
2.961 2.73868
2.964 2.73864
2.967 2.73861
2.97 2.73857
2.973 2.73853
2.976 2.7385
2.979 2.73846
2.982 2.73843
2.985 2.7384
2.988 2.73837
2.991 2.73834
2.994 2.73831
2.997 2.73828
3 2.73826
3.001 5
