0 5
0.003 3.74124
0.006 3.74059
0.009 3.73994
0.012 3.73928
0.015 3.73862
0.018 3.73796
0.021 3.73729
0.024 3.73662
0.027 3.73594
0.03 3.73527
0.033 3.73458
0.036 3.73389
0.039 3.7332
0.042 3.73251
0.045 3.73181
0.048 3.73111
0.051 3.7304
0.054 3.72969
0.057 3.72897
0.06 3.72826
0.063 3.72753
0.066 3.72681
0.069 3.72608
0.072 3.72534
0.075 3.7246
0.078 3.72386
0.081 3.72311
0.084 3.72236
0.087 3.72161
0.09 3.72085
0.093 3.72009
0.096 3.71932
0.099 3.71855
0.102 3.71778
0.105 3.717
0.108 3.71621
0.111 3.71543
0.114 3.71464
0.117 3.71384
0.12 3.71304
0.123 3.71224
0.126 3.71143
0.129 3.71062
0.132 3.70981
0.135 3.70899
0.138 3.70817
0.141 3.70734
0.144 3.70651
0.147 3.70567
0.15 3.70483
0.153 3.70399
0.156 3.70314
0.159 3.70229
0.162 3.70144
0.165 3.70058
0.168 3.69971
0.171 3.69885
0.174 3.69798
0.177 3.6971
0.18 3.69622
0.183 3.69534
0.186 3.69445
0.189 3.69356
0.192 3.69267
0.195 3.69177
0.198 3.69086
0.201 3.68996
0.204 3.68904
0.207 3.68813
0.21 3.68721
0.213 3.68629
0.216 3.68536
0.219 3.68443
0.222 3.6835
0.225 3.68256
0.228 3.68161
0.231 3.68067
0.234 3.67972
0.237 3.67876
0.24 3.67781
0.243 3.67684
0.246 3.67588
0.249 3.67491
0.252 3.67393
0.255 3.67296
0.258 3.67198
0.261 3.67099
0.264 3.67
0.267 3.66901
0.27 3.66801
0.273 3.66701
0.276 3.66601
0.279 3.665
0.282 3.66399
0.285 3.66297
0.288 3.66195
0.291 3.66093
0.294 3.6599
0.297 3.65887
0.3 3.65784
0.303 3.6568
0.306 3.65576
0.309 3.65472
0.312 3.65367
0.315 3.65262
0.318 3.65156
0.321 3.6505
0.324 3.64944
0.327 3.64837
0.33 3.6473
0.333 3.64623
0.336 3.64515
0.339 3.64407
0.342 3.64298
0.345 3.64189
0.348 3.6408
0.351 3.63971
0.354 3.63861
0.357 3.63751
0.36 3.6364
0.363 3.63529
0.366 3.63418
0.369 3.63306
0.372 3.63194
0.375 3.63082
0.378 3.62969
0.381 3.62856
0.384 3.62743
0.387 3.62629
0.39 3.62515
0.393 3.62401
0.396 3.62287
0.399 3.62172
0.402 3.62056
0.405 3.61941
0.408 3.61825
0.411 3.61708
0.414 3.61592
0.417 3.61475
0.42 3.61357
0.423 3.6124
0.426 3.61122
0.429 3.61004
0.432 3.60885
0.435 3.60766
0.438 3.60647
0.441 3.60527
0.444 3.60408
0.447 3.60287
0.45 3.60167
0.453 3.60046
0.456 3.59925
0.459 3.59804
0.462 3.59682
0.465 3.5956
0.468 3.59438
0.471 3.59315
0.474 3.59192
0.477 3.59069
0.48 3.58945
0.483 3.58821
0.486 3.58697
0.489 3.58573
0.492 3.58448
0.495 3.58323
0.498 3.58197
0.501 3.58071
0.504 3.57945
0.507 3.57819
0.51 3.57693
0.513 3.57566
0.516 3.57438
0.519 3.57311
0.522 3.57183
0.525 3.57055
0.528 3.56927
0.531 3.56798
0.534 3.56669
0.537 3.5654
0.54 3.5641
0.543 3.5628
0.546 3.5615
0.549 3.56019
0.552 3.55889
0.555 3.55758
0.558 3.55626
0.561 3.55494
0.564 3.55363
0.567 3.5523
0.57 3.55098
0.573 3.54965
0.576 3.54832
0.579 3.54698
0.582 3.54565
0.585 3.54431
0.588 3.54296
0.591 3.54162
0.594 3.54027
0.597 3.53892
0.6 3.53756
0.603 3.5362
0.606 3.53484
0.609 3.53348
0.612 3.53211
0.615 3.53074
0.618 3.52937
0.621 3.528
0.624 3.52662
0.627 3.52524
0.63 3.52385
0.633 3.52247
0.636 3.52108
0.639 3.51969
0.642 3.51829
0.645 3.51689
0.648 3.51549
0.651 3.51409
0.654 3.51268
0.657 3.51127
0.66 3.50986
0.663 3.50844
0.666 3.50702
0.669 3.5056
0.672 3.50418
0.675 3.50275
0.678 3.50132
0.681 3.49989
0.684 3.49845
0.687 3.49701
0.69 3.49557
0.693 3.49412
0.696 3.49268
0.699 3.49123
0.702 3.48977
0.705 3.48832
0.708 3.48686
0.711 3.4854
0.714 3.48394
0.717 3.48247
0.72 3.481
0.723 3.47953
0.726 3.47805
0.729 3.47657
0.732 3.47509
0.735 3.47361
0.738 3.47212
0.741 3.47064
0.744 3.46915
0.747 3.46765
0.75 3.46615
0.753 3.46466
0.756 3.46315
0.759 3.46165
0.762 3.46014
0.765 3.45863
0.768 3.45712
0.771 3.45561
0.774 3.45409
0.777 3.45257
0.78 3.45105
0.783 3.44953
0.786 3.448
0.789 3.44647
0.792 3.44494
0.795 3.44341
0.798 3.44187
0.801 3.44033
0.804 3.43879
0.807 3.43725
0.81 3.4357
0.813 3.43416
0.816 3.43261
0.819 3.43106
0.822 3.4295
0.825 3.42795
0.828 3.42639
0.831 3.42483
0.834 3.42327
0.837 3.42171
0.84 3.42015
0.843 3.41858
0.846 3.41701
0.849 3.41544
0.852 3.41387
0.855 3.4123
0.858 3.41072
0.861 3.40915
0.864 3.40757
0.867 3.40599
0.87 3.40441
0.873 3.40283
0.876 3.40124
0.879 3.39966
0.882 3.39807
0.885 3.39649
0.888 3.3949
0.891 3.39331
0.894 3.39172
0.897 3.39013
0.9 3.38854
0.903 3.38694
0.906 3.38535
0.909 3.38376
0.912 3.38216
0.915 3.38056
0.918 3.37897
0.921 3.37737
0.924 3.37577
0.927 3.37418
0.93 3.37258
0.933 3.37098
0.936 3.36938
0.939 3.36778
0.942 3.36618
0.945 3.36458
0.948 3.36298
0.951 3.36138
0.954 3.35978
0.957 3.35818
0.96 3.35658
0.963 3.35498
0.966 3.35338
0.969 3.35178
0.972 3.35019
0.975 3.34859
0.978 3.34699
0.981 3.34539
0.984 3.3438
0.987 3.3422
0.99 3.34061
0.993 3.33901
0.996 3.33742
0.999 3.33583
1.002 3.33424
1.005 3.33265
1.008 3.33106
1.011 3.32947
1.014 3.32788
1.017 3.3263
1.02 3.32471
1.023 3.32313
1.026 3.32155
1.029 3.31997
1.032 3.31839
1.035 3.31681
1.038 3.31524
1.041 3.31367
1.044 3.31209
1.047 3.31052
1.05 3.30896
1.053 3.30739
1.056 3.30583
1.059 3.30426
1.062 3.3027
1.065 3.30115
1.068 3.29959
1.071 3.29804
1.074 3.29649
1.077 3.29494
1.08 3.29339
1.083 3.29185
1.086 3.29031
1.089 3.28877
1.092 3.28723
1.095 3.2857
1.098 3.28417
1.101 3.28264
1.104 3.28112
1.107 3.27959
1.11 3.27807
1.113 3.27656
1.116 3.27504
1.119 3.27353
1.122 3.27203
1.125 3.27052
1.128 3.26902
1.131 3.26752
1.134 3.26603
1.137 3.26453
1.14 3.26305
1.143 3.26156
1.146 3.26008
1.149 3.2586
1.152 3.25713
1.155 3.25565
1.158 3.25419
1.161 3.25272
1.164 3.25126
1.167 3.2498
1.17 3.24835
1.173 3.2469
1.176 3.24545
1.179 3.24401
1.182 3.24257
1.185 3.24113
1.188 3.2397
1.191 3.23827
1.194 3.23685
1.197 3.23543
1.2 3.23401
1.203 3.2326
1.206 3.23119
1.209 3.22979
1.212 3.22838
1.215 3.22699
1.218 3.22559
1.221 3.22421
1.224 3.22282
1.227 3.22144
1.23 3.22006
1.233 3.21869
1.236 3.21732
1.239 3.21596
1.242 3.21459
1.245 3.21324
1.248 3.21189
1.251 3.21054
1.254 3.20919
1.257 3.20785
1.26 3.20652
1.263 3.20518
1.266 3.20386
1.269 3.20253
1.272 3.20121
1.275 3.1999
1.278 3.19859
1.281 3.19728
1.284 3.19598
1.287 3.19468
1.29 3.19338
1.293 3.19209
1.296 3.1908
1.299 3.18952
1.302 3.18824
1.305 3.18697
1.308 3.1857
1.311 3.18443
1.314 3.18317
1.317 3.18191
1.32 3.18066
1.323 3.17941
1.326 3.17817
1.329 3.17693
1.332 3.17569
1.335 3.17446
1.338 3.17323
1.341 3.172
1.344 3.17078
1.347 3.16956
1.35 3.16835
1.353 3.16714
1.356 3.16594
1.359 3.16473
1.362 3.16354
1.365 3.16234
1.368 3.16115
1.371 3.15997
1.374 3.15879
1.377 3.15761
1.38 3.15644
1.383 3.15527
1.386 3.1541
1.389 3.15294
1.392 3.15178
1.395 3.15062
1.398 3.14947
1.401 3.14832
1.404 3.14718
1.407 3.14604
1.41 3.1449
1.413 3.14377
1.416 3.14264
1.419 3.14151
1.422 3.14039
1.425 3.13927
1.428 3.13816
1.431 3.13704
1.434 3.13594
1.437 3.13483
1.44 3.13373
1.443 3.13263
1.446 3.13154
1.449 3.13044
1.452 3.12935
1.455 3.12827
1.458 3.12719
1.461 3.12611
1.464 3.12503
1.467 3.12396
1.47 3.12289
1.473 3.12182
1.476 3.12076
1.479 3.1197
1.482 3.11864
1.485 3.11758
1.488 3.11653
1.491 3.11548
1.494 3.11444
1.497 3.11339
1.5 3.11235
1.503 3.11132
1.506 3.11028
1.509 3.10925
1.512 3.10822
1.515 3.10719
1.518 3.10616
1.521 3.10514
1.524 3.10412
1.527 3.1031
1.53 3.10209
1.533 3.10108
1.536 3.10007
1.539 3.09906
1.542 3.09805
1.545 3.09705
1.548 3.09605
1.551 3.09505
1.554 3.09405
1.557 3.09306
1.56 3.09206
1.563 3.09107
1.566 3.09008
1.569 3.0891
1.572 3.08811
1.575 3.08713
1.578 3.08615
1.581 3.08517
1.584 3.08419
1.587 3.08322
1.59 3.08224
1.593 3.08127
1.596 3.0803
1.599 3.07933
1.602 3.07836
1.605 3.07739
1.608 3.07643
1.611 3.07546
1.614 3.0745
1.617 3.07354
1.62 3.07258
1.623 3.07162
1.626 3.07067
1.629 3.06971
1.632 3.06876
1.635 3.0678
1.638 3.06685
1.641 3.0659
1.644 3.06495
1.647 3.064
1.65 3.06305
1.653 3.0621
1.656 3.06115
1.659 3.06021
1.662 3.05926
1.665 3.05832
1.668 3.05737
1.671 3.05643
1.674 3.05549
1.677 3.05454
1.68 3.0536
1.683 3.05266
1.686 3.05172
1.689 3.05078
1.692 3.04984
1.695 3.0489
1.698 3.04796
1.701 3.04702
1.704 3.04608
1.707 3.04514
1.71 3.0442
1.713 3.04326
1.716 3.04232
1.719 3.04139
1.722 3.04045
1.725 3.03951
1.728 3.03857
1.731 3.03763
1.734 3.03669
1.737 3.03575
1.74 3.03481
1.743 3.03387
1.746 3.03293
1.749 3.03199
1.752 3.03105
1.755 3.03011
1.758 3.02917
1.761 3.02822
1.764 3.02728
1.767 3.02634
1.77 3.02539
1.773 3.02445
1.776 3.0235
1.779 3.02255
1.782 3.02161
1.785 3.02066
1.788 3.01971
1.791 3.01876
1.794 3.01781
1.797 3.01686
1.8 3.01591
1.803 3.01495
1.806 3.014
1.809 3.01304
1.812 3.01208
1.815 3.01113
1.818 3.01017
1.821 3.00921
1.824 3.00825
1.827 3.00728
1.83 3.00632
1.833 3.00535
1.836 3.00439
1.839 3.00342
1.842 3.00245
1.845 3.00148
1.848 3.0005
1.851 2.99953
1.854 2.99855
1.857 2.99758
1.86 2.9966
1.863 2.99562
1.866 2.99463
1.869 2.99365
1.872 2.99266
1.875 2.99168
1.878 2.99069
1.881 2.9897
1.884 2.9887
1.887 2.98771
1.89 2.98671
1.893 2.98571
1.896 2.98471
1.899 2.98371
1.902 2.9827
1.905 2.9817
1.908 2.98069
1.911 2.97968
1.914 2.97867
1.917 2.97765
1.92 2.97663
1.923 2.97561
1.926 2.97459
1.929 2.97357
1.932 2.97254
1.935 2.97152
1.938 2.97049
1.941 2.96945
1.944 2.96842
1.947 2.96738
1.95 2.96634
1.953 2.9653
1.956 2.96426
1.959 2.96321
1.962 2.96216
1.965 2.96111
1.968 2.96005
1.971 2.959
1.974 2.95794
1.977 2.95688
1.98 2.95582
1.983 2.95475
1.986 2.95368
1.989 2.95261
1.992 2.95154
1.995 2.95046
1.998 2.94938
2.001 2.9483
2.004 2.94722
2.007 2.94613
2.01 2.94504
2.013 2.94395
2.016 2.94286
2.019 2.94176
2.022 2.94066
2.025 2.93956
2.028 2.93845
2.031 2.93735
2.034 2.93624
2.037 2.93513
2.04 2.93401
2.043 2.93289
2.046 2.93177
2.049 2.93065
2.052 2.92953
2.055 2.9284
2.058 2.92727
2.061 2.92613
2.064 2.925
2.067 2.92386
2.07 2.92272
2.073 2.92158
2.076 2.92043
2.079 2.91928
2.082 2.91813
2.085 2.91698
2.088 2.91582
2.091 2.91466
2.094 2.9135
2.097 2.91234
2.1 2.91117
2.103 2.91
2.106 2.90883
2.109 2.90766
2.112 2.90648
2.115 2.90531
2.118 2.90413
2.121 2.90294
2.124 2.90176
2.127 2.90057
2.13 2.89938
2.133 2.89819
2.136 2.89699
2.139 2.89579
2.142 2.89459
2.145 2.89339
2.148 2.89219
2.151 2.89098
2.154 2.88977
2.157 2.88856
2.16 2.88735
2.163 2.88614
2.166 2.88492
2.169 2.8837
2.172 2.88248
2.175 2.88126
2.178 2.88003
2.181 2.87881
2.184 2.87758
2.187 2.87635
2.19 2.87512
2.193 2.87388
2.196 2.87264
2.199 2.87141
2.202 2.87017
2.205 2.86893
2.208 2.86768
2.211 2.86644
2.214 2.86519
2.217 2.86395
2.22 2.8627
2.223 2.86145
2.226 2.86019
2.229 2.85894
2.232 2.85769
2.235 2.85643
2.238 2.85517
2.241 2.85391
2.244 2.85265
2.247 2.85139
2.25 2.85013
2.253 2.84887
2.256 2.8476
2.259 2.84634
2.262 2.84507
2.265 2.84381
2.268 2.84254
2.271 2.84127
2.274 2.84
2.277 2.83873
2.28 2.83746
2.283 2.83619
2.286 2.83492
2.289 2.83364
2.292 2.83237
2.295 2.8311
2.298 2.82983
2.301 2.82855
2.304 2.82728
2.307 2.826
2.31 2.82473
2.313 2.82345
2.316 2.82218
2.319 2.8209
2.322 2.81963
2.325 2.81835
2.328 2.81708
2.331 2.81581
2.334 2.81453
2.337 2.81326
2.34 2.81199
2.343 2.81071
2.346 2.80944
2.349 2.80817
2.352 2.8069
2.355 2.80563
2.358 2.80436
2.361 2.80309
2.364 2.80182
2.367 2.80055
2.37 2.79929
2.373 2.79802
2.376 2.79676
2.379 2.79549
2.382 2.79423
2.385 2.79297
2.388 2.79171
2.391 2.79045
2.394 2.7892
2.397 2.78794
2.4 2.78669
2.403 2.78543
2.406 2.78418
2.409 2.78293
2.412 2.78169
2.415 2.78044
2.418 2.7792
2.421 2.77796
2.424 2.77672
2.427 2.77548
2.43 2.77425
2.433 2.77301
2.436 2.77178
2.439 2.77055
2.442 2.76933
2.445 2.7681
2.448 2.76688
2.451 2.76566
2.454 2.76445
2.457 2.76323
2.46 2.76202
2.463 2.76081
2.466 2.75961
2.469 2.75841
2.472 2.75721
2.475 2.75601
2.478 2.75482
2.481 2.75362
2.484 2.75244
2.487 2.75125
2.49 2.75007
2.493 2.74889
2.496 2.74772
2.499 2.74655
2.502 2.74538
2.505 2.74422
2.508 2.74306
2.511 2.7419
2.514 2.74075
2.517 2.7396
2.52 2.73845
2.523 2.73731
2.526 2.73617
2.529 2.73504
2.532 2.73391
2.535 2.73278
2.538 2.73166
2.541 2.73054
2.544 2.72943
2.547 2.72832
2.55 2.72722
2.553 2.72612
2.556 2.72502
2.559 2.72393
2.562 2.72284
2.565 2.72176
2.568 2.72068
2.571 2.7196
2.574 2.71853
2.577 2.71747
2.58 2.71641
2.583 2.71535
2.586 2.7143
2.589 2.71326
2.592 2.71222
2.595 2.71118
2.598 2.71015
2.601 2.70912
2.604 2.7081
2.607 2.70708
2.61 2.70607
2.613 2.70507
2.616 2.70406
2.619 2.70307
2.622 2.70208
2.625 2.70109
2.628 2.70011
2.631 2.69913
2.634 2.69816
2.637 2.6972
2.64 2.69624
2.643 2.69529
2.646 2.69434
2.649 2.69339
2.652 2.69245
2.655 2.69152
2.658 2.69059
2.661 2.68967
2.664 2.68876
2.667 2.68784
2.67 2.68694
2.673 2.68604
2.676 2.68514
2.679 2.68426
2.682 2.68337
2.685 2.6825
2.688 2.68162
2.691 2.68076
2.694 2.6799
2.697 2.67904
2.7 2.67819
2.703 2.67735
2.706 2.67651
2.709 2.67568
2.712 2.67485
2.715 2.67403
2.718 2.67321
2.721 2.6724
2.724 2.6716
2.727 2.6708
2.73 2.67001
2.733 2.66922
2.736 2.66844
2.739 2.66766
2.742 2.66689
2.745 2.66613
2.748 2.66537
2.751 2.66462
2.754 2.66387
2.757 2.66313
2.76 2.66239
2.763 2.66166
2.766 2.66093
2.769 2.66022
2.772 2.6595
2.775 2.65879
2.778 2.65809
2.781 2.6574
2.784 2.65671
2.787 2.65602
2.79 2.65534
2.793 2.65467
2.796 2.654
2.799 2.65333
2.802 2.65268
2.805 2.65203
2.808 2.65138
2.811 2.65074
2.814 2.6501
2.817 2.64947
2.82 2.64885
2.823 2.64823
2.826 2.64762
2.829 2.64701
2.832 2.64641
2.835 2.64581
2.838 2.64522
2.841 2.64463
2.844 2.64405
2.847 2.64347
2.85 2.6429
2.853 2.64234
2.856 2.64178
2.859 2.64122
2.862 2.64067
2.865 2.64013
2.868 2.63959
2.871 2.63905
2.874 2.63852
2.877 2.638
2.88 2.63748
2.883 2.63697
2.886 2.63646
2.889 2.63595
2.892 2.63546
2.895 2.63496
2.898 2.63447
2.901 2.63399
2.904 2.63351
2.907 2.63303
2.91 2.63256
2.913 2.6321
2.916 2.63164
2.919 2.63118
2.922 2.63073
2.925 2.63029
2.928 2.62985
2.931 2.62941
2.934 2.62898
2.937 2.62855
2.94 2.62813
2.943 2.62771
2.946 2.62729
2.949 2.62688
2.952 2.62648
2.955 2.62608
2.958 2.62568
2.961 2.62529
2.964 2.6249
2.967 2.62452
2.97 2.62414
2.973 2.62377
2.976 2.6234
2.979 2.62303
2.982 2.62267
2.985 2.62231
2.988 2.62195
2.991 2.6216
2.994 2.62126
2.997 2.62092
3 2.62058
3.001 5
