0 0
0.003 0.415853
0.006 0.417411
0.009 0.41898
0.012 0.42056
0.015 0.422152
0.018 0.423756
0.021 0.425371
0.024 0.426998
0.027 0.428637
0.03 0.430288
0.033 0.43195
0.036 0.433625
0.039 0.435311
0.042 0.43701
0.045 0.438721
0.048 0.440445
0.051 0.44218
0.054 0.443929
0.057 0.445689
0.06 0.447462
0.063 0.449248
0.066 0.451047
0.069 0.452858
0.072 0.454682
0.075 0.456519
0.078 0.458369
0.081 0.460232
0.084 0.462108
0.087 0.463997
0.09 0.4659
0.093 0.467816
0.096 0.469745
0.099 0.471688
0.102 0.473644
0.105 0.475614
0.108 0.477597
0.111 0.479595
0.114 0.481606
0.117 0.483631
0.12 0.48567
0.123 0.487722
0.126 0.489789
0.129 0.491871
0.132 0.493966
0.135 0.496075
0.138 0.498199
0.141 0.500338
0.144 0.502491
0.147 0.504658
0.15 0.50684
0.153 0.509037
0.156 0.511249
0.159 0.513475
0.162 0.515717
0.165 0.517973
0.168 0.520244
0.171 0.522531
0.174 0.524832
0.177 0.527149
0.18 0.529481
0.183 0.531829
0.186 0.534192
0.189 0.53657
0.192 0.538964
0.195 0.541374
0.198 0.5438
0.201 0.546241
0.204 0.548698
0.207 0.551171
0.21 0.55366
0.213 0.556164
0.216 0.558685
0.219 0.561223
0.222 0.563776
0.225 0.566346
0.228 0.568931
0.231 0.571534
0.234 0.574153
0.237 0.576788
0.24 0.57944
0.243 0.582108
0.246 0.584794
0.249 0.587496
0.252 0.590214
0.255 0.59295
0.258 0.595703
0.261 0.598472
0.264 0.601259
0.267 0.604062
0.27 0.606883
0.273 0.609721
0.276 0.612576
0.279 0.615449
0.282 0.618339
0.285 0.621246
0.288 0.624171
0.291 0.627113
0.294 0.630073
0.297 0.63305
0.3 0.636045
0.303 0.639058
0.306 0.642088
0.309 0.645137
0.312 0.648203
0.315 0.651287
0.318 0.654388
0.321 0.657508
0.324 0.660646
0.327 0.663802
0.33 0.666976
0.333 0.670168
0.336 0.673378
0.339 0.676606
0.342 0.679853
0.345 0.683117
0.348 0.6864
0.351 0.689702
0.354 0.693021
0.357 0.696359
0.36 0.699716
0.363 0.703091
0.366 0.706484
0.369 0.709896
0.372 0.713326
0.375 0.716775
0.378 0.720243
0.381 0.723729
0.384 0.727233
0.387 0.730756
0.39 0.734298
0.393 0.737859
0.396 0.741438
0.399 0.745036
0.402 0.748652
0.405 0.752287
0.408 0.755941
0.411 0.759614
0.414 0.763305
0.417 0.767015
0.42 0.770744
0.423 0.774492
0.426 0.778258
0.429 0.782043
0.432 0.785847
0.435 0.78967
0.438 0.793511
0.441 0.797371
0.444 0.80125
0.447 0.805147
0.45 0.809063
0.453 0.812998
0.456 0.816952
0.459 0.820924
0.462 0.824915
0.465 0.828924
0.468 0.832953
0.471 0.836999
0.474 0.841065
0.477 0.845149
0.48 0.849251
0.483 0.853372
0.486 0.857511
0.489 0.861669
0.492 0.865846
0.495 0.870041
0.498 0.874254
0.501 0.878485
0.504 0.882735
0.507 0.887003
0.51 0.891289
0.513 0.895593
0.516 0.899916
0.519 0.904256
0.522 0.908615
0.525 0.912992
0.528 0.917386
0.531 0.921799
0.534 0.926229
0.537 0.930677
0.54 0.935143
0.543 0.939626
0.546 0.944128
0.549 0.948646
0.552 0.953182
0.555 0.957736
0.558 0.962307
0.561 0.966895
0.564 0.9715
0.567 0.976123
0.57 0.980762
0.573 0.985419
0.576 0.990093
0.579 0.994783
0.582 0.99949
0.585 1.00421
0.588 1.00895
0.591 1.01371
0.594 1.01848
0.597 1.02327
0.6 1.02808
0.603 1.0329
0.606 1.03774
0.609 1.04259
0.612 1.04746
0.615 1.05235
0.618 1.05725
0.621 1.06217
0.624 1.0671
0.627 1.07205
0.63 1.07701
0.633 1.08199
0.636 1.08698
0.639 1.09199
0.642 1.09702
0.645 1.10205
0.648 1.10711
0.651 1.11217
0.654 1.11725
0.657 1.12235
0.66 1.12746
0.663 1.13258
0.666 1.13772
0.669 1.14287
0.672 1.14803
0.675 1.15321
0.678 1.1584
0.681 1.16361
0.684 1.16882
0.687 1.17405
0.69 1.1793
0.693 1.18455
0.696 1.18982
0.699 1.1951
0.702 1.20039
0.705 1.2057
0.708 1.21101
0.711 1.21634
0.714 1.22168
0.717 1.22703
0.72 1.23239
0.723 1.23777
0.726 1.24315
0.729 1.24855
0.732 1.25395
0.735 1.25937
0.738 1.2648
0.741 1.27023
0.744 1.27568
0.747 1.28113
0.75 1.2866
0.753 1.29208
0.756 1.29756
0.759 1.30305
0.762 1.30856
0.765 1.31407
0.768 1.31959
0.771 1.32511
0.774 1.33065
0.777 1.33619
0.78 1.34175
0.783 1.34731
0.786 1.35287
0.789 1.35845
0.792 1.36403
0.795 1.36962
0.798 1.37521
0.801 1.38081
0.804 1.38642
0.807 1.39203
0.81 1.39765
0.813 1.40328
0.816 1.40891
0.819 1.41454
0.822 1.42018
0.825 1.42583
0.828 1.43148
0.831 1.43714
0.834 1.4428
0.837 1.44846
0.84 1.45413
0.843 1.4598
0.846 1.46547
0.849 1.47115
0.852 1.47683
0.855 1.48251
0.858 1.4882
0.861 1.49388
0.864 1.49958
0.867 1.50527
0.87 1.51096
0.873 1.51666
0.876 1.52235
0.879 1.52805
0.882 1.53375
0.885 1.53945
0.888 1.54515
0.891 1.55085
0.894 1.55655
0.897 1.56225
0.9 1.56795
0.903 1.57365
0.906 1.57935
0.909 1.58504
0.912 1.59074
0.915 1.59644
0.918 1.60213
0.921 1.60782
0.924 1.61351
0.927 1.61919
0.93 1.62488
0.933 1.63056
0.936 1.63624
0.939 1.64191
0.942 1.64758
0.945 1.65325
0.948 1.65892
0.951 1.66458
0.954 1.67023
0.957 1.67588
0.96 1.68153
0.963 1.68717
0.966 1.69281
0.969 1.69844
0.972 1.70407
0.975 1.70969
0.978 1.7153
0.981 1.72091
0.984 1.72651
0.987 1.73211
0.99 1.7377
0.993 1.74328
0.996 1.74886
0.999 1.75443
1.002 1.75999
1.005 1.76554
1.008 1.77108
1.011 1.77662
1.014 1.78215
1.017 1.78767
1.02 1.79318
1.023 1.79869
1.026 1.80418
1.029 1.80967
1.032 1.81515
1.035 1.82061
1.038 1.82607
1.041 1.83152
1.044 1.83696
1.047 1.84238
1.05 1.8478
1.053 1.85321
1.056 1.8586
1.059 1.86399
1.062 1.86937
1.065 1.87473
1.068 1.88008
1.071 1.88542
1.074 1.89075
1.077 1.89607
1.08 1.90138
1.083 1.90667
1.086 1.91196
1.089 1.91723
1.092 1.92249
1.095 1.92773
1.098 1.93297
1.101 1.93819
1.104 1.94339
1.107 1.94859
1.11 1.95377
1.113 1.95894
1.116 1.9641
1.119 1.96924
1.122 1.97437
1.125 1.97948
1.128 1.98458
1.131 1.98967
1.134 1.99475
1.137 1.99981
1.14 2.00485
1.143 2.00989
1.146 2.0149
1.149 2.01991
1.152 2.0249
1.155 2.02987
1.158 2.03483
1.161 2.03978
1.164 2.04471
1.167 2.04962
1.17 2.05453
1.173 2.05941
1.176 2.06428
1.179 2.06914
1.182 2.07398
1.185 2.07881
1.188 2.08362
1.191 2.08842
1.194 2.0932
1.197 2.09796
1.2 2.10271
1.203 2.10745
1.206 2.11217
1.209 2.11687
1.212 2.12156
1.215 2.12624
1.218 2.13089
1.221 2.13554
1.224 2.14016
1.227 2.14478
1.23 2.14937
1.233 2.15395
1.236 2.15852
1.239 2.16307
1.242 2.1676
1.245 2.17212
1.248 2.17662
1.251 2.18111
1.254 2.18558
1.257 2.19003
1.26 2.19447
1.263 2.1989
1.266 2.20331
1.269 2.2077
1.272 2.21208
1.275 2.21644
1.278 2.22079
1.281 2.22512
1.284 2.22944
1.287 2.23374
1.29 2.23802
1.293 2.24229
1.296 2.24655
1.299 2.25079
1.302 2.25501
1.305 2.25922
1.308 2.26341
1.311 2.26759
1.314 2.27176
1.317 2.27591
1.32 2.28004
1.323 2.28416
1.326 2.28826
1.329 2.29235
1.332 2.29643
1.335 2.30049
1.338 2.30453
1.341 2.30856
1.344 2.31258
1.347 2.31658
1.35 2.32057
1.353 2.32454
1.356 2.3285
1.359 2.33244
1.362 2.33637
1.365 2.34029
1.368 2.34419
1.371 2.34808
1.374 2.35195
1.377 2.35581
1.38 2.35966
1.383 2.36349
1.386 2.36731
1.389 2.37112
1.392 2.37491
1.395 2.37869
1.398 2.38246
1.401 2.38622
1.404 2.38996
1.407 2.39368
1.41 2.3974
1.413 2.4011
1.416 2.40479
1.419 2.40847
1.422 2.41214
1.425 2.41579
1.428 2.41943
1.431 2.42306
1.434 2.42667
1.437 2.43028
1.44 2.43387
1.443 2.43745
1.446 2.44102
1.449 2.44458
1.452 2.44813
1.455 2.45166
1.458 2.45518
1.461 2.4587
1.464 2.4622
1.467 2.46569
1.47 2.46917
1.473 2.47264
1.476 2.4761
1.479 2.47955
1.482 2.48299
1.485 2.48642
1.488 2.48983
1.491 2.49324
1.494 2.49664
1.497 2.50003
1.5 2.50341
1.503 2.50678
1.506 2.51014
1.509 2.51349
1.512 2.51683
1.515 2.52016
1.518 2.52349
1.521 2.5268
1.524 2.53011
1.527 2.53341
1.53 2.5367
1.533 2.53998
1.536 2.54325
1.539 2.54652
1.542 2.54977
1.545 2.55302
1.548 2.55626
1.551 2.5595
1.554 2.56272
1.557 2.56594
1.56 2.56916
1.563 2.57236
1.566 2.57556
1.569 2.57875
1.572 2.58193
1.575 2.58511
1.578 2.58828
1.581 2.59145
1.584 2.59461
1.587 2.59776
1.59 2.60091
1.593 2.60405
1.596 2.60718
1.599 2.61031
1.602 2.61344
1.605 2.61656
1.608 2.61967
1.611 2.62278
1.614 2.62588
1.617 2.62898
1.62 2.63208
1.623 2.63517
1.626 2.63825
1.629 2.64133
1.632 2.64441
1.635 2.64748
1.638 2.65055
1.641 2.65362
1.644 2.65668
1.647 2.65974
1.65 2.66279
1.653 2.66584
1.656 2.66889
1.659 2.67194
1.662 2.67498
1.665 2.67802
1.668 2.68105
1.671 2.68409
1.674 2.68712
1.677 2.69015
1.68 2.69317
1.683 2.6962
1.686 2.69922
1.689 2.70224
1.692 2.70526
1.695 2.70828
1.698 2.7113
1.701 2.71431
1.704 2.71733
1.707 2.72034
1.71 2.72335
1.713 2.72636
1.716 2.72937
1.719 2.73238
1.722 2.73539
1.725 2.7384
1.728 2.74141
1.731 2.74441
1.734 2.74742
1.737 2.75043
1.74 2.75344
1.743 2.75645
1.746 2.75945
1.749 2.76246
1.752 2.76547
1.755 2.76848
1.758 2.7715
1.761 2.77451
1.764 2.77752
1.767 2.78054
1.77 2.78355
1.773 2.78657
1.776 2.78959
1.779 2.79261
1.782 2.79563
1.785 2.79865
1.788 2.80168
1.791 2.80471
1.794 2.80774
1.797 2.81077
1.8 2.8138
1.803 2.81684
1.806 2.81988
1.809 2.82292
1.812 2.82596
1.815 2.82901
1.818 2.83206
1.821 2.83511
1.824 2.83817
1.827 2.84123
1.83 2.84429
1.833 2.84735
1.836 2.85042
1.839 2.85349
1.842 2.85657
1.845 2.85965
1.848 2.86273
1.851 2.86582
1.854 2.86891
1.857 2.872
1.86 2.8751
1.863 2.8782
1.866 2.88131
1.869 2.88442
1.872 2.88753
1.875 2.89065
1.878 2.89378
1.881 2.8969
1.884 2.90004
1.887 2.90317
1.89 2.90632
1.893 2.90946
1.896 2.91261
1.899 2.91577
1.902 2.91893
1.905 2.9221
1.908 2.92527
1.911 2.92844
1.914 2.93163
1.917 2.93481
1.92 2.938
1.923 2.9412
1.926 2.9444
1.929 2.94761
1.932 2.95082
1.935 2.95404
1.938 2.95726
1.941 2.96049
1.944 2.96373
1.947 2.96697
1.95 2.97021
1.953 2.97347
1.956 2.97672
1.959 2.97998
1.962 2.98325
1.965 2.98653
1.968 2.98981
1.971 2.99309
1.974 2.99638
1.977 2.99968
1.98 3.00298
1.983 3.00629
1.986 3.0096
1.989 3.01292
1.992 3.01625
1.995 3.01958
1.998 3.02292
2.001 3.02626
2.004 3.02961
2.007 3.03296
2.01 3.03632
2.013 3.03969
2.016 3.04306
2.019 3.04644
2.022 3.04982
2.025 3.05321
2.028 3.0566
2.031 3.06
2.034 3.0634
2.037 3.06682
2.04 3.07023
2.043 3.07365
2.046 3.07708
2.049 3.08051
2.052 3.08395
2.055 3.08739
2.058 3.09084
2.061 3.0943
2.064 3.09775
2.067 3.10122
2.07 3.10469
2.073 3.10816
2.076 3.11164
2.079 3.11513
2.082 3.11862
2.085 3.12211
2.088 3.12561
2.091 3.12911
2.094 3.13262
2.097 3.13613
2.1 3.13965
2.103 3.14317
2.106 3.1467
2.109 3.15023
2.112 3.15376
2.115 3.1573
2.118 3.16084
2.121 3.16439
2.124 3.16794
2.127 3.17149
2.13 3.17505
2.133 3.17861
2.136 3.18218
2.139 3.18574
2.142 3.18931
2.145 3.19289
2.148 3.19647
2.151 3.20005
2.154 3.20363
2.157 3.20722
2.16 3.21081
2.163 3.2144
2.166 3.21799
2.169 3.22159
2.172 3.22519
2.175 3.22879
2.178 3.23239
2.181 3.23599
2.184 3.2396
2.187 3.24321
2.19 3.24682
2.193 3.25043
2.196 3.25404
2.199 3.25765
2.202 3.26126
2.205 3.26488
2.208 3.26849
2.211 3.27211
2.214 3.27573
2.217 3.27934
2.22 3.28296
2.223 3.28658
2.226 3.29019
2.229 3.29381
2.232 3.29742
2.235 3.30104
2.238 3.30465
2.241 3.30827
2.244 3.31188
2.247 3.31549
2.25 3.3191
2.253 3.32271
2.256 3.32632
2.259 3.32992
2.262 3.33353
2.265 3.33713
2.268 3.34073
2.271 3.34432
2.274 3.34792
2.277 3.35151
2.28 3.3551
2.283 3.35868
2.286 3.36227
2.289 3.36584
2.292 3.36942
2.295 3.37299
2.298 3.37656
2.301 3.38012
2.304 3.38368
2.307 3.38724
2.31 3.39079
2.313 3.39434
2.316 3.39788
2.319 3.40141
2.322 3.40494
2.325 3.40847
2.328 3.41199
2.331 3.41551
2.334 3.41902
2.337 3.42252
2.34 3.42602
2.343 3.42951
2.346 3.43299
2.349 3.43647
2.352 3.43994
2.355 3.4434
2.358 3.44686
2.361 3.45031
2.364 3.45375
2.367 3.45719
2.37 3.46061
2.373 3.46403
2.376 3.46744
2.379 3.47084
2.382 3.47424
2.385 3.47762
2.388 3.481
2.391 3.48437
2.394 3.48773
2.397 3.49108
2.4 3.49442
2.403 3.49775
2.406 3.50107
2.409 3.50438
2.412 3.50768
2.415 3.51098
2.418 3.51426
2.421 3.51753
2.424 3.52079
2.427 3.52404
2.43 3.52728
2.433 3.53051
2.436 3.53372
2.439 3.53693
2.442 3.54012
2.445 3.54331
2.448 3.54648
2.451 3.54964
2.454 3.55279
2.457 3.55592
2.46 3.55905
2.463 3.56216
2.466 3.56526
2.469 3.56835
2.472 3.57142
2.475 3.57448
2.478 3.57753
2.481 3.58057
2.484 3.58359
2.487 3.5866
2.49 3.58959
2.493 3.59258
2.496 3.59555
2.499 3.5985
2.502 3.60144
2.505 3.60437
2.508 3.60729
2.511 3.61019
2.514 3.61307
2.517 3.61594
2.52 3.6188
2.523 3.62165
2.526 3.62447
2.529 3.62729
2.532 3.63009
2.535 3.63287
2.538 3.63564
2.541 3.6384
2.544 3.64114
2.547 3.64387
2.55 3.64658
2.553 3.64927
2.556 3.65195
2.559 3.65462
2.562 3.65727
2.565 3.6599
2.568 3.66252
2.571 3.66512
2.574 3.66771
2.577 3.67028
2.58 3.67284
2.583 3.67538
2.586 3.67791
2.589 3.68042
2.592 3.68291
2.595 3.68539
2.598 3.68785
2.601 3.6903
2.604 3.69273
2.607 3.69515
2.61 3.69755
2.613 3.69993
2.616 3.7023
2.619 3.70465
2.622 3.70698
2.625 3.7093
2.628 3.7116
2.631 3.71389
2.634 3.71616
2.637 3.71842
2.64 3.72066
2.643 3.72288
2.646 3.72509
2.649 3.72728
2.652 3.72945
2.655 3.73161
2.658 3.73375
2.661 3.73588
2.664 3.73799
2.667 3.74009
2.67 3.74217
2.673 3.74423
2.676 3.74628
2.679 3.74831
2.682 3.75032
2.685 3.75232
2.688 3.75431
2.691 3.75628
2.694 3.75823
2.697 3.76016
2.7 3.76209
2.703 3.76399
2.706 3.76588
2.709 3.76775
2.712 3.76961
2.715 3.77146
2.718 3.77328
2.721 3.7751
2.724 3.77689
2.727 3.77867
2.73 3.78044
2.733 3.78219
2.736 3.78393
2.739 3.78565
2.742 3.78735
2.745 3.78905
2.748 3.79072
2.751 3.79238
2.754 3.79403
2.757 3.79566
2.76 3.79728
2.763 3.79888
2.766 3.80047
2.769 3.80204
2.772 3.8036
2.775 3.80514
2.778 3.80667
2.781 3.80819
2.784 3.80969
2.787 3.81118
2.79 3.81265
2.793 3.81411
2.796 3.81556
2.799 3.81699
2.802 3.81841
2.805 3.81981
2.808 3.8212
2.811 3.82258
2.814 3.82395
2.817 3.8253
2.82 3.82663
2.823 3.82796
2.826 3.82927
2.829 3.83057
2.832 3.83185
2.835 3.83312
2.838 3.83438
2.841 3.83563
2.844 3.83686
2.847 3.83809
2.85 3.83929
2.853 3.84049
2.856 3.84168
2.859 3.84285
2.862 3.84401
2.865 3.84516
2.868 3.84629
2.871 3.84741
2.874 3.84853
2.877 3.84963
2.88 3.85072
2.883 3.85179
2.886 3.85286
2.889 3.85391
2.892 3.85496
2.895 3.85599
2.898 3.85701
2.901 3.85802
2.904 3.85902
2.907 3.86
2.91 3.86098
2.913 3.86195
2.916 3.8629
2.919 3.86385
2.922 3.86478
2.925 3.8657
2.928 3.86662
2.931 3.86752
2.934 3.86841
2.937 3.8693
2.94 3.87017
2.943 3.87103
2.946 3.87189
2.949 3.87273
2.952 3.87357
2.955 3.87439
2.958 3.87521
2.961 3.87601
2.964 3.87681
2.967 3.87759
2.97 3.87837
2.973 3.87914
2.976 3.8799
2.979 3.88065
2.982 3.88139
2.985 3.88213
2.988 3.88285
2.991 3.88357
2.994 3.88427
2.997 3.88497
3 3.88566
3.001 0
