0 -10
0.003 -6.04288
0.006 -6.03918
0.009 -6.03547
0.012 -6.03173
0.015 -6.02797
0.018 -6.02418
0.021 -6.02037
0.024 -6.01654
0.027 -6.01268
0.03 -6.0088
0.033 -6.00489
0.036 -6.00096
0.039 -5.99701
0.042 -5.99303
0.045 -5.98903
0.048 -5.985
0.051 -5.98095
0.054 -5.97687
0.057 -5.97277
0.06 -5.96865
0.063 -5.9645
0.066 -5.96032
0.069 -5.95612
0.072 -5.9519
0.075 -5.94765
0.078 -5.94337
0.081 -5.93907
0.084 -5.93475
0.087 -5.9304
0.09 -5.92602
0.093 -5.92162
0.096 -5.9172
0.099 -5.91275
0.102 -5.90827
0.105 -5.90377
0.108 -5.89924
0.111 -5.89469
0.114 -5.89011
0.117 -5.8855
0.12 -5.88087
0.123 -5.87622
0.126 -5.87154
0.129 -5.86683
0.132 -5.8621
0.135 -5.85734
0.138 -5.85256
0.141 -5.84775
0.144 -5.84291
0.147 -5.83805
0.15 -5.83316
0.153 -5.82825
0.156 -5.82331
0.159 -5.81835
0.162 -5.81336
0.165 -5.80834
0.168 -5.8033
0.171 -5.79823
0.174 -5.79314
0.177 -5.78802
0.18 -5.78287
0.183 -5.7777
0.186 -5.7725
0.189 -5.76728
0.192 -5.76203
0.195 -5.75675
0.198 -5.75145
0.201 -5.74613
0.204 -5.74077
0.207 -5.7354
0.21 -5.72999
0.213 -5.72456
0.216 -5.71911
0.219 -5.71363
0.222 -5.70812
0.225 -5.70259
0.228 -5.69704
0.231 -5.69145
0.234 -5.68585
0.237 -5.68021
0.24 -5.67456
0.243 -5.66887
0.246 -5.66317
0.249 -5.65743
0.252 -5.65168
0.255 -5.64589
0.258 -5.64009
0.261 -5.63425
0.264 -5.6284
0.267 -5.62252
0.27 -5.61661
0.273 -5.61068
0.276 -5.60473
0.279 -5.59875
0.282 -5.59275
0.285 -5.58672
0.288 -5.58067
0.291 -5.5746
0.294 -5.5685
0.297 -5.56238
0.3 -5.55623
0.303 -5.55007
0.306 -5.54388
0.309 -5.53766
0.312 -5.53143
0.315 -5.52517
0.318 -5.51889
0.321 -5.51258
0.324 -5.50625
0.327 -5.49991
0.33 -5.49354
0.333 -5.48714
0.336 -5.48073
0.339 -5.47429
0.342 -5.46784
0.345 -5.46136
0.348 -5.45486
0.351 -5.44834
0.354 -5.4418
0.357 -5.43524
0.36 -5.42866
0.363 -5.42206
0.366 -5.41544
0.369 -5.4088
0.372 -5.40214
0.375 -5.39546
0.378 -5.38877
0.381 -5.38205
0.384 -5.37532
0.387 -5.36856
0.39 -5.36179
0.393 -5.355
0.396 -5.3482
0.399 -5.34137
0.402 -5.33453
0.405 -5.32767
0.408 -5.3208
0.411 -5.31391
0.414 -5.307
0.417 -5.30008
0.42 -5.29314
0.423 -5.28619
0.426 -5.27922
0.429 -5.27223
0.432 -5.26524
0.435 -5.25822
0.438 -5.2512
0.441 -5.24416
0.444 -5.2371
0.447 -5.23004
0.45 -5.22296
0.453 -5.21587
0.456 -5.20876
0.459 -5.20165
0.462 -5.19452
0.465 -5.18738
0.468 -5.18023
0.471 -5.17307
0.474 -5.1659
0.477 -5.15872
0.48 -5.15153
0.483 -5.14433
0.486 -5.13713
0.489 -5.12991
0.492 -5.12268
0.495 -5.11545
0.498 -5.10821
0.501 -5.10096
0.504 -5.09371
0.507 -5.08645
0.51 -5.07918
0.513 -5.07191
0.516 -5.06463
0.519 -5.05734
0.522 -5.05005
0.525 -5.04276
0.528 -5.03546
0.531 -5.02816
0.534 -5.02086
0.537 -5.01355
0.54 -5.00624
0.543 -4.99893
0.546 -4.99161
0.549 -4.9843
0.552 -4.97698
0.555 -4.96967
0.558 -4.96235
0.561 -4.95503
0.564 -4.94771
0.567 -4.9404
0.57 -4.93308
0.573 -4.92577
0.576 -4.91846
0.579 -4.91115
0.582 -4.90384
0.585 -4.89654
0.588 -4.88924
0.591 -4.88194
0.594 -4.87465
0.597 -4.86736
0.6 -4.86008
0.603 -4.8528
0.606 -4.84553
0.609 -4.83827
0.612 -4.83101
0.615 -4.82376
0.618 -4.81651
0.621 -4.80928
0.624 -4.80205
0.627 -4.79483
0.63 -4.78762
0.633 -4.78042
0.636 -4.77323
0.639 -4.76604
0.642 -4.75887
0.645 -4.75171
0.648 -4.74456
0.651 -4.73743
0.654 -4.7303
0.657 -4.72319
0.66 -4.71608
0.663 -4.709
0.666 -4.70192
0.669 -4.69486
0.672 -4.68781
0.675 -4.68078
0.678 -4.67376
0.681 -4.66676
0.684 -4.65977
0.687 -4.6528
0.69 -4.64584
0.693 -4.6389
0.696 -4.63198
0.699 -4.62508
0.702 -4.61819
0.705 -4.61132
0.708 -4.60447
0.711 -4.59763
0.714 -4.59082
0.717 -4.58402
0.72 -4.57725
0.723 -4.57049
0.726 -4.56375
0.729 -4.55704
0.732 -4.55034
0.735 -4.54367
0.738 -4.53701
0.741 -4.53038
0.744 -4.52377
0.747 -4.51718
0.75 -4.51061
0.753 -4.50407
0.756 -4.49755
0.759 -4.49105
0.762 -4.48458
0.765 -4.47813
0.768 -4.4717
0.771 -4.4653
0.774 -4.45892
0.777 -4.45256
0.78 -4.44623
0.783 -4.43993
0.786 -4.43365
0.789 -4.4274
0.792 -4.42117
0.795 -4.41497
0.798 -4.40879
0.801 -4.40264
0.804 -4.39652
0.807 -4.39042
0.81 -4.38435
0.813 -4.37831
0.816 -4.37229
0.819 -4.3663
0.822 -4.36034
0.825 -4.35441
0.828 -4.3485
0.831 -4.34262
0.834 -4.33677
0.837 -4.33095
0.84 -4.32516
0.843 -4.31939
0.846 -4.31366
0.849 -4.30795
0.852 -4.30227
0.855 -4.29662
0.858 -4.291
0.861 -4.28541
0.864 -4.27985
0.867 -4.27432
0.87 -4.26882
0.873 -4.26334
0.876 -4.2579
0.879 -4.25248
0.882 -4.2471
0.885 -4.24175
0.888 -4.23642
0.891 -4.23113
0.894 -4.22586
0.897 -4.22063
0.9 -4.21543
0.903 -4.21025
0.906 -4.20511
0.909 -4.19999
0.912 -4.19491
0.915 -4.18986
0.918 -4.18484
0.921 -4.17984
0.924 -4.17488
0.927 -4.16995
0.93 -4.16505
0.933 -4.16018
0.936 -4.15534
0.939 -4.15053
0.942 -4.14575
0.945 -4.141
0.948 -4.13628
0.951 -4.13159
0.954 -4.12693
0.957 -4.1223
0.96 -4.11771
0.963 -4.11314
0.966 -4.1086
0.969 -4.10409
0.972 -4.09962
0.975 -4.09517
0.978 -4.09075
0.981 -4.08636
0.984 -4.08201
0.987 -4.07768
0.99 -4.07338
0.993 -4.06911
0.996 -4.06487
0.999 -4.06066
1.002 -4.05648
1.005 -4.05233
1.008 -4.04821
1.011 -4.04412
1.014 -4.04005
1.017 -4.03602
1.02 -4.03201
1.023 -4.02804
1.026 -4.02409
1.029 -4.02017
1.032 -4.01628
1.035 -4.01242
1.038 -4.00859
1.041 -4.00478
1.044 -4.001
1.047 -3.99725
1.05 -3.99353
1.053 -3.98984
1.056 -3.98617
1.059 -3.98254
1.062 -3.97892
1.065 -3.97534
1.068 -3.97179
1.071 -3.96826
1.074 -3.96476
1.077 -3.96128
1.08 -3.95783
1.083 -3.95441
1.086 -3.95102
1.089 -3.94765
1.092 -3.9443
1.095 -3.94099
1.098 -3.9377
1.101 -3.93443
1.104 -3.93119
1.107 -3.92798
1.11 -3.92479
1.113 -3.92163
1.116 -3.91849
1.119 -3.91538
1.122 -3.91229
1.125 -3.90923
1.128 -3.90619
1.131 -3.90318
1.134 -3.90019
1.137 -3.89722
1.14 -3.89428
1.143 -3.89136
1.146 -3.88847
1.149 -3.8856
1.152 -3.88275
1.155 -3.87993
1.158 -3.87713
1.161 -3.87435
1.164 -3.8716
1.167 -3.86887
1.17 -3.86616
1.173 -3.86347
1.176 -3.86081
1.179 -3.85816
1.182 -3.85554
1.185 -3.85294
1.188 -3.85037
1.191 -3.84781
1.194 -3.84528
1.197 -3.84276
1.2 -3.84027
1.203 -3.8378
1.206 -3.83535
1.209 -3.83292
1.212 -3.83051
1.215 -3.82812
1.218 -3.82575
1.221 -3.8234
1.224 -3.82107
1.227 -3.81876
1.23 -3.81647
1.233 -3.8142
1.236 -3.81195
1.239 -3.80972
1.242 -3.8075
1.245 -3.80531
1.248 -3.80313
1.251 -3.80097
1.254 -3.79884
1.257 -3.79671
1.26 -3.79461
1.263 -3.79253
1.266 -3.79046
1.269 -3.78841
1.272 -3.78638
1.275 -3.78436
1.278 -3.78236
1.281 -3.78038
1.284 -3.77842
1.287 -3.77647
1.29 -3.77454
1.293 -3.77263
1.296 -3.77073
1.299 -3.76885
1.302 -3.76698
1.305 -3.76513
1.308 -3.7633
1.311 -3.76148
1.314 -3.75968
1.317 -3.75789
1.32 -3.75612
1.323 -3.75436
1.326 -3.75262
1.329 -3.75089
1.332 -3.74918
1.335 -3.74748
1.338 -3.7458
1.341 -3.74413
1.344 -3.74247
1.347 -3.74083
1.35 -3.7392
1.353 -3.73759
1.356 -3.73599
1.359 -3.7344
1.362 -3.73283
1.365 -3.73127
1.368 -3.72972
1.371 -3.72819
1.374 -3.72667
1.377 -3.72516
1.38 -3.72366
1.383 -3.72218
1.386 -3.72071
1.389 -3.71925
1.392 -3.7178
1.395 -3.71637
1.398 -3.71495
1.401 -3.71353
1.404 -3.71213
1.407 -3.71075
1.41 -3.70937
1.413 -3.708
1.416 -3.70665
1.419 -3.70531
1.422 -3.70397
1.425 -3.70265
1.428 -3.70134
1.431 -3.70004
1.434 -3.69875
1.437 -3.69747
1.44 -3.6962
1.443 -3.69494
1.446 -3.69369
1.449 -3.69245
1.452 -3.69122
1.455 -3.69
1.458 -3.68879
1.461 -3.68759
1.464 -3.6864
1.467 -3.68522
1.47 -3.68404
1.473 -3.68288
1.476 -3.68172
1.479 -3.68058
1.482 -3.67944
1.485 -3.67831
1.488 -3.67719
1.491 -3.67608
1.494 -3.67497
1.497 -3.67388
1.5 -3.67279
1.503 -3.67171
1.506 -3.67064
1.509 -3.66957
1.512 -3.66852
1.515 -3.66747
1.518 -3.66643
1.521 -3.66539
1.524 -3.66437
1.527 -3.66335
1.53 -3.66234
1.533 -3.66133
1.536 -3.66033
1.539 -3.65934
1.542 -3.65836
1.545 -3.65738
1.548 -3.65641
1.551 -3.65544
1.554 -3.65449
1.557 -3.65354
1.56 -3.65259
1.563 -3.65165
1.566 -3.65072
1.569 -3.64979
1.572 -3.64887
1.575 -3.64795
1.578 -3.64704
1.581 -3.64614
1.584 -3.64524
1.587 -3.64435
1.59 -3.64346
1.593 -3.64258
1.596 -3.6417
1.599 -3.64083
1.602 -3.63996
1.605 -3.6391
1.608 -3.63825
1.611 -3.63739
1.614 -3.63655
1.617 -3.63571
1.62 -3.63487
1.623 -3.63403
1.626 -3.63321
1.629 -3.63238
1.632 -3.63156
1.635 -3.63075
1.638 -3.62994
1.641 -3.62913
1.644 -3.62832
1.647 -3.62753
1.65 -3.62673
1.653 -3.62594
1.656 -3.62515
1.659 -3.62437
1.662 -3.62359
1.665 -3.62281
1.668 -3.62204
1.671 -3.62127
1.674 -3.6205
1.677 -3.61974
1.68 -3.61898
1.683 -3.61822
1.686 -3.61747
1.689 -3.61672
1.692 -3.61597
1.695 -3.61522
1.698 -3.61448
1.701 -3.61374
1.704 -3.613
1.707 -3.61227
1.71 -3.61154
1.713 -3.61081
1.716 -3.61008
1.719 -3.60936
1.722 -3.60864
1.725 -3.60792
1.728 -3.6072
1.731 -3.60649
1.734 -3.60578
1.737 -3.60507
1.74 -3.60436
1.743 -3.60365
1.746 -3.60295
1.749 -3.60224
1.752 -3.60154
1.755 -3.60084
1.758 -3.60015
1.761 -3.59945
1.764 -3.59876
1.767 -3.59807
1.77 -3.59737
1.773 -3.59668
1.776 -3.596
1.779 -3.59531
1.782 -3.59462
1.785 -3.59394
1.788 -3.59326
1.791 -3.59258
1.794 -3.5919
1.797 -3.59122
1.8 -3.59054
1.803 -3.58986
1.806 -3.58918
1.809 -3.58851
1.812 -3.58783
1.815 -3.58716
1.818 -3.58649
1.821 -3.58581
1.824 -3.58514
1.827 -3.58447
1.83 -3.5838
1.833 -3.58313
1.836 -3.58246
1.839 -3.58179
1.842 -3.58112
1.845 -3.58046
1.848 -3.57979
1.851 -3.57912
1.854 -3.57845
1.857 -3.57779
1.86 -3.57712
1.863 -3.57645
1.866 -3.57579
1.869 -3.57512
1.872 -3.57446
1.875 -3.57379
1.878 -3.57313
1.881 -3.57246
1.884 -3.5718
1.887 -3.57113
1.89 -3.57046
1.893 -3.5698
1.896 -3.56913
1.899 -3.56847
1.902 -3.5678
1.905 -3.56714
1.908 -3.56647
1.911 -3.5658
1.914 -3.56514
1.917 -3.56447
1.92 -3.5638
1.923 -3.56313
1.926 -3.56246
1.929 -3.5618
1.932 -3.56113
1.935 -3.56046
1.938 -3.55979
1.941 -3.55912
1.944 -3.55845
1.947 -3.55777
1.95 -3.5571
1.953 -3.55643
1.956 -3.55576
1.959 -3.55508
1.962 -3.55441
1.965 -3.55373
1.968 -3.55306
1.971 -3.55238
1.974 -3.55171
1.977 -3.55103
1.98 -3.55035
1.983 -3.54967
1.986 -3.54899
1.989 -3.54831
1.992 -3.54763
1.995 -3.54695
1.998 -3.54627
2.001 -3.54559
2.004 -3.5449
2.007 -3.54422
2.01 -3.54353
2.013 -3.54285
2.016 -3.54216
2.019 -3.54147
2.022 -3.54078
2.025 -3.54009
2.028 -3.5394
2.031 -3.53871
2.034 -3.53802
2.037 -3.53733
2.04 -3.53664
2.043 -3.53594
2.046 -3.53525
2.049 -3.53455
2.052 -3.53385
2.055 -3.53316
2.058 -3.53246
2.061 -3.53176
2.064 -3.53106
2.067 -3.53036
2.07 -3.52966
2.073 -3.52896
2.076 -3.52825
2.079 -3.52755
2.082 -3.52684
2.085 -3.52614
2.088 -3.52543
2.091 -3.52473
2.094 -3.52402
2.097 -3.52331
2.1 -3.5226
2.103 -3.52189
2.106 -3.52118
2.109 -3.52047
2.112 -3.51975
2.115 -3.51904
2.118 -3.51833
2.121 -3.51761
2.124 -3.5169
2.127 -3.51618
2.13 -3.51546
2.133 -3.51475
2.136 -3.51403
2.139 -3.51331
2.142 -3.51259
2.145 -3.51187
2.148 -3.51115
2.151 -3.51043
2.154 -3.50971
2.157 -3.50899
2.16 -3.50826
2.163 -3.50754
2.166 -3.50682
2.169 -3.50609
2.172 -3.50537
2.175 -3.50464
2.178 -3.50392
2.181 -3.50319
2.184 -3.50247
2.187 -3.50174
2.19 -3.50101
2.193 -3.50028
2.196 -3.49956
2.199 -3.49883
2.202 -3.4981
2.205 -3.49737
2.208 -3.49664
2.211 -3.49591
2.214 -3.49519
2.217 -3.49446
2.22 -3.49373
2.223 -3.493
2.226 -3.49227
2.229 -3.49154
2.232 -3.49081
2.235 -3.49008
2.238 -3.48935
2.241 -3.48862
2.244 -3.48789
2.247 -3.48716
2.25 -3.48643
2.253 -3.4857
2.256 -3.48497
2.259 -3.48424
2.262 -3.48351
2.265 -3.48279
2.268 -3.48206
2.271 -3.48133
2.274 -3.4806
2.277 -3.47988
2.28 -3.47915
2.283 -3.47842
2.286 -3.4777
2.289 -3.47697
2.292 -3.47625
2.295 -3.47553
2.298 -3.4748
2.301 -3.47408
2.304 -3.47336
2.307 -3.47264
2.31 -3.47192
2.313 -3.4712
2.316 -3.47048
2.319 -3.46976
2.322 -3.46904
2.325 -3.46833
2.328 -3.46761
2.331 -3.4669
2.334 -3.46619
2.337 -3.46547
2.34 -3.46476
2.343 -3.46405
2.346 -3.46335
2.349 -3.46264
2.352 -3.46193
2.355 -3.46123
2.358 -3.46053
2.361 -3.45982
2.364 -3.45912
2.367 -3.45843
2.37 -3.45773
2.373 -3.45703
2.376 -3.45634
2.379 -3.45565
2.382 -3.45496
2.385 -3.45427
2.388 -3.45358
2.391 -3.4529
2.394 -3.45222
2.397 -3.45154
2.4 -3.45086
2.403 -3.45018
2.406 -3.44951
2.409 -3.44883
2.412 -3.44816
2.415 -3.4475
2.418 -3.44683
2.421 -3.44617
2.424 -3.44551
2.427 -3.44485
2.43 -3.44419
2.433 -3.44354
2.436 -3.44289
2.439 -3.44224
2.442 -3.4416
2.445 -3.44095
2.448 -3.44031
2.451 -3.43968
2.454 -3.43904
2.457 -3.43841
2.46 -3.43778
2.463 -3.43716
2.466 -3.43654
2.469 -3.43592
2.472 -3.4353
2.475 -3.43469
2.478 -3.43408
2.481 -3.43347
2.484 -3.43287
2.487 -3.43227
2.49 -3.43168
2.493 -3.43109
2.496 -3.4305
2.499 -3.42991
2.502 -3.42933
2.505 -3.42875
2.508 -3.42818
2.511 -3.42761
2.514 -3.42704
2.517 -3.42648
2.52 -3.42592
2.523 -3.42537
2.526 -3.42482
2.529 -3.42427
2.532 -3.42373
2.535 -3.42319
2.538 -3.42266
2.541 -3.42213
2.544 -3.42161
2.547 -3.42109
2.55 -3.42057
2.553 -3.42006
2.556 -3.41955
2.559 -3.41905
2.562 -3.41855
2.565 -3.41806
2.568 -3.41757
2.571 -3.41709
2.574 -3.41661
2.577 -3.41613
2.58 -3.41567
2.583 -3.4152
2.586 -3.41474
2.589 -3.41429
2.592 -3.41384
2.595 -3.41339
2.598 -3.41295
2.601 -3.41252
2.604 -3.41209
2.607 -3.41167
2.61 -3.41125
2.613 -3.41083
2.616 -3.41043
2.619 -3.41002
2.622 -3.40962
2.625 -3.40923
2.628 -3.40885
2.631 -3.40846
2.634 -3.40809
2.637 -3.40772
2.64 -3.40735
2.643 -3.40699
2.646 -3.40664
2.649 -3.40629
2.652 -3.40595
2.655 -3.40561
2.658 -3.40528
2.661 -3.40495
2.664 -3.40463
2.667 -3.40432
2.67 -3.40401
2.673 -3.4037
2.676 -3.40341
2.679 -3.40311
2.682 -3.40283
2.685 -3.40255
2.688 -3.40227
2.691 -3.402
2.694 -3.40174
2.697 -3.40148
2.7 -3.40123
2.703 -3.40099
2.706 -3.40075
2.709 -3.40052
2.712 -3.40029
2.715 -3.40007
2.718 -3.39985
2.721 -3.39964
2.724 -3.39944
2.727 -3.39924
2.73 -3.39904
2.733 -3.39886
2.736 -3.39868
2.739 -3.3985
2.742 -3.39833
2.745 -3.39817
2.748 -3.39801
2.751 -3.39786
2.754 -3.39772
2.757 -3.39758
2.76 -3.39744
2.763 -3.39732
2.766 -3.39719
2.769 -3.39708
2.772 -3.39697
2.775 -3.39686
2.778 -3.39676
2.781 -3.39667
2.784 -3.39658
2.787 -3.3965
2.79 -3.39643
2.793 -3.39636
2.796 -3.39629
2.799 -3.39623
2.802 -3.39618
2.805 -3.39613
2.808 -3.39609
2.811 -3.39605
2.814 -3.39602
2.817 -3.396
2.82 -3.39598
2.823 -3.39596
2.826 -3.39596
2.829 -3.39595
2.832 -3.39596
2.835 -3.39596
2.838 -3.39598
2.841 -3.396
2.844 -3.39602
2.847 -3.39605
2.85 -3.39608
2.853 -3.39612
2.856 -3.39617
2.859 -3.39622
2.862 -3.39627
2.865 -3.39633
2.868 -3.3964
2.871 -3.39647
2.874 -3.39655
2.877 -3.39663
2.88 -3.39671
2.883 -3.3968
2.886 -3.3969
2.889 -3.397
2.892 -3.39711
2.895 -3.39722
2.898 -3.39733
2.901 -3.39745
2.904 -3.39758
2.907 -3.39771
2.91 -3.39784
2.913 -3.39798
2.916 -3.39812
2.919 -3.39827
2.922 -3.39842
2.925 -3.39858
2.928 -3.39874
2.931 -3.3989
2.934 -3.39907
2.937 -3.39925
2.94 -3.39943
2.943 -3.39961
2.946 -3.3998
2.949 -3.39999
2.952 -3.40018
2.955 -3.40038
2.958 -3.40059
2.961 -3.40079
2.964 -3.401
2.967 -3.40122
2.97 -3.40144
2.973 -3.40166
2.976 -3.40189
2.979 -3.40212
2.982 -3.40235
2.985 -3.40259
2.988 -3.40283
2.991 -3.40308
2.994 -3.40333
2.997 -3.40358
3 -3.40384
3.001 -10
