0 5
0.003 3.90258
0.006 3.90242
0.009 3.90226
0.012 3.90209
0.015 3.90192
0.018 3.90175
0.021 3.90158
0.024 3.9014
0.027 3.90123
0.03 3.90105
0.033 3.90087
0.036 3.90069
0.039 3.90051
0.042 3.90032
0.045 3.90013
0.048 3.89995
0.051 3.89976
0.054 3.89956
0.057 3.89937
0.06 3.89917
0.063 3.89897
0.066 3.89877
0.069 3.89857
0.072 3.89837
0.075 3.89816
0.078 3.89795
0.081 3.89774
0.084 3.89753
0.087 3.89732
0.09 3.8971
0.093 3.89688
0.096 3.89666
0.099 3.89644
0.102 3.89622
0.105 3.89599
0.108 3.89576
0.111 3.89553
0.114 3.8953
0.117 3.89507
0.12 3.89483
0.123 3.89459
0.126 3.89435
0.129 3.8941
0.132 3.89386
0.135 3.89361
0.138 3.89336
0.141 3.89311
0.144 3.89285
0.147 3.8926
0.15 3.89234
0.153 3.89208
0.156 3.89181
0.159 3.89155
0.162 3.89128
0.165 3.89101
0.168 3.89073
0.171 3.89046
0.174 3.89018
0.177 3.8899
0.18 3.88962
0.183 3.88933
0.186 3.88905
0.189 3.88876
0.192 3.88846
0.195 3.88817
0.198 3.88787
0.201 3.88757
0.204 3.88727
0.207 3.88696
0.21 3.88666
0.213 3.88635
0.216 3.88603
0.219 3.88572
0.222 3.8854
0.225 3.88508
0.228 3.88476
0.231 3.88443
0.234 3.88411
0.237 3.88378
0.24 3.88344
0.243 3.88311
0.246 3.88277
0.249 3.88243
0.252 3.88208
0.255 3.88173
0.258 3.88139
0.261 3.88103
0.264 3.88068
0.267 3.88032
0.27 3.87996
0.273 3.8796
0.276 3.87923
0.279 3.87886
0.282 3.87849
0.285 3.87811
0.288 3.87773
0.291 3.87735
0.294 3.87697
0.297 3.87658
0.3 3.87619
0.303 3.8758
0.306 3.87541
0.309 3.87501
0.312 3.87461
0.315 3.8742
0.318 3.87379
0.321 3.87338
0.324 3.87297
0.327 3.87255
0.33 3.87213
0.333 3.87171
0.336 3.87128
0.339 3.87085
0.342 3.87042
0.345 3.86999
0.348 3.86955
0.351 3.86911
0.354 3.86866
0.357 3.86821
0.36 3.86776
0.363 3.86731
0.366 3.86685
0.369 3.86639
0.372 3.86592
0.375 3.86545
0.378 3.86498
0.381 3.86451
0.384 3.86403
0.387 3.86355
0.39 3.86306
0.393 3.86257
0.396 3.86208
0.399 3.86159
0.402 3.86109
0.405 3.86059
0.408 3.86008
0.411 3.85957
0.414 3.85906
0.417 3.85854
0.42 3.85802
0.423 3.8575
0.426 3.85697
0.429 3.85644
0.432 3.85591
0.435 3.85537
0.438 3.85483
0.441 3.85428
0.444 3.85373
0.447 3.85318
0.45 3.85263
0.453 3.85206
0.456 3.8515
0.459 3.85093
0.462 3.85036
0.465 3.84979
0.468 3.84921
0.471 3.84862
0.474 3.84804
0.477 3.84745
0.48 3.84685
0.483 3.84625
0.486 3.84565
0.489 3.84505
0.492 3.84444
0.495 3.84382
0.498 3.8432
0.501 3.84258
0.504 3.84195
0.507 3.84132
0.51 3.84069
0.513 3.84005
0.516 3.83941
0.519 3.83876
0.522 3.83811
0.525 3.83746
0.528 3.8368
0.531 3.83613
0.534 3.83547
0.537 3.83479
0.54 3.83412
0.543 3.83344
0.546 3.83275
0.549 3.83206
0.552 3.83137
0.555 3.83067
0.558 3.82997
0.561 3.82926
0.564 3.82855
0.567 3.82784
0.57 3.82712
0.573 3.8264
0.576 3.82567
0.579 3.82494
0.582 3.8242
0.585 3.82346
0.588 3.82271
0.591 3.82196
0.594 3.82121
0.597 3.82045
0.6 3.81968
0.603 3.81891
0.606 3.81814
0.609 3.81736
0.612 3.81658
0.615 3.81579
0.618 3.815
0.621 3.81421
0.624 3.8134
0.627 3.8126
0.63 3.81179
0.633 3.81097
0.636 3.81015
0.639 3.80933
0.642 3.8085
0.645 3.80767
0.648 3.80683
0.651 3.80599
0.654 3.80514
0.657 3.80428
0.66 3.80343
0.663 3.80256
0.666 3.8017
0.669 3.80083
0.672 3.79995
0.675 3.79907
0.678 3.79818
0.681 3.79729
0.684 3.79639
0.687 3.79549
0.69 3.79459
0.693 3.79368
0.696 3.79276
0.699 3.79184
0.702 3.79092
0.705 3.78999
0.708 3.78905
0.711 3.78811
0.714 3.78717
0.717 3.78622
0.72 3.78526
0.723 3.7843
0.726 3.78334
0.729 3.78237
0.732 3.7814
0.735 3.78042
0.738 3.77943
0.741 3.77845
0.744 3.77745
0.747 3.77646
0.75 3.77545
0.753 3.77444
0.756 3.77343
0.759 3.77242
0.762 3.77139
0.765 3.77037
0.768 3.76934
0.771 3.7683
0.774 3.76726
0.777 3.76621
0.78 3.76516
0.783 3.76411
0.786 3.76305
0.789 3.76198
0.792 3.76091
0.795 3.75984
0.798 3.75876
0.801 3.75768
0.804 3.75659
0.807 3.7555
0.81 3.7544
0.813 3.7533
0.816 3.7522
0.819 3.75109
0.822 3.74997
0.825 3.74886
0.828 3.74773
0.831 3.74661
0.834 3.74547
0.837 3.74434
0.84 3.7432
0.843 3.74205
0.846 3.74091
0.849 3.73975
0.852 3.7386
0.855 3.73744
0.858 3.73627
0.861 3.7351
0.864 3.73393
0.867 3.73275
0.87 3.73157
0.873 3.73039
0.876 3.7292
0.879 3.72801
0.882 3.72681
0.885 3.72561
0.888 3.72441
0.891 3.7232
0.894 3.72199
0.897 3.72078
0.9 3.71956
0.903 3.71834
0.906 3.71712
0.909 3.71589
0.912 3.71466
0.915 3.71343
0.918 3.71219
0.921 3.71095
0.924 3.70971
0.927 3.70847
0.93 3.70722
0.933 3.70597
0.936 3.70471
0.939 3.70346
0.942 3.7022
0.945 3.70093
0.948 3.69967
0.951 3.6984
0.954 3.69713
0.957 3.69586
0.96 3.69459
0.963 3.69331
0.966 3.69203
0.969 3.69075
0.972 3.68947
0.975 3.68818
0.978 3.68689
0.981 3.6856
0.984 3.68431
0.987 3.68302
0.99 3.68172
0.993 3.68043
0.996 3.67913
0.999 3.67783
1.002 3.67653
1.005 3.67523
1.008 3.67392
1.011 3.67262
1.014 3.67131
1.017 3.67
1.02 3.66869
1.023 3.66738
1.026 3.66607
1.029 3.66476
1.032 3.66345
1.035 3.66214
1.038 3.66082
1.041 3.65951
1.044 3.65819
1.047 3.65687
1.05 3.65556
1.053 3.65424
1.056 3.65292
1.059 3.6516
1.062 3.65028
1.065 3.64897
1.068 3.64765
1.071 3.64633
1.074 3.64501
1.077 3.64369
1.08 3.64237
1.083 3.64105
1.086 3.63973
1.089 3.63841
1.092 3.63709
1.095 3.63577
1.098 3.63445
1.101 3.63314
1.104 3.63182
1.107 3.6305
1.11 3.62919
1.113 3.62787
1.116 3.62655
1.119 3.62524
1.122 3.62392
1.125 3.62261
1.128 3.6213
1.131 3.61999
1.134 3.61867
1.137 3.61736
1.14 3.61605
1.143 3.61475
1.146 3.61344
1.149 3.61213
1.152 3.61083
1.155 3.60952
1.158 3.60822
1.161 3.60692
1.164 3.60561
1.167 3.60431
1.17 3.60301
1.173 3.60172
1.176 3.60042
1.179 3.59913
1.182 3.59783
1.185 3.59654
1.188 3.59525
1.191 3.59396
1.194 3.59267
1.197 3.59138
1.2 3.5901
1.203 3.58881
1.206 3.58753
1.209 3.58625
1.212 3.58497
1.215 3.58369
1.218 3.58241
1.221 3.58114
1.224 3.57986
1.227 3.57859
1.23 3.57732
1.233 3.57605
1.236 3.57478
1.239 3.57351
1.242 3.57225
1.245 3.57099
1.248 3.56972
1.251 3.56846
1.254 3.5672
1.257 3.56595
1.26 3.56469
1.263 3.56344
1.266 3.56218
1.269 3.56093
1.272 3.55968
1.275 3.55843
1.278 3.55719
1.281 3.55594
1.284 3.5547
1.287 3.55345
1.29 3.55221
1.293 3.55097
1.296 3.54973
1.299 3.54849
1.302 3.54726
1.305 3.54602
1.308 3.54479
1.311 3.54356
1.314 3.54233
1.317 3.5411
1.32 3.53987
1.323 3.53864
1.326 3.53741
1.329 3.53619
1.332 3.53497
1.335 3.53374
1.338 3.53252
1.341 3.5313
1.344 3.53008
1.347 3.52886
1.35 3.52764
1.353 3.52643
1.356 3.52521
1.359 3.52399
1.362 3.52278
1.365 3.52156
1.368 3.52035
1.371 3.51914
1.374 3.51793
1.377 3.51671
1.38 3.5155
1.383 3.51429
1.386 3.51308
1.389 3.51187
1.392 3.51066
1.395 3.50945
1.398 3.50824
1.401 3.50704
1.404 3.50583
1.407 3.50462
1.41 3.50341
1.413 3.5022
1.416 3.50099
1.419 3.49979
1.422 3.49858
1.425 3.49737
1.428 3.49616
1.431 3.49495
1.434 3.49374
1.437 3.49253
1.44 3.49132
1.443 3.49011
1.446 3.4889
1.449 3.48768
1.452 3.48647
1.455 3.48526
1.458 3.48404
1.461 3.48283
1.464 3.48161
1.467 3.48039
1.47 3.47917
1.473 3.47795
1.476 3.47673
1.479 3.47551
1.482 3.47428
1.485 3.47306
1.488 3.47183
1.491 3.4706
1.494 3.46937
1.497 3.46814
1.5 3.46691
1.503 3.46567
1.506 3.46443
1.509 3.46319
1.512 3.46195
1.515 3.4607
1.518 3.45946
1.521 3.45821
1.524 3.45696
1.527 3.4557
1.53 3.45444
1.533 3.45318
1.536 3.45192
1.539 3.45065
1.542 3.44939
1.545 3.44811
1.548 3.44684
1.551 3.44556
1.554 3.44428
1.557 3.44299
1.56 3.4417
1.563 3.44041
1.566 3.43911
1.569 3.43781
1.572 3.43651
1.575 3.4352
1.578 3.43388
1.581 3.43257
1.584 3.43124
1.587 3.42992
1.59 3.42859
1.593 3.42725
1.596 3.42591
1.599 3.42456
1.602 3.42321
1.605 3.42185
1.608 3.42049
1.611 3.41913
1.614 3.41775
1.617 3.41637
1.62 3.41499
1.623 3.4136
1.626 3.4122
1.629 3.4108
1.632 3.40939
1.635 3.40798
1.638 3.40655
1.641 3.40513
1.644 3.40369
1.647 3.40225
1.65 3.4008
1.653 3.39934
1.656 3.39788
1.659 3.39641
1.662 3.39493
1.665 3.39344
1.668 3.39194
1.671 3.39044
1.674 3.38893
1.677 3.38741
1.68 3.38588
1.683 3.38435
1.686 3.3828
1.689 3.38125
1.692 3.37968
1.695 3.37811
1.698 3.37653
1.701 3.37494
1.704 3.37334
1.707 3.37173
1.71 3.37011
1.713 3.36848
1.716 3.36684
1.719 3.36519
1.722 3.36353
1.725 3.36186
1.728 3.36017
1.731 3.35848
1.734 3.35678
1.737 3.35506
1.74 3.35334
1.743 3.3516
1.746 3.34985
1.749 3.34809
1.752 3.34631
1.755 3.34453
1.758 3.34273
1.761 3.34092
1.764 3.3391
1.767 3.33726
1.77 3.33542
1.773 3.33356
1.776 3.33168
1.779 3.3298
1.782 3.3279
1.785 3.32598
1.788 3.32406
1.791 3.32212
1.794 3.32016
1.797 3.31819
1.8 3.31621
1.803 3.31422
1.806 3.31221
1.809 3.31018
1.812 3.30814
1.815 3.30609
1.818 3.30402
1.821 3.30194
1.824 3.29984
1.827 3.29773
1.83 3.2956
1.833 3.29345
1.836 3.2913
1.839 3.28912
1.842 3.28693
1.845 3.28473
1.848 3.28251
1.851 3.28027
1.854 3.27802
1.857 3.27575
1.86 3.27347
1.863 3.27117
1.866 3.26886
1.869 3.26653
1.872 3.26418
1.875 3.26182
1.878 3.25944
1.881 3.25705
1.884 3.25464
1.887 3.25221
1.89 3.24977
1.893 3.24731
1.896 3.24484
1.899 3.24235
1.902 3.23984
1.905 3.23732
1.908 3.23478
1.911 3.23223
1.914 3.22966
1.917 3.22707
1.92 3.22447
1.923 3.22185
1.926 3.21922
1.929 3.21658
1.932 3.21391
1.935 3.21124
1.938 3.20854
1.941 3.20584
1.944 3.20312
1.947 3.20038
1.95 3.19763
1.953 3.19486
1.956 3.19208
1.959 3.18929
1.962 3.18648
1.965 3.18366
1.968 3.18082
1.971 3.17797
1.974 3.17511
1.977 3.17224
1.98 3.16935
1.983 3.16645
1.986 3.16353
1.989 3.16061
1.992 3.15767
1.995 3.15472
1.998 3.15176
2.001 3.14879
2.004 3.14581
2.007 3.14282
2.01 3.13981
2.013 3.1368
2.016 3.13377
2.019 3.13074
2.022 3.1277
2.025 3.12465
2.028 3.12158
2.031 3.11852
2.034 3.11544
2.037 3.11235
2.04 3.10926
2.043 3.10616
2.046 3.10305
2.049 3.09994
2.052 3.09682
2.055 3.09369
2.058 3.09056
2.061 3.08742
2.064 3.08428
2.067 3.08113
2.07 3.07798
2.073 3.07482
2.076 3.07166
2.079 3.0685
2.082 3.06533
2.085 3.06216
2.088 3.05899
2.091 3.05581
2.094 3.05263
2.097 3.04946
2.1 3.04628
2.103 3.0431
2.106 3.03992
2.109 3.03673
2.112 3.03355
2.115 3.03037
2.118 3.02719
2.121 3.02401
2.124 3.02084
2.127 3.01766
2.13 3.01449
2.133 3.01131
2.136 3.00814
2.139 3.00498
2.142 3.00181
2.145 2.99866
2.148 2.9955
2.151 2.99235
2.154 2.9892
2.157 2.98606
2.16 2.98292
2.163 2.97979
2.166 2.97666
2.169 2.97354
2.172 2.97043
2.175 2.96732
2.178 2.96422
2.181 2.96112
2.184 2.95803
2.187 2.95495
2.19 2.95188
2.193 2.94882
2.196 2.94576
2.199 2.94272
2.202 2.93968
2.205 2.93665
2.208 2.93363
2.211 2.93062
2.214 2.92762
2.217 2.92463
2.22 2.92165
2.223 2.91868
2.226 2.91572
2.229 2.91278
2.232 2.90984
2.235 2.90692
2.238 2.904
2.241 2.9011
2.244 2.89821
2.247 2.89534
2.25 2.89248
2.253 2.88962
2.256 2.88679
2.259 2.88396
2.262 2.88115
2.265 2.87835
2.268 2.87557
2.271 2.8728
2.274 2.87005
2.277 2.8673
2.28 2.86458
2.283 2.86187
2.286 2.85917
2.289 2.85649
2.292 2.85382
2.295 2.85117
2.298 2.84853
2.301 2.84591
2.304 2.84331
2.307 2.84072
2.31 2.83815
2.313 2.83559
2.316 2.83305
2.319 2.83053
2.322 2.82802
2.325 2.82553
2.328 2.82306
2.331 2.8206
2.334 2.81817
2.337 2.81574
2.34 2.81334
2.343 2.81095
2.346 2.80858
2.349 2.80623
2.352 2.8039
2.355 2.80158
2.358 2.79928
2.361 2.797
2.364 2.79474
2.367 2.79249
2.37 2.79026
2.373 2.78805
2.376 2.78586
2.379 2.78369
2.382 2.78154
2.385 2.7794
2.388 2.77728
2.391 2.77518
2.394 2.7731
2.397 2.77104
2.4 2.76899
2.403 2.76697
2.406 2.76496
2.409 2.76297
2.412 2.761
2.415 2.75904
2.418 2.75711
2.421 2.75519
2.424 2.75329
2.427 2.75142
2.43 2.74955
2.433 2.74771
2.436 2.74589
2.439 2.74408
2.442 2.74229
2.445 2.74052
2.448 2.73877
2.451 2.73703
2.454 2.73532
2.457 2.73362
2.46 2.73194
2.463 2.73027
2.466 2.72863
2.469 2.727
2.472 2.72539
2.475 2.7238
2.478 2.72222
2.481 2.72067
2.484 2.71913
2.487 2.7176
2.49 2.7161
2.493 2.71461
2.496 2.71313
2.499 2.71168
2.502 2.71024
2.505 2.70882
2.508 2.70741
2.511 2.70602
2.514 2.70465
2.517 2.70329
2.52 2.70195
2.523 2.70063
2.526 2.69932
2.529 2.69802
2.532 2.69675
2.535 2.69548
2.538 2.69424
2.541 2.69301
2.544 2.69179
2.547 2.69059
2.55 2.6894
2.553 2.68823
2.556 2.68708
2.559 2.68593
2.562 2.68481
2.565 2.68369
2.568 2.68259
2.571 2.68151
2.574 2.68044
2.577 2.67938
2.58 2.67834
2.583 2.67731
2.586 2.67629
2.589 2.67529
2.592 2.6743
2.595 2.67332
2.598 2.67236
2.601 2.67141
2.604 2.67047
2.607 2.66955
2.61 2.66863
2.613 2.66773
2.616 2.66684
2.619 2.66597
2.622 2.6651
2.625 2.66425
2.628 2.66341
2.631 2.66258
2.634 2.66176
2.637 2.66096
2.64 2.66016
2.643 2.65938
2.646 2.6586
2.649 2.65784
2.652 2.65709
2.655 2.65635
2.658 2.65562
2.661 2.6549
2.664 2.65419
2.667 2.65349
2.67 2.6528
2.673 2.65212
2.676 2.65145
2.679 2.65078
2.682 2.65013
2.685 2.64949
2.688 2.64886
2.691 2.64824
2.694 2.64762
2.697 2.64702
2.7 2.64642
2.703 2.64583
2.706 2.64525
2.709 2.64468
2.712 2.64412
2.715 2.64357
2.718 2.64302
2.721 2.64248
2.724 2.64195
2.727 2.64143
2.73 2.64092
2.733 2.64041
2.736 2.63991
2.739 2.63942
2.742 2.63894
2.745 2.63846
2.748 2.63799
2.751 2.63753
2.754 2.63708
2.757 2.63663
2.76 2.63619
2.763 2.63575
2.766 2.63532
2.769 2.6349
2.772 2.63449
2.775 2.63408
2.778 2.63368
2.781 2.63328
2.784 2.63289
2.787 2.63251
2.79 2.63213
2.793 2.63176
2.796 2.63139
2.799 2.63103
2.802 2.63068
2.805 2.63033
2.808 2.62998
2.811 2.62964
2.814 2.62931
2.817 2.62898
2.82 2.62866
2.823 2.62834
2.826 2.62803
2.829 2.62772
2.832 2.62742
2.835 2.62712
2.838 2.62683
2.841 2.62654
2.844 2.62626
2.847 2.62598
2.85 2.62571
2.853 2.62544
2.856 2.62517
2.859 2.62491
2.862 2.62465
2.865 2.6244
2.868 2.62415
2.871 2.6239
2.874 2.62366
2.877 2.62343
2.88 2.62319
2.883 2.62297
2.886 2.62274
2.889 2.62252
2.892 2.6223
2.895 2.62209
2.898 2.62188
2.901 2.62167
2.904 2.62146
2.907 2.62126
2.91 2.62107
2.913 2.62087
2.916 2.62068
2.919 2.6205
2.922 2.62031
2.925 2.62013
2.928 2.61995
2.931 2.61978
2.934 2.61961
2.937 2.61944
2.94 2.61927
2.943 2.61911
2.946 2.61895
2.949 2.61879
2.952 2.61864
2.955 2.61849
2.958 2.61834
2.961 2.61819
2.964 2.61805
2.967 2.6179
2.97 2.61776
2.973 2.61763
2.976 2.61749
2.979 2.61736
2.982 2.61723
2.985 2.6171
2.988 2.61698
2.991 2.61686
2.994 2.61674
2.997 2.61662
3 2.6165
3.001 5
