0 -10
0.003 -7.2415
0.006 -7.24057
0.009 -7.23964
0.012 -7.2387
0.015 -7.23775
0.018 -7.23679
0.021 -7.23582
0.024 -7.23484
0.027 -7.23385
0.03 -7.23286
0.033 -7.23185
0.036 -7.23083
0.039 -7.22981
0.042 -7.22877
0.045 -7.22773
0.048 -7.22667
0.051 -7.22561
0.054 -7.22453
0.057 -7.22345
0.06 -7.22235
0.063 -7.22125
0.066 -7.22013
0.069 -7.21901
0.072 -7.21787
0.075 -7.21672
0.078 -7.21557
0.081 -7.2144
0.084 -7.21323
0.087 -7.21204
0.09 -7.21084
0.093 -7.20963
0.096 -7.20841
0.099 -7.20718
0.102 -7.20594
0.105 -7.20469
0.108 -7.20342
0.111 -7.20215
0.114 -7.20086
0.117 -7.19957
0.12 -7.19826
0.123 -7.19694
0.126 -7.19561
0.129 -7.19427
0.132 -7.19291
0.135 -7.19155
0.138 -7.19017
0.141 -7.18878
0.144 -7.18738
0.147 -7.18597
0.15 -7.18455
0.153 -7.18311
0.156 -7.18166
0.159 -7.1802
0.162 -7.17873
0.165 -7.17724
0.168 -7.17575
0.171 -7.17424
0.174 -7.17271
0.177 -7.17118
0.18 -7.16963
0.183 -7.16807
0.186 -7.1665
0.189 -7.16491
0.192 -7.16331
0.195 -7.1617
0.198 -7.16008
0.201 -7.15844
0.204 -7.15679
0.207 -7.15512
0.21 -7.15345
0.213 -7.15176
0.216 -7.15005
0.219 -7.14833
0.222 -7.1466
0.225 -7.14485
0.228 -7.1431
0.231 -7.14132
0.234 -7.13953
0.237 -7.13773
0.24 -7.13592
0.243 -7.13409
0.246 -7.13224
0.249 -7.13038
0.252 -7.12851
0.255 -7.12662
0.258 -7.12472
0.261 -7.12281
0.264 -7.12087
0.267 -7.11893
0.27 -7.11697
0.273 -7.11499
0.276 -7.113
0.279 -7.11099
0.282 -7.10897
0.285 -7.10693
0.288 -7.10488
0.291 -7.10281
0.294 -7.10073
0.297 -7.09863
0.3 -7.09651
0.303 -7.09438
0.306 -7.09223
0.309 -7.09007
0.312 -7.08789
0.315 -7.0857
0.318 -7.08348
0.321 -7.08126
0.324 -7.07901
0.327 -7.07675
0.33 -7.07447
0.333 -7.07218
0.336 -7.06986
0.339 -7.06754
0.342 -7.06519
0.345 -7.06283
0.348 -7.06045
0.351 -7.05805
0.354 -7.05564
0.357 -7.0532
0.36 -7.05075
0.363 -7.04828
0.366 -7.0458
0.369 -7.0433
0.372 -7.04077
0.375 -7.03823
0.378 -7.03568
0.381 -7.0331
0.384 -7.03051
0.387 -7.02789
0.39 -7.02526
0.393 -7.02261
0.396 -7.01994
0.399 -7.01725
0.402 -7.01455
0.405 -7.01182
0.408 -7.00907
0.411 -7.00631
0.414 -7.00352
0.417 -7.00072
0.42 -6.9979
0.423 -6.99505
0.426 -6.99219
0.429 -6.98931
0.432 -6.9864
0.435 -6.98348
0.438 -6.98053
0.441 -6.97757
0.444 -6.97458
0.447 -6.97158
0.45 -6.96855
0.453 -6.9655
0.456 -6.96244
0.459 -6.95935
0.462 -6.95623
0.465 -6.9531
0.468 -6.94995
0.471 -6.94677
0.474 -6.94357
0.477 -6.94035
0.48 -6.93711
0.483 -6.93385
0.486 -6.93056
0.489 -6.92725
0.492 -6.92392
0.495 -6.92057
0.498 -6.91719
0.501 -6.91379
0.504 -6.91037
0.507 -6.90693
0.51 -6.90346
0.513 -6.89997
0.516 -6.89645
0.519 -6.89291
0.522 -6.88935
0.525 -6.88576
0.528 -6.88215
0.531 -6.87852
0.534 -6.87486
0.537 -6.87117
0.54 -6.86746
0.543 -6.86373
0.546 -6.85997
0.549 -6.85619
0.552 -6.85238
0.555 -6.84855
0.558 -6.84469
0.561 -6.84081
0.564 -6.8369
0.567 -6.83296
0.57 -6.829
0.573 -6.82501
0.576 -6.821
0.579 -6.81696
0.582 -6.81289
0.585 -6.8088
0.588 -6.80468
0.591 -6.80053
0.594 -6.79636
0.597 -6.79216
0.6 -6.78793
0.603 -6.78367
0.606 -6.77939
0.609 -6.77508
0.612 -6.77074
0.615 -6.76637
0.618 -6.76198
0.621 -6.75755
0.624 -6.7531
0.627 -6.74862
0.63 -6.74412
0.633 -6.73958
0.636 -6.73501
0.639 -6.73042
0.642 -6.72579
0.645 -6.72114
0.648 -6.71646
0.651 -6.71175
0.654 -6.707
0.657 -6.70223
0.66 -6.69743
0.663 -6.6926
0.666 -6.68774
0.669 -6.68285
0.672 -6.67792
0.675 -6.67297
0.678 -6.66799
0.681 -6.66298
0.684 -6.65793
0.687 -6.65286
0.69 -6.64775
0.693 -6.64261
0.696 -6.63745
0.699 -6.63225
0.702 -6.62701
0.705 -6.62175
0.708 -6.61646
0.711 -6.61113
0.714 -6.60578
0.717 -6.60039
0.72 -6.59497
0.723 -6.58951
0.726 -6.58403
0.729 -6.57851
0.732 -6.57296
0.735 -6.56738
0.738 -6.56177
0.741 -6.55612
0.744 -6.55044
0.747 -6.54473
0.75 -6.53899
0.753 -6.53321
0.756 -6.52741
0.759 -6.52156
0.762 -6.51569
0.765 -6.50979
0.768 -6.50385
0.771 -6.49788
0.774 -6.49187
0.777 -6.48583
0.78 -6.47976
0.783 -6.47366
0.786 -6.46753
0.789 -6.46136
0.792 -6.45516
0.795 -6.44893
0.798 -6.44266
0.801 -6.43636
0.804 -6.43003
0.807 -6.42367
0.81 -6.41727
0.813 -6.41084
0.816 -6.40438
0.819 -6.39789
0.822 -6.39137
0.825 -6.38481
0.828 -6.37822
0.831 -6.3716
0.834 -6.36494
0.837 -6.35826
0.84 -6.35154
0.843 -6.34479
0.846 -6.33801
0.849 -6.3312
0.852 -6.32436
0.855 -6.31749
0.858 -6.31058
0.861 -6.30365
0.864 -6.29668
0.867 -6.28969
0.87 -6.28266
0.873 -6.2756
0.876 -6.26852
0.879 -6.2614
0.882 -6.25426
0.885 -6.24708
0.888 -6.23988
0.891 -6.23265
0.894 -6.22538
0.897 -6.21809
0.9 -6.21078
0.903 -6.20343
0.906 -6.19606
0.909 -6.18866
0.912 -6.18123
0.915 -6.17377
0.918 -6.16629
0.921 -6.15878
0.924 -6.15125
0.927 -6.14369
0.93 -6.1361
0.933 -6.12849
0.936 -6.12086
0.939 -6.1132
0.942 -6.10551
0.945 -6.09781
0.948 -6.09008
0.951 -6.08232
0.954 -6.07454
0.957 -6.06674
0.96 -6.05892
0.963 -6.05108
0.966 -6.04322
0.969 -6.03533
0.972 -6.02743
0.975 -6.0195
0.978 -6.01155
0.981 -6.00359
0.984 -5.99561
0.987 -5.9876
0.99 -5.97958
0.993 -5.97155
0.996 -5.96349
0.999 -5.95542
1.002 -5.94733
1.005 -5.93923
1.008 -5.93111
1.011 -5.92298
1.014 -5.91483
1.017 -5.90667
1.02 -5.89849
1.023 -5.8903
1.026 -5.8821
1.029 -5.87388
1.032 -5.86566
1.035 -5.85742
1.038 -5.84917
1.041 -5.84092
1.044 -5.83265
1.047 -5.82437
1.05 -5.81609
1.053 -5.80779
1.056 -5.79949
1.059 -5.79118
1.062 -5.78286
1.065 -5.77454
1.068 -5.76621
1.071 -5.75788
1.074 -5.74954
1.077 -5.7412
1.08 -5.73285
1.083 -5.7245
1.086 -5.71615
1.089 -5.70779
1.092 -5.69943
1.095 -5.69107
1.098 -5.68271
1.101 -5.67435
1.104 -5.66599
1.107 -5.65763
1.11 -5.64927
1.113 -5.64091
1.116 -5.63256
1.119 -5.6242
1.122 -5.61585
1.125 -5.6075
1.128 -5.59916
1.131 -5.59082
1.134 -5.58248
1.137 -5.57415
1.14 -5.56583
1.143 -5.55751
1.146 -5.5492
1.149 -5.54089
1.152 -5.53259
1.155 -5.5243
1.158 -5.51602
1.161 -5.50774
1.164 -5.49948
1.167 -5.49122
1.17 -5.48298
1.173 -5.47474
1.176 -5.46651
1.179 -5.4583
1.182 -5.45009
1.185 -5.4419
1.188 -5.43372
1.191 -5.42555
1.194 -5.4174
1.197 -5.40926
1.2 -5.40113
1.203 -5.39301
1.206 -5.38491
1.209 -5.37682
1.212 -5.36875
1.215 -5.36069
1.218 -5.35265
1.221 -5.34462
1.224 -5.33661
1.227 -5.32861
1.23 -5.32064
1.233 -5.31267
1.236 -5.30473
1.239 -5.2968
1.242 -5.28889
1.245 -5.28099
1.248 -5.27312
1.251 -5.26526
1.254 -5.25742
1.257 -5.2496
1.26 -5.24179
1.263 -5.23401
1.266 -5.22624
1.269 -5.21849
1.272 -5.21077
1.275 -5.20306
1.278 -5.19537
1.281 -5.1877
1.284 -5.18005
1.287 -5.17242
1.29 -5.16481
1.293 -5.15722
1.296 -5.14965
1.299 -5.14211
1.302 -5.13458
1.305 -5.12707
1.308 -5.11958
1.311 -5.11212
1.314 -5.10467
1.317 -5.09725
1.32 -5.08984
1.323 -5.08246
1.326 -5.0751
1.329 -5.06776
1.332 -5.06044
1.335 -5.05314
1.338 -5.04586
1.341 -5.0386
1.344 -5.03137
1.347 -5.02415
1.35 -5.01696
1.353 -5.00978
1.356 -5.00263
1.359 -4.9955
1.362 -4.98839
1.365 -4.9813
1.368 -4.97423
1.371 -4.96718
1.374 -4.96015
1.377 -4.95314
1.38 -4.94616
1.383 -4.93919
1.386 -4.93224
1.389 -4.92532
1.392 -4.91841
1.395 -4.91152
1.398 -4.90466
1.401 -4.89781
1.404 -4.89098
1.407 -4.88418
1.41 -4.87739
1.413 -4.87062
1.416 -4.86387
1.419 -4.85714
1.422 -4.85043
1.425 -4.84374
1.428 -4.83706
1.431 -4.83041
1.434 -4.82377
1.437 -4.81715
1.44 -4.81055
1.443 -4.80396
1.446 -4.7974
1.449 -4.79085
1.452 -4.78432
1.455 -4.7778
1.458 -4.7713
1.461 -4.76482
1.464 -4.75836
1.467 -4.75191
1.47 -4.74548
1.473 -4.73906
1.476 -4.73266
1.479 -4.72628
1.482 -4.71991
1.485 -4.71355
1.488 -4.70721
1.491 -4.70089
1.494 -4.69458
1.497 -4.68828
1.5 -4.682
1.503 -4.67573
1.506 -4.66947
1.509 -4.66323
1.512 -4.657
1.515 -4.65079
1.518 -4.64458
1.521 -4.63839
1.524 -4.63222
1.527 -4.62605
1.53 -4.61989
1.533 -4.61375
1.536 -4.60762
1.539 -4.6015
1.542 -4.59539
1.545 -4.58929
1.548 -4.5832
1.551 -4.57712
1.554 -4.57105
1.557 -4.565
1.56 -4.55895
1.563 -4.55291
1.566 -4.54688
1.569 -4.54085
1.572 -4.53484
1.575 -4.52883
1.578 -4.52284
1.581 -4.51685
1.584 -4.51087
1.587 -4.50489
1.59 -4.49892
1.593 -4.49296
1.596 -4.48701
1.599 -4.48107
1.602 -4.47513
1.605 -4.46919
1.608 -4.46326
1.611 -4.45734
1.614 -4.45143
1.617 -4.44551
1.62 -4.43961
1.623 -4.43371
1.626 -4.42781
1.629 -4.42192
1.632 -4.41603
1.635 -4.41015
1.638 -4.40427
1.641 -4.3984
1.644 -4.39253
1.647 -4.38666
1.65 -4.38079
1.653 -4.37493
1.656 -4.36908
1.659 -4.36322
1.662 -4.35737
1.665 -4.35152
1.668 -4.34567
1.671 -4.33983
1.674 -4.33399
1.677 -4.32815
1.68 -4.32231
1.683 -4.31647
1.686 -4.31064
1.689 -4.30481
1.692 -4.29898
1.695 -4.29315
1.698 -4.28732
1.701 -4.28149
1.704 -4.27567
1.707 -4.26985
1.71 -4.26402
1.713 -4.2582
1.716 -4.25238
1.719 -4.24656
1.722 -4.24074
1.725 -4.23493
1.728 -4.22911
1.731 -4.2233
1.734 -4.21748
1.737 -4.21167
1.74 -4.20586
1.743 -4.20004
1.746 -4.19423
1.749 -4.18842
1.752 -4.18262
1.755 -4.17681
1.758 -4.171
1.761 -4.1652
1.764 -4.15939
1.767 -4.15359
1.77 -4.14779
1.773 -4.14199
1.776 -4.13619
1.779 -4.13039
1.782 -4.1246
1.785 -4.11881
1.788 -4.11302
1.791 -4.10723
1.794 -4.10144
1.797 -4.09566
1.8 -4.08988
1.803 -4.0841
1.806 -4.07832
1.809 -4.07255
1.812 -4.06678
1.815 -4.06102
1.818 -4.05525
1.821 -4.0495
1.824 -4.04374
1.827 -4.03799
1.83 -4.03225
1.833 -4.02651
1.836 -4.02077
1.839 -4.01504
1.842 -4.00932
1.845 -4.0036
1.848 -3.99789
1.851 -3.99218
1.854 -3.98648
1.857 -3.98079
1.86 -3.9751
1.863 -3.96942
1.866 -3.96375
1.869 -3.95809
1.872 -3.95244
1.875 -3.94679
1.878 -3.94116
1.881 -3.93553
1.884 -3.92991
1.887 -3.92431
1.89 -3.91871
1.893 -3.91312
1.896 -3.90755
1.899 -3.90198
1.902 -3.89643
1.905 -3.89089
1.908 -3.88536
1.911 -3.87985
1.914 -3.87435
1.917 -3.86886
1.92 -3.86338
1.923 -3.85793
1.926 -3.85248
1.929 -3.84705
1.932 -3.84163
1.935 -3.83623
1.938 -3.83085
1.941 -3.82548
1.944 -3.82013
1.947 -3.8148
1.95 -3.80949
1.953 -3.80419
1.956 -3.79891
1.959 -3.79365
1.962 -3.78841
1.965 -3.78318
1.968 -3.77798
1.971 -3.7728
1.974 -3.76763
1.977 -3.76249
1.98 -3.75737
1.983 -3.75227
1.986 -3.74719
1.989 -3.74213
1.992 -3.7371
1.995 -3.73209
1.998 -3.7271
2.001 -3.72213
2.004 -3.71719
2.007 -3.71227
2.01 -3.70737
2.013 -3.7025
2.016 -3.69765
2.019 -3.69283
2.022 -3.68803
2.025 -3.68326
2.028 -3.67851
2.031 -3.67379
2.034 -3.6691
2.037 -3.66443
2.04 -3.65978
2.043 -3.65517
2.046 -3.65058
2.049 -3.64601
2.052 -3.64148
2.055 -3.63697
2.058 -3.63248
2.061 -3.62803
2.064 -3.6236
2.067 -3.6192
2.07 -3.61483
2.073 -3.61048
2.076 -3.60616
2.079 -3.60188
2.082 -3.59761
2.085 -3.59338
2.088 -3.58918
2.091 -3.585
2.094 -3.58085
2.097 -3.57673
2.1 -3.57264
2.103 -3.56857
2.106 -3.56454
2.109 -3.56053
2.112 -3.55655
2.115 -3.5526
2.118 -3.54868
2.121 -3.54479
2.124 -3.54092
2.127 -3.53708
2.13 -3.53328
2.133 -3.5295
2.136 -3.52574
2.139 -3.52202
2.142 -3.51832
2.145 -3.51465
2.148 -3.51101
2.151 -3.5074
2.154 -3.50382
2.157 -3.50026
2.16 -3.49673
2.163 -3.49323
2.166 -3.48976
2.169 -3.48631
2.172 -3.48289
2.175 -3.4795
2.178 -3.47613
2.181 -3.4728
2.184 -3.46949
2.187 -3.4662
2.19 -3.46294
2.193 -3.45971
2.196 -3.45651
2.199 -3.45333
2.202 -3.45018
2.205 -3.44706
2.208 -3.44396
2.211 -3.44089
2.214 -3.43784
2.217 -3.43482
2.22 -3.43183
2.223 -3.42886
2.226 -3.42592
2.229 -3.423
2.232 -3.42011
2.235 -3.41725
2.238 -3.41441
2.241 -3.41159
2.244 -3.4088
2.247 -3.40604
2.25 -3.4033
2.253 -3.40059
2.256 -3.3979
2.259 -3.39523
2.262 -3.3926
2.265 -3.38998
2.268 -3.38739
2.271 -3.38483
2.274 -3.38229
2.277 -3.37977
2.28 -3.37728
2.283 -3.37481
2.286 -3.37237
2.289 -3.36995
2.292 -3.36756
2.295 -3.36519
2.298 -3.36284
2.301 -3.36052
2.304 -3.35822
2.307 -3.35595
2.31 -3.3537
2.313 -3.35148
2.316 -3.34928
2.319 -3.3471
2.322 -3.34494
2.325 -3.34282
2.328 -3.34071
2.331 -3.33863
2.334 -3.33657
2.337 -3.33454
2.34 -3.33252
2.343 -3.33054
2.346 -3.32857
2.349 -3.32663
2.352 -3.32472
2.355 -3.32283
2.358 -3.32096
2.361 -3.31911
2.364 -3.31729
2.367 -3.31549
2.37 -3.31371
2.373 -3.31196
2.376 -3.31023
2.379 -3.30852
2.382 -3.30684
2.385 -3.30518
2.388 -3.30354
2.391 -3.30193
2.394 -3.30033
2.397 -3.29876
2.4 -3.29722
2.403 -3.29569
2.406 -3.29419
2.409 -3.29271
2.412 -3.29126
2.415 -3.28982
2.418 -3.28841
2.421 -3.28702
2.424 -3.28566
2.427 -3.28431
2.43 -3.28299
2.433 -3.28169
2.436 -3.28041
2.439 -3.27915
2.442 -3.27791
2.445 -3.2767
2.448 -3.2755
2.451 -3.27433
2.454 -3.27318
2.457 -3.27205
2.46 -3.27094
2.463 -3.26986
2.466 -3.26879
2.469 -3.26774
2.472 -3.26671
2.475 -3.26571
2.478 -3.26472
2.481 -3.26376
2.484 -3.26281
2.487 -3.26189
2.49 -3.26098
2.493 -3.26009
2.496 -3.25923
2.499 -3.25838
2.502 -3.25755
2.505 -3.25674
2.508 -3.25595
2.511 -3.25518
2.514 -3.25442
2.517 -3.25369
2.52 -3.25297
2.523 -3.25227
2.526 -3.25159
2.529 -3.25093
2.532 -3.25028
2.535 -3.24965
2.538 -3.24904
2.541 -3.24845
2.544 -3.24787
2.547 -3.24731
2.55 -3.24677
2.553 -3.24624
2.556 -3.24573
2.559 -3.24523
2.562 -3.24475
2.565 -3.24429
2.568 -3.24384
2.571 -3.24341
2.574 -3.24299
2.577 -3.24259
2.58 -3.2422
2.583 -3.24183
2.586 -3.24147
2.589 -3.24113
2.592 -3.2408
2.595 -3.24048
2.598 -3.24018
2.601 -3.23989
2.604 -3.23962
2.607 -3.23936
2.61 -3.23911
2.613 -3.23887
2.616 -3.23865
2.619 -3.23844
2.622 -3.23824
2.625 -3.23806
2.628 -3.23789
2.631 -3.23772
2.634 -3.23758
2.637 -3.23744
2.64 -3.23731
2.643 -3.2372
2.646 -3.23709
2.649 -3.237
2.652 -3.23692
2.655 -3.23685
2.658 -3.23678
2.661 -3.23673
2.664 -3.23669
2.667 -3.23666
2.67 -3.23664
2.673 -3.23663
2.676 -3.23663
2.679 -3.23663
2.682 -3.23665
2.685 -3.23668
2.688 -3.23671
2.691 -3.23675
2.694 -3.23681
2.697 -3.23687
2.7 -3.23693
2.703 -3.23701
2.706 -3.2371
2.709 -3.23719
2.712 -3.23729
2.715 -3.2374
2.718 -3.23751
2.721 -3.23763
2.724 -3.23776
2.727 -3.2379
2.73 -3.23804
2.733 -3.23819
2.736 -3.23835
2.739 -3.23851
2.742 -3.23868
2.745 -3.23886
2.748 -3.23904
2.751 -3.23923
2.754 -3.23942
2.757 -3.23962
2.76 -3.23983
2.763 -3.24004
2.766 -3.24025
2.769 -3.24048
2.772 -3.2407
2.775 -3.24093
2.778 -3.24117
2.781 -3.24141
2.784 -3.24166
2.787 -3.24191
2.79 -3.24216
2.793 -3.24242
2.796 -3.24269
2.799 -3.24296
2.802 -3.24323
2.805 -3.24351
2.808 -3.24379
2.811 -3.24407
2.814 -3.24436
2.817 -3.24465
2.82 -3.24495
2.823 -3.24524
2.826 -3.24555
2.829 -3.24585
2.832 -3.24616
2.835 -3.24647
2.838 -3.24679
2.841 -3.2471
2.844 -3.24743
2.847 -3.24775
2.85 -3.24807
2.853 -3.2484
2.856 -3.24874
2.859 -3.24907
2.862 -3.24941
2.865 -3.24974
2.868 -3.25008
2.871 -3.25043
2.874 -3.25077
2.877 -3.25112
2.88 -3.25147
2.883 -3.25182
2.886 -3.25217
2.889 -3.25253
2.892 -3.25289
2.895 -3.25324
2.898 -3.2536
2.901 -3.25397
2.904 -3.25433
2.907 -3.25469
2.91 -3.25506
2.913 -3.25543
2.916 -3.2558
2.919 -3.25617
2.922 -3.25654
2.925 -3.25691
2.928 -3.25728
2.931 -3.25766
2.934 -3.25803
2.937 -3.25841
2.94 -3.25879
2.943 -3.25916
2.946 -3.25954
2.949 -3.25992
2.952 -3.2603
2.955 -3.26068
2.958 -3.26107
2.961 -3.26145
2.964 -3.26183
2.967 -3.26221
2.97 -3.2626
2.973 -3.26298
2.976 -3.26337
2.979 -3.26375
2.982 -3.26414
2.985 -3.26452
2.988 -3.26491
2.991 -3.2653
2.994 -3.26568
2.997 -3.26607
3 -3.26645
3.001 -10
