0 0
0.003 0.117218
0.006 0.117534
0.009 0.117854
0.012 0.118176
0.015 0.118501
0.018 0.118829
0.021 0.119159
0.024 0.119493
0.027 0.11983
0.03 0.12017
0.033 0.120512
0.036 0.120858
0.039 0.121207
0.042 0.121559
0.045 0.121913
0.048 0.122272
0.051 0.122633
0.054 0.122997
0.057 0.123364
0.06 0.123735
0.063 0.124109
0.066 0.124486
0.069 0.124866
0.072 0.12525
0.075 0.125637
0.078 0.126027
0.081 0.12642
0.084 0.126817
0.087 0.127217
0.09 0.127621
0.093 0.128028
0.096 0.128438
0.099 0.128852
0.102 0.129269
0.105 0.12969
0.108 0.130114
0.111 0.130542
0.114 0.130974
0.117 0.131409
0.12 0.131848
0.123 0.13229
0.126 0.132736
0.129 0.133185
0.132 0.133639
0.135 0.134096
0.138 0.134557
0.141 0.135021
0.144 0.13549
0.147 0.135962
0.15 0.136438
0.153 0.136918
0.156 0.137402
0.159 0.13789
0.162 0.138381
0.165 0.138877
0.168 0.139377
0.171 0.13988
0.174 0.140388
0.177 0.1409
0.18 0.141416
0.183 0.141936
0.186 0.14246
0.189 0.142988
0.192 0.143521
0.195 0.144058
0.198 0.144599
0.201 0.145144
0.204 0.145694
0.207 0.146248
0.21 0.146806
0.213 0.147369
0.216 0.147936
0.219 0.148507
0.222 0.149083
0.225 0.149664
0.228 0.150249
0.231 0.150839
0.234 0.151433
0.237 0.152032
0.24 0.152636
0.243 0.153244
0.246 0.153857
0.249 0.154474
0.252 0.155097
0.255 0.155724
0.258 0.156356
0.261 0.156993
0.264 0.157635
0.267 0.158282
0.27 0.158933
0.273 0.15959
0.276 0.160252
0.279 0.160918
0.282 0.16159
0.285 0.162267
0.288 0.162949
0.291 0.163637
0.294 0.164329
0.297 0.165027
0.3 0.16573
0.303 0.166438
0.306 0.167152
0.309 0.167871
0.312 0.168596
0.315 0.169326
0.318 0.170061
0.321 0.170802
0.324 0.171549
0.327 0.172301
0.33 0.173059
0.333 0.173822
0.336 0.174592
0.339 0.175367
0.342 0.176147
0.345 0.176934
0.348 0.177726
0.351 0.178525
0.354 0.179329
0.357 0.180139
0.36 0.180956
0.363 0.181778
0.366 0.182607
0.369 0.183441
0.372 0.184282
0.375 0.185129
0.378 0.185982
0.381 0.186842
0.384 0.187708
0.387 0.18858
0.39 0.189459
0.393 0.190344
0.396 0.191236
0.399 0.192135
0.402 0.19304
0.405 0.193951
0.408 0.19487
0.411 0.195795
0.414 0.196727
0.417 0.197666
0.42 0.198611
0.423 0.199564
0.426 0.200524
0.429 0.20149
0.432 0.202464
0.435 0.203445
0.438 0.204433
0.441 0.205428
0.444 0.206431
0.447 0.207441
0.45 0.208458
0.453 0.209483
0.456 0.210515
0.459 0.211554
0.462 0.212602
0.465 0.213657
0.468 0.214719
0.471 0.21579
0.474 0.216868
0.477 0.217954
0.48 0.219048
0.483 0.22015
0.486 0.22126
0.489 0.222379
0.492 0.223505
0.495 0.224639
0.498 0.225782
0.501 0.226933
0.504 0.228093
0.507 0.229261
0.51 0.230437
0.513 0.231622
0.516 0.232815
0.519 0.234018
0.522 0.235229
0.525 0.236448
0.528 0.237677
0.531 0.238915
0.534 0.240161
0.537 0.241417
0.54 0.242682
0.543 0.243956
0.546 0.245239
0.549 0.246531
0.552 0.247833
0.555 0.249145
0.558 0.250466
0.561 0.251796
0.564 0.253136
0.567 0.254486
0.57 0.255846
0.573 0.257215
0.576 0.258594
0.579 0.259984
0.582 0.261383
0.585 0.262793
0.588 0.264213
0.591 0.265643
0.594 0.267083
0.597 0.268534
0.6 0.269995
0.603 0.271467
0.606 0.27295
0.609 0.274443
0.612 0.275947
0.615 0.277462
0.618 0.278988
0.621 0.280524
0.624 0.282072
0.627 0.283631
0.63 0.285201
0.633 0.286783
0.636 0.288376
0.639 0.28998
0.642 0.291596
0.645 0.293224
0.648 0.294863
0.651 0.296514
0.654 0.298176
0.657 0.299851
0.66 0.301538
0.663 0.303236
0.666 0.304947
0.669 0.30667
0.672 0.308405
0.675 0.310153
0.678 0.311913
0.681 0.313686
0.684 0.315471
0.687 0.317269
0.69 0.319079
0.693 0.320902
0.696 0.322738
0.699 0.324588
0.702 0.32645
0.705 0.328325
0.708 0.330213
0.711 0.332115
0.714 0.33403
0.717 0.335958
0.72 0.3379
0.723 0.339856
0.726 0.341825
0.729 0.343807
0.732 0.345804
0.735 0.347814
0.738 0.349838
0.741 0.351876
0.744 0.353928
0.747 0.355994
0.75 0.358074
0.753 0.360168
0.756 0.362277
0.759 0.3644
0.762 0.366538
0.765 0.368689
0.768 0.370856
0.771 0.373037
0.774 0.375232
0.777 0.377443
0.78 0.379668
0.783 0.381908
0.786 0.384162
0.789 0.386432
0.792 0.388716
0.795 0.391016
0.798 0.393331
0.801 0.39566
0.804 0.398005
0.807 0.400365
0.81 0.402741
0.813 0.405131
0.816 0.407537
0.819 0.409959
0.822 0.412395
0.825 0.414847
0.828 0.417315
0.831 0.419798
0.834 0.422297
0.837 0.424811
0.84 0.42734
0.843 0.429886
0.846 0.432447
0.849 0.435023
0.852 0.437616
0.855 0.440224
0.858 0.442847
0.861 0.445487
0.864 0.448142
0.867 0.450812
0.87 0.453499
0.873 0.456201
0.876 0.458919
0.879 0.461653
0.882 0.464403
0.885 0.467168
0.888 0.469949
0.891 0.472746
0.894 0.475558
0.897 0.478387
0.9 0.48123
0.903 0.48409
0.906 0.486965
0.909 0.489856
0.912 0.492762
0.915 0.495684
0.918 0.498622
0.921 0.501575
0.924 0.504543
0.927 0.507527
0.93 0.510527
0.933 0.513541
0.936 0.516571
0.939 0.519617
0.942 0.522677
0.945 0.525753
0.948 0.528844
0.951 0.531949
0.954 0.53507
0.957 0.538206
0.96 0.541356
0.963 0.544522
0.966 0.547702
0.969 0.550897
0.972 0.554106
0.975 0.55733
0.978 0.560568
0.981 0.563821
0.984 0.567088
0.987 0.570369
0.99 0.573664
0.993 0.576973
0.996 0.580296
0.999 0.583633
1.002 0.586983
1.005 0.590348
1.008 0.593725
1.011 0.597116
1.014 0.600521
1.017 0.603938
1.02 0.607369
1.023 0.610813
1.026 0.614269
1.029 0.617739
1.032 0.62122
1.035 0.624715
1.038 0.628222
1.041 0.631741
1.044 0.635272
1.047 0.638816
1.05 0.642371
1.053 0.645938
1.056 0.649516
1.059 0.653107
1.062 0.656708
1.065 0.660321
1.068 0.663945
1.071 0.66758
1.074 0.671226
1.077 0.674883
1.08 0.67855
1.083 0.682227
1.086 0.685915
1.089 0.689614
1.092 0.693322
1.095 0.69704
1.098 0.700768
1.101 0.704505
1.104 0.708252
1.107 0.712009
1.11 0.715774
1.113 0.719549
1.116 0.723333
1.119 0.727125
1.122 0.730926
1.125 0.734736
1.128 0.738554
1.131 0.74238
1.134 0.746214
1.137 0.750056
1.14 0.753907
1.143 0.757764
1.146 0.76163
1.149 0.765502
1.152 0.769383
1.155 0.77327
1.158 0.777164
1.161 0.781065
1.164 0.784973
1.167 0.788888
1.17 0.792809
1.173 0.796736
1.176 0.80067
1.179 0.80461
1.182 0.808556
1.185 0.812508
1.188 0.816466
1.191 0.820429
1.194 0.824398
1.197 0.828372
1.2 0.832352
1.203 0.836337
1.206 0.840327
1.209 0.844322
1.212 0.848322
1.215 0.852327
1.218 0.856337
1.221 0.860352
1.224 0.86437
1.227 0.868394
1.23 0.872422
1.233 0.876454
1.236 0.88049
1.239 0.884531
1.242 0.888575
1.245 0.892624
1.248 0.896676
1.251 0.900733
1.254 0.904793
1.257 0.908857
1.26 0.912924
1.263 0.916996
1.266 0.92107
1.269 0.925149
1.272 0.929231
1.275 0.933316
1.278 0.937405
1.281 0.941497
1.284 0.945592
1.287 0.949691
1.29 0.953793
1.293 0.957898
1.296 0.962007
1.299 0.966119
1.302 0.970234
1.305 0.974352
1.308 0.978474
1.311 0.982598
1.314 0.986726
1.317 0.990857
1.32 0.994992
1.323 0.999129
1.326 1.00327
1.329 1.00741
1.332 1.01156
1.335 1.01571
1.338 1.01987
1.341 1.02402
1.344 1.02819
1.347 1.03235
1.35 1.03652
1.353 1.04069
1.356 1.04486
1.359 1.04904
1.362 1.05323
1.365 1.05741
1.368 1.0616
1.371 1.0658
1.374 1.07
1.377 1.0742
1.38 1.07841
1.383 1.08262
1.386 1.08683
1.389 1.09105
1.392 1.09528
1.395 1.09951
1.398 1.10374
1.401 1.10798
1.404 1.11222
1.407 1.11647
1.41 1.12073
1.413 1.12499
1.416 1.12925
1.419 1.13352
1.422 1.1378
1.425 1.14208
1.428 1.14637
1.431 1.15067
1.434 1.15497
1.437 1.15928
1.44 1.16359
1.443 1.16792
1.446 1.17224
1.449 1.17658
1.452 1.18092
1.455 1.18528
1.458 1.18964
1.461 1.194
1.464 1.19838
1.467 1.20276
1.47 1.20716
1.473 1.21156
1.476 1.21597
1.479 1.22039
1.482 1.22482
1.485 1.22926
1.488 1.23371
1.491 1.23816
1.494 1.24263
1.497 1.24711
1.5 1.25161
1.503 1.25611
1.506 1.26062
1.509 1.26515
1.512 1.26968
1.515 1.27423
1.518 1.2788
1.521 1.28337
1.524 1.28796
1.527 1.29256
1.53 1.29717
1.533 1.3018
1.536 1.30644
1.539 1.3111
1.542 1.31577
1.545 1.32046
1.548 1.32516
1.551 1.32988
1.554 1.33461
1.557 1.33936
1.56 1.34413
1.563 1.34891
1.566 1.35371
1.569 1.35853
1.572 1.36337
1.575 1.36822
1.578 1.3731
1.581 1.37799
1.584 1.3829
1.587 1.38783
1.59 1.39278
1.593 1.39775
1.596 1.40275
1.599 1.40776
1.602 1.41279
1.605 1.41785
1.608 1.42293
1.611 1.42803
1.614 1.43316
1.617 1.4383
1.62 1.44348
1.623 1.44867
1.626 1.45389
1.629 1.45914
1.632 1.46441
1.635 1.4697
1.638 1.47502
1.641 1.48037
1.644 1.48575
1.647 1.49115
1.65 1.49658
1.653 1.50204
1.656 1.50753
1.659 1.51304
1.662 1.51859
1.665 1.52417
1.668 1.52977
1.671 1.53541
1.674 1.54107
1.677 1.54677
1.68 1.5525
1.683 1.55827
1.686 1.56406
1.689 1.56989
1.692 1.57575
1.695 1.58165
1.698 1.58758
1.701 1.59354
1.704 1.59954
1.707 1.60558
1.71 1.61165
1.713 1.61776
1.716 1.6239
1.719 1.63009
1.722 1.63631
1.725 1.64256
1.728 1.64886
1.731 1.6552
1.734 1.66157
1.737 1.66798
1.74 1.67444
1.743 1.68093
1.746 1.68747
1.749 1.69404
1.752 1.70066
1.755 1.70732
1.758 1.71402
1.761 1.72077
1.764 1.72755
1.767 1.73439
1.77 1.74126
1.773 1.74818
1.776 1.75514
1.779 1.76215
1.782 1.7692
1.785 1.7763
1.788 1.78344
1.791 1.79063
1.794 1.79786
1.797 1.80514
1.8 1.81247
1.803 1.81984
1.806 1.82726
1.809 1.83472
1.812 1.84224
1.815 1.8498
1.818 1.85741
1.821 1.86507
1.824 1.87277
1.827 1.88053
1.83 1.88833
1.833 1.89618
1.836 1.90408
1.839 1.91202
1.842 1.92002
1.845 1.92806
1.848 1.93615
1.851 1.94429
1.854 1.95248
1.857 1.96072
1.86 1.96901
1.863 1.97734
1.866 1.98573
1.869 1.99416
1.872 2.00264
1.875 2.01116
1.878 2.01974
1.881 2.02836
1.884 2.03703
1.887 2.04575
1.89 2.05452
1.893 2.06333
1.896 2.07218
1.899 2.08109
1.902 2.09004
1.905 2.09903
1.908 2.10807
1.911 2.11716
1.914 2.12629
1.917 2.13546
1.92 2.14468
1.923 2.15393
1.926 2.16324
1.929 2.17258
1.932 2.18196
1.935 2.19139
1.938 2.20085
1.941 2.21036
1.944 2.2199
1.947 2.22948
1.95 2.2391
1.953 2.24875
1.956 2.25845
1.959 2.26817
1.962 2.27793
1.965 2.28773
1.968 2.29755
1.971 2.30741
1.974 2.3173
1.977 2.32722
1.98 2.33717
1.983 2.34715
1.986 2.35716
1.989 2.36719
1.992 2.37725
1.995 2.38733
1.998 2.39744
2.001 2.40757
2.004 2.41772
2.007 2.42789
2.01 2.43808
2.013 2.44829
2.016 2.45852
2.019 2.46876
2.022 2.47902
2.025 2.48929
2.028 2.49957
2.031 2.50987
2.034 2.52018
2.037 2.53049
2.04 2.54082
2.043 2.55115
2.046 2.56149
2.049 2.57183
2.052 2.58218
2.055 2.59253
2.058 2.60288
2.061 2.61323
2.064 2.62358
2.067 2.63393
2.07 2.64427
2.073 2.65461
2.076 2.66495
2.079 2.67527
2.082 2.68559
2.085 2.69591
2.088 2.70621
2.091 2.71649
2.094 2.72677
2.097 2.73703
2.1 2.74728
2.103 2.75751
2.106 2.76772
2.109 2.77792
2.112 2.7881
2.115 2.79825
2.118 2.80839
2.121 2.8185
2.124 2.82859
2.127 2.83865
2.13 2.84869
2.133 2.8587
2.136 2.86868
2.139 2.87864
2.142 2.88856
2.145 2.89846
2.148 2.90832
2.151 2.91815
2.154 2.92795
2.157 2.93771
2.16 2.94743
2.163 2.95712
2.166 2.96678
2.169 2.97639
2.172 2.98597
2.175 2.9955
2.178 3.005
2.181 3.01445
2.184 3.02386
2.187 3.03323
2.19 3.04256
2.193 3.05184
2.196 3.06108
2.199 3.07026
2.202 3.07941
2.205 3.0885
2.208 3.09755
2.211 3.10655
2.214 3.1155
2.217 3.1244
2.22 3.13325
2.223 3.14205
2.226 3.1508
2.229 3.15949
2.232 3.16813
2.235 3.17672
2.238 3.18526
2.241 3.19374
2.244 3.20216
2.247 3.21054
2.25 3.21885
2.253 3.22711
2.256 3.23531
2.259 3.24346
2.262 3.25155
2.265 3.25958
2.268 3.26755
2.271 3.27546
2.274 3.28332
2.277 3.29112
2.28 3.29885
2.283 3.30653
2.286 3.31415
2.289 3.32171
2.292 3.3292
2.295 3.33664
2.298 3.34402
2.301 3.35133
2.304 3.35859
2.307 3.36578
2.31 3.37291
2.313 3.37998
2.316 3.38699
2.319 3.39393
2.322 3.40082
2.325 3.40764
2.328 3.4144
2.331 3.4211
2.334 3.42774
2.337 3.43431
2.34 3.44082
2.343 3.44727
2.346 3.45366
2.349 3.45999
2.352 3.46625
2.355 3.47246
2.358 3.4786
2.361 3.48468
2.364 3.4907
2.367 3.49665
2.37 3.50255
2.373 3.50838
2.376 3.51415
2.379 3.51987
2.382 3.52552
2.385 3.53111
2.388 3.53664
2.391 3.54211
2.394 3.54752
2.397 3.55288
2.4 3.55817
2.403 3.5634
2.406 3.56858
2.409 3.57369
2.412 3.57875
2.415 3.58375
2.418 3.5887
2.421 3.59358
2.424 3.59841
2.427 3.60318
2.43 3.6079
2.433 3.61256
2.436 3.61716
2.439 3.62171
2.442 3.62621
2.445 3.63065
2.448 3.63503
2.451 3.63936
2.454 3.64364
2.457 3.64787
2.46 3.65204
2.463 3.65616
2.466 3.66023
2.469 3.66425
2.472 3.66822
2.475 3.67213
2.478 3.676
2.481 3.67982
2.484 3.68359
2.487 3.68731
2.49 3.69098
2.493 3.6946
2.496 3.69818
2.499 3.70171
2.502 3.70519
2.505 3.70862
2.508 3.71202
2.511 3.71536
2.514 3.71866
2.517 3.72192
2.52 3.72513
2.523 3.7283
2.526 3.73143
2.529 3.73451
2.532 3.73756
2.535 3.74056
2.538 3.74352
2.541 3.74643
2.544 3.74931
2.547 3.75215
2.55 3.75495
2.553 3.75771
2.556 3.76044
2.559 3.76312
2.562 3.76577
2.565 3.76838
2.568 3.77095
2.571 3.77349
2.574 3.77599
2.577 3.77846
2.58 3.78089
2.583 3.78329
2.586 3.78565
2.589 3.78798
2.592 3.79028
2.595 3.79254
2.598 3.79477
2.601 3.79697
2.604 3.79914
2.607 3.80128
2.61 3.80338
2.613 3.80546
2.616 3.8075
2.619 3.80952
2.622 3.81151
2.625 3.81346
2.628 3.81539
2.631 3.81729
2.634 3.81917
2.637 3.82101
2.64 3.82283
2.643 3.82463
2.646 3.82639
2.649 3.82814
2.652 3.82985
2.655 3.83154
2.658 3.83321
2.661 3.83485
2.664 3.83647
2.667 3.83806
2.67 3.83963
2.673 3.84118
2.676 3.8427
2.679 3.8442
2.682 3.84568
2.685 3.84714
2.688 3.84858
2.691 3.84999
2.694 3.85138
2.697 3.85276
2.7 3.85411
2.703 3.85544
2.706 3.85676
2.709 3.85805
2.712 3.85932
2.715 3.86058
2.718 3.86182
2.721 3.86304
2.724 3.86424
2.727 3.86542
2.73 3.86658
2.733 3.86773
2.736 3.86886
2.739 3.86998
2.742 3.87107
2.745 3.87215
2.748 3.87322
2.751 3.87427
2.754 3.8753
2.757 3.87632
2.76 3.87732
2.763 3.87831
2.766 3.87928
2.769 3.88024
2.772 3.88119
2.775 3.88212
2.778 3.88303
2.781 3.88393
2.784 3.88482
2.787 3.8857
2.79 3.88656
2.793 3.88741
2.796 3.88825
2.799 3.88907
2.802 3.88989
2.805 3.89069
2.808 3.89147
2.811 3.89225
2.814 3.89302
2.817 3.89377
2.82 3.89451
2.823 3.89524
2.826 3.89596
2.829 3.89667
2.832 3.89737
2.835 3.89806
2.838 3.89874
2.841 3.89941
2.844 3.90007
2.847 3.90071
2.85 3.90135
2.853 3.90198
2.856 3.9026
2.859 3.90321
2.862 3.90382
2.865 3.90441
2.868 3.90499
2.871 3.90557
2.874 3.90613
2.877 3.90669
2.88 3.90724
2.883 3.90778
2.886 3.90832
2.889 3.90884
2.892 3.90936
2.895 3.90987
2.898 3.91037
2.901 3.91087
2.904 3.91135
2.907 3.91184
2.91 3.91231
2.913 3.91277
2.916 3.91323
2.919 3.91369
2.922 3.91413
2.925 3.91457
2.928 3.915
2.931 3.91543
2.934 3.91585
2.937 3.91626
2.94 3.91667
2.943 3.91707
2.946 3.91747
2.949 3.91786
2.952 3.91824
2.955 3.91862
2.958 3.91899
2.961 3.91936
2.964 3.91972
2.967 3.92008
2.97 3.92043
2.973 3.92077
2.976 3.92111
2.979 3.92145
2.982 3.92178
2.985 3.92211
2.988 3.92243
2.991 3.92274
2.994 3.92305
2.997 3.92336
3 3.92366
3.001 0
