0 -10
0.003 -6.15829
0.006 -6.15457
0.009 -6.15083
0.012 -6.14707
0.015 -6.14329
0.018 -6.13949
0.021 -6.13567
0.024 -6.13183
0.027 -6.12797
0.03 -6.12408
0.033 -6.12018
0.036 -6.11625
0.039 -6.11231
0.042 -6.10834
0.045 -6.10435
0.048 -6.10034
0.051 -6.09631
0.054 -6.09226
0.057 -6.08819
0.06 -6.0841
0.063 -6.07999
0.066 -6.07585
0.069 -6.07169
0.072 -6.06752
0.075 -6.06332
0.078 -6.0591
0.081 -6.05486
0.084 -6.0506
0.087 -6.04632
0.09 -6.04201
0.093 -6.03769
0.096 -6.03334
0.099 -6.02898
0.102 -6.02459
0.105 -6.02018
0.108 -6.01575
0.111 -6.0113
0.114 -6.00683
0.117 -6.00233
0.12 -5.99782
0.123 -5.99329
0.126 -5.98873
0.129 -5.98415
0.132 -5.97955
0.135 -5.97494
0.138 -5.9703
0.141 -5.96564
0.144 -5.96096
0.147 -5.95625
0.15 -5.95153
0.153 -5.94679
0.156 -5.94202
0.159 -5.93724
0.162 -5.93243
0.165 -5.92761
0.168 -5.92276
0.171 -5.9179
0.174 -5.91301
0.177 -5.9081
0.18 -5.90318
0.183 -5.89823
0.186 -5.89326
0.189 -5.88827
0.192 -5.88327
0.195 -5.87824
0.198 -5.87319
0.201 -5.86812
0.204 -5.86304
0.207 -5.85793
0.21 -5.85281
0.213 -5.84766
0.216 -5.8425
0.219 -5.83731
0.222 -5.83211
0.225 -5.82689
0.228 -5.82165
0.231 -5.81639
0.234 -5.81111
0.237 -5.80581
0.24 -5.80049
0.243 -5.79516
0.246 -5.78981
0.249 -5.78443
0.252 -5.77905
0.255 -5.77364
0.258 -5.76821
0.261 -5.76277
0.264 -5.75731
0.267 -5.75183
0.27 -5.74633
0.273 -5.74082
0.276 -5.73529
0.279 -5.72974
0.282 -5.72418
0.285 -5.7186
0.288 -5.713
0.291 -5.70739
0.294 -5.70176
0.297 -5.69611
0.3 -5.69045
0.303 -5.68477
0.306 -5.67908
0.309 -5.67337
0.312 -5.66764
0.315 -5.6619
0.318 -5.65615
0.321 -5.65038
0.324 -5.64459
0.327 -5.63879
0.33 -5.63298
0.333 -5.62715
0.336 -5.62131
0.339 -5.61545
0.342 -5.60958
0.345 -5.6037
0.348 -5.5978
0.351 -5.59189
0.354 -5.58597
0.357 -5.58003
0.36 -5.57408
0.363 -5.56812
0.366 -5.56215
0.369 -5.55616
0.372 -5.55016
0.375 -5.54416
0.378 -5.53814
0.381 -5.5321
0.384 -5.52606
0.387 -5.52001
0.39 -5.51394
0.393 -5.50787
0.396 -5.50178
0.399 -5.49569
0.402 -5.48958
0.405 -5.48347
0.408 -5.47735
0.411 -5.47121
0.414 -5.46507
0.417 -5.45892
0.42 -5.45276
0.423 -5.44659
0.426 -5.44042
0.429 -5.43423
0.432 -5.42804
0.435 -5.42184
0.438 -5.41564
0.441 -5.40943
0.444 -5.40321
0.447 -5.39698
0.45 -5.39075
0.453 -5.38451
0.456 -5.37826
0.459 -5.37201
0.462 -5.36576
0.465 -5.3595
0.468 -5.35323
0.471 -5.34696
0.474 -5.34069
0.477 -5.33441
0.48 -5.32812
0.483 -5.32184
0.486 -5.31554
0.489 -5.30925
0.492 -5.30295
0.495 -5.29665
0.498 -5.29035
0.501 -5.28404
0.504 -5.27773
0.507 -5.27142
0.51 -5.26511
0.513 -5.2588
0.516 -5.25248
0.519 -5.24617
0.522 -5.23985
0.525 -5.23354
0.528 -5.22722
0.531 -5.2209
0.534 -5.21458
0.537 -5.20826
0.54 -5.20195
0.543 -5.19563
0.546 -5.18931
0.549 -5.183
0.552 -5.17669
0.555 -5.17037
0.558 -5.16406
0.561 -5.15776
0.564 -5.15145
0.567 -5.14515
0.57 -5.13885
0.573 -5.13255
0.576 -5.12625
0.579 -5.11996
0.582 -5.11367
0.585 -5.10739
0.588 -5.10111
0.591 -5.09483
0.594 -5.08856
0.597 -5.08229
0.6 -5.07603
0.603 -5.06977
0.606 -5.06352
0.609 -5.05727
0.612 -5.05103
0.615 -5.04479
0.618 -5.03856
0.621 -5.03234
0.624 -5.02612
0.627 -5.01991
0.63 -5.0137
0.633 -5.0075
0.636 -5.00131
0.639 -4.99513
0.642 -4.98895
0.645 -4.98278
0.648 -4.97662
0.651 -4.97046
0.654 -4.96432
0.657 -4.95818
0.66 -4.95205
0.663 -4.94593
0.666 -4.93982
0.669 -4.93371
0.672 -4.92762
0.675 -4.92153
0.678 -4.91546
0.681 -4.90939
0.684 -4.90333
0.687 -4.89728
0.69 -4.89125
0.693 -4.88522
0.696 -4.8792
0.699 -4.87319
0.702 -4.8672
0.705 -4.86121
0.708 -4.85524
0.711 -4.84927
0.714 -4.84332
0.717 -4.83737
0.72 -4.83144
0.723 -4.82552
0.726 -4.81961
0.729 -4.81371
0.732 -4.80783
0.735 -4.80196
0.738 -4.79609
0.741 -4.79024
0.744 -4.7844
0.747 -4.77858
0.75 -4.77276
0.753 -4.76696
0.756 -4.76117
0.759 -4.7554
0.762 -4.74963
0.765 -4.74388
0.768 -4.73814
0.771 -4.73242
0.774 -4.72671
0.777 -4.72101
0.78 -4.71532
0.783 -4.70965
0.786 -4.70399
0.789 -4.69834
0.792 -4.69271
0.795 -4.68709
0.798 -4.68148
0.801 -4.67589
0.804 -4.67031
0.807 -4.66475
0.81 -4.65919
0.813 -4.65366
0.816 -4.64813
0.819 -4.64262
0.822 -4.63713
0.825 -4.63164
0.828 -4.62618
0.831 -4.62072
0.834 -4.61528
0.837 -4.60986
0.84 -4.60444
0.843 -4.59905
0.846 -4.59366
0.849 -4.58829
0.852 -4.58294
0.855 -4.5776
0.858 -4.57227
0.861 -4.56696
0.864 -4.56166
0.867 -4.55638
0.87 -4.55111
0.873 -4.54586
0.876 -4.54062
0.879 -4.53539
0.882 -4.53018
0.885 -4.52498
0.888 -4.5198
0.891 -4.51463
0.894 -4.50948
0.897 -4.50434
0.9 -4.49921
0.903 -4.4941
0.906 -4.48901
0.909 -4.48392
0.912 -4.47886
0.915 -4.4738
0.918 -4.46876
0.921 -4.46374
0.924 -4.45873
0.927 -4.45373
0.93 -4.44875
0.933 -4.44378
0.936 -4.43883
0.939 -4.43389
0.942 -4.42897
0.945 -4.42406
0.948 -4.41916
0.951 -4.41428
0.954 -4.40941
0.957 -4.40455
0.96 -4.39971
0.963 -4.39489
0.966 -4.39007
0.969 -4.38527
0.972 -4.38049
0.975 -4.37572
0.978 -4.37096
0.981 -4.36622
0.984 -4.36149
0.987 -4.35677
0.99 -4.35207
0.993 -4.34738
0.996 -4.3427
0.999 -4.33804
1.002 -4.33339
1.005 -4.32875
1.008 -4.32413
1.011 -4.31952
1.014 -4.31492
1.017 -4.31034
1.02 -4.30577
1.023 -4.30121
1.026 -4.29667
1.029 -4.29213
1.032 -4.28761
1.035 -4.28311
1.038 -4.27862
1.041 -4.27413
1.044 -4.26967
1.047 -4.26521
1.05 -4.26077
1.053 -4.25634
1.056 -4.25192
1.059 -4.24751
1.062 -4.24312
1.065 -4.23873
1.068 -4.23436
1.071 -4.23001
1.074 -4.22566
1.077 -4.22133
1.08 -4.217
1.083 -4.21269
1.086 -4.20839
1.089 -4.20411
1.092 -4.19983
1.095 -4.19556
1.098 -4.19131
1.101 -4.18707
1.104 -4.18284
1.107 -4.17862
1.11 -4.17441
1.113 -4.17021
1.116 -4.16602
1.119 -4.16185
1.122 -4.15768
1.125 -4.15353
1.128 -4.14938
1.131 -4.14525
1.134 -4.14113
1.137 -4.13701
1.14 -4.13291
1.143 -4.12882
1.146 -4.12474
1.149 -4.12067
1.152 -4.1166
1.155 -4.11255
1.158 -4.10851
1.161 -4.10448
1.164 -4.10045
1.167 -4.09644
1.17 -4.09244
1.173 -4.08844
1.176 -4.08446
1.179 -4.08048
1.182 -4.07651
1.185 -4.07256
1.188 -4.06861
1.191 -4.06467
1.194 -4.06074
1.197 -4.05682
1.2 -4.0529
1.203 -4.049
1.206 -4.0451
1.209 -4.04121
1.212 -4.03733
1.215 -4.03346
1.218 -4.0296
1.221 -4.02575
1.224 -4.0219
1.227 -4.01806
1.23 -4.01423
1.233 -4.01041
1.236 -4.00659
1.239 -4.00279
1.242 -3.99899
1.245 -3.99519
1.248 -3.99141
1.251 -3.98763
1.254 -3.98386
1.257 -3.9801
1.26 -3.97634
1.263 -3.97259
1.266 -3.96885
1.269 -3.96512
1.272 -3.96139
1.275 -3.95767
1.278 -3.95395
1.281 -3.95025
1.284 -3.94654
1.287 -3.94285
1.29 -3.93916
1.293 -3.93548
1.296 -3.9318
1.299 -3.92813
1.302 -3.92447
1.305 -3.92081
1.308 -3.91715
1.311 -3.91351
1.314 -3.90987
1.317 -3.90623
1.32 -3.9026
1.323 -3.89898
1.326 -3.89536
1.329 -3.89174
1.332 -3.88814
1.335 -3.88453
1.338 -3.88093
1.341 -3.87734
1.344 -3.87375
1.347 -3.87017
1.35 -3.86659
1.353 -3.86302
1.356 -3.85945
1.359 -3.85588
1.362 -3.85232
1.365 -3.84877
1.368 -3.84522
1.371 -3.84167
1.374 -3.83813
1.377 -3.83459
1.38 -3.83106
1.383 -3.82753
1.386 -3.824
1.389 -3.82048
1.392 -3.81696
1.395 -3.81345
1.398 -3.80994
1.401 -3.80643
1.404 -3.80293
1.407 -3.79943
1.41 -3.79593
1.413 -3.79244
1.416 -3.78895
1.419 -3.78547
1.422 -3.78198
1.425 -3.7785
1.428 -3.77503
1.431 -3.77155
1.434 -3.76808
1.437 -3.76461
1.44 -3.76115
1.443 -3.75769
1.446 -3.75423
1.449 -3.75077
1.452 -3.74732
1.455 -3.74387
1.458 -3.74042
1.461 -3.73697
1.464 -3.73353
1.467 -3.73009
1.47 -3.72665
1.473 -3.72321
1.476 -3.71978
1.479 -3.71635
1.482 -3.71292
1.485 -3.70949
1.488 -3.70606
1.491 -3.70264
1.494 -3.69922
1.497 -3.6958
1.5 -3.69238
1.503 -3.68896
1.506 -3.68555
1.509 -3.68214
1.512 -3.67872
1.515 -3.67532
1.518 -3.67191
1.521 -3.6685
1.524 -3.6651
1.527 -3.66169
1.53 -3.65829
1.533 -3.65489
1.536 -3.65149
1.539 -3.64809
1.542 -3.6447
1.545 -3.6413
1.548 -3.63791
1.551 -3.63452
1.554 -3.63113
1.557 -3.62774
1.56 -3.62435
1.563 -3.62096
1.566 -3.61757
1.569 -3.61419
1.572 -3.61081
1.575 -3.60742
1.578 -3.60404
1.581 -3.60066
1.584 -3.59728
1.587 -3.5939
1.59 -3.59052
1.593 -3.58715
1.596 -3.58377
1.599 -3.58039
1.602 -3.57702
1.605 -3.57365
1.608 -3.57027
1.611 -3.5669
1.614 -3.56353
1.617 -3.56016
1.62 -3.55679
1.623 -3.55343
1.626 -3.55006
1.629 -3.54669
1.632 -3.54333
1.635 -3.53997
1.638 -3.5366
1.641 -3.53324
1.644 -3.52988
1.647 -3.52652
1.65 -3.52316
1.653 -3.5198
1.656 -3.51645
1.659 -3.51309
1.662 -3.50973
1.665 -3.50638
1.668 -3.50303
1.671 -3.49968
1.674 -3.49633
1.677 -3.49298
1.68 -3.48963
1.683 -3.48628
1.686 -3.48294
1.689 -3.47959
1.692 -3.47625
1.695 -3.47291
1.698 -3.46957
1.701 -3.46623
1.704 -3.46289
1.707 -3.45956
1.71 -3.45623
1.713 -3.45289
1.716 -3.44956
1.719 -3.44624
1.722 -3.44291
1.725 -3.43959
1.728 -3.43626
1.731 -3.43294
1.734 -3.42963
1.737 -3.42631
1.74 -3.423
1.743 -3.41969
1.746 -3.41638
1.749 -3.41307
1.752 -3.40977
1.755 -3.40647
1.758 -3.40317
1.761 -3.39987
1.764 -3.39658
1.767 -3.39329
1.77 -3.39
1.773 -3.38672
1.776 -3.38344
1.779 -3.38017
1.782 -3.37689
1.785 -3.37363
1.788 -3.37036
1.791 -3.3671
1.794 -3.36384
1.797 -3.36059
1.8 -3.35734
1.803 -3.3541
1.806 -3.35086
1.809 -3.34762
1.812 -3.34439
1.815 -3.34117
1.818 -3.33795
1.821 -3.33473
1.824 -3.33152
1.827 -3.32832
1.83 -3.32512
1.833 -3.32193
1.836 -3.31874
1.839 -3.31556
1.842 -3.31239
1.845 -3.30922
1.848 -3.30606
1.851 -3.30291
1.854 -3.29976
1.857 -3.29662
1.86 -3.29349
1.863 -3.29036
1.866 -3.28725
1.869 -3.28414
1.872 -3.28104
1.875 -3.27794
1.878 -3.27486
1.881 -3.27178
1.884 -3.26872
1.887 -3.26566
1.89 -3.26261
1.893 -3.25957
1.896 -3.25655
1.899 -3.25353
1.902 -3.25052
1.905 -3.24752
1.908 -3.24453
1.911 -3.24156
1.914 -3.23859
1.917 -3.23564
1.92 -3.2327
1.923 -3.22977
1.926 -3.22685
1.929 -3.22394
1.932 -3.22105
1.935 -3.21817
1.938 -3.2153
1.941 -3.21245
1.944 -3.20961
1.947 -3.20678
1.95 -3.20397
1.953 -3.20117
1.956 -3.19839
1.959 -3.19562
1.962 -3.19287
1.965 -3.19013
1.968 -3.1874
1.971 -3.1847
1.974 -3.18201
1.977 -3.17933
1.98 -3.17668
1.983 -3.17404
1.986 -3.17141
1.989 -3.16881
1.992 -3.16622
1.995 -3.16365
1.998 -3.1611
2.001 -3.15856
2.004 -3.15605
2.007 -3.15355
2.01 -3.15108
2.013 -3.14862
2.016 -3.14618
2.019 -3.14377
2.022 -3.14137
2.025 -3.13899
2.028 -3.13664
2.031 -3.1343
2.034 -3.13199
2.037 -3.1297
2.04 -3.12743
2.043 -3.12519
2.046 -3.12296
2.049 -3.12076
2.052 -3.11858
2.055 -3.11642
2.058 -3.11429
2.061 -3.11218
2.064 -3.1101
2.067 -3.10804
2.07 -3.106
2.073 -3.10399
2.076 -3.102
2.079 -3.10003
2.082 -3.0981
2.085 -3.09618
2.088 -3.09429
2.091 -3.09243
2.094 -3.0906
2.097 -3.08879
2.1 -3.087
2.103 -3.08524
2.106 -3.08351
2.109 -3.08181
2.112 -3.08013
2.115 -3.07848
2.118 -3.07685
2.121 -3.07526
2.124 -3.07369
2.127 -3.07214
2.13 -3.07063
2.133 -3.06914
2.136 -3.06768
2.139 -3.06625
2.142 -3.06485
2.145 -3.06347
2.148 -3.06212
2.151 -3.0608
2.154 -3.05951
2.157 -3.05825
2.16 -3.05701
2.163 -3.05581
2.166 -3.05463
2.169 -3.05348
2.172 -3.05236
2.175 -3.05127
2.178 -3.0502
2.181 -3.04917
2.184 -3.04816
2.187 -3.04719
2.19 -3.04624
2.193 -3.04531
2.196 -3.04442
2.199 -3.04356
2.202 -3.04272
2.205 -3.04192
2.208 -3.04114
2.211 -3.04039
2.214 -3.03966
2.217 -3.03897
2.22 -3.0383
2.223 -3.03766
2.226 -3.03705
2.229 -3.03647
2.232 -3.03591
2.235 -3.03539
2.238 -3.03489
2.241 -3.03441
2.244 -3.03397
2.247 -3.03355
2.25 -3.03316
2.253 -3.03279
2.256 -3.03245
2.259 -3.03214
2.262 -3.03185
2.265 -3.03159
2.268 -3.03136
2.271 -3.03115
2.274 -3.03097
2.277 -3.03081
2.28 -3.03068
2.283 -3.03057
2.286 -3.03049
2.289 -3.03043
2.292 -3.0304
2.295 -3.03039
2.298 -3.03041
2.301 -3.03045
2.304 -3.03051
2.307 -3.03059
2.31 -3.0307
2.313 -3.03084
2.316 -3.03099
2.319 -3.03117
2.322 -3.03137
2.325 -3.03159
2.328 -3.03183
2.331 -3.03209
2.334 -3.03238
2.337 -3.03269
2.34 -3.03301
2.343 -3.03336
2.346 -3.03373
2.349 -3.03412
2.352 -3.03452
2.355 -3.03495
2.358 -3.0354
2.361 -3.03586
2.364 -3.03634
2.367 -3.03685
2.37 -3.03737
2.373 -3.0379
2.376 -3.03846
2.379 -3.03903
2.382 -3.03962
2.385 -3.04023
2.388 -3.04085
2.391 -3.04149
2.394 -3.04214
2.397 -3.04281
2.4 -3.0435
2.403 -3.0442
2.406 -3.04492
2.409 -3.04565
2.412 -3.04639
2.415 -3.04715
2.418 -3.04793
2.421 -3.04871
2.424 -3.04951
2.427 -3.05033
2.43 -3.05115
2.433 -3.05199
2.436 -3.05284
2.439 -3.05371
2.442 -3.05458
2.445 -3.05547
2.448 -3.05636
2.451 -3.05727
2.454 -3.05819
2.457 -3.05912
2.46 -3.06006
2.463 -3.06101
2.466 -3.06197
2.469 -3.06294
2.472 -3.06392
2.475 -3.06491
2.478 -3.06591
2.481 -3.06691
2.484 -3.06793
2.487 -3.06895
2.49 -3.06998
2.493 -3.07102
2.496 -3.07206
2.499 -3.07312
2.502 -3.07418
2.505 -3.07524
2.508 -3.07632
2.511 -3.0774
2.514 -3.07848
2.517 -3.07958
2.52 -3.08068
2.523 -3.08178
2.526 -3.08289
2.529 -3.084
2.532 -3.08512
2.535 -3.08625
2.538 -3.08738
2.541 -3.08851
2.544 -3.08965
2.547 -3.09079
2.55 -3.09194
2.553 -3.09309
2.556 -3.09424
2.559 -3.0954
2.562 -3.09656
2.565 -3.09772
2.568 -3.09889
2.571 -3.10006
2.574 -3.10123
2.577 -3.10241
2.58 -3.10358
2.583 -3.10476
2.586 -3.10594
2.589 -3.10713
2.592 -3.10831
2.595 -3.1095
2.598 -3.11069
2.601 -3.11188
2.604 -3.11307
2.607 -3.11426
2.61 -3.11545
2.613 -3.11664
2.616 -3.11784
2.619 -3.11903
2.622 -3.12023
2.625 -3.12142
2.628 -3.12262
2.631 -3.12382
2.634 -3.12501
2.637 -3.12621
2.64 -3.1274
2.643 -3.1286
2.646 -3.12979
2.649 -3.13099
2.652 -3.13218
2.655 -3.13338
2.658 -3.13457
2.661 -3.13576
2.664 -3.13695
2.667 -3.13814
2.67 -3.13933
2.673 -3.14051
2.676 -3.1417
2.679 -3.14288
2.682 -3.14407
2.685 -3.14525
2.688 -3.14643
2.691 -3.1476
2.694 -3.14878
2.697 -3.14995
2.7 -3.15113
2.703 -3.1523
2.706 -3.15347
2.709 -3.15463
2.712 -3.15579
2.715 -3.15696
2.718 -3.15812
2.721 -3.15927
2.724 -3.16043
2.727 -3.16158
2.73 -3.16273
2.733 -3.16387
2.736 -3.16502
2.739 -3.16616
2.742 -3.1673
2.745 -3.16843
2.748 -3.16957
2.751 -3.1707
2.754 -3.17182
2.757 -3.17295
2.76 -3.17407
2.763 -3.17519
2.766 -3.1763
2.769 -3.17741
2.772 -3.17852
2.775 -3.17963
2.778 -3.18073
2.781 -3.18183
2.784 -3.18293
2.787 -3.18402
2.79 -3.18511
2.793 -3.18619
2.796 -3.18727
2.799 -3.18835
2.802 -3.18943
2.805 -3.1905
2.808 -3.19157
2.811 -3.19263
2.814 -3.19369
2.817 -3.19475
2.82 -3.19581
2.823 -3.19686
2.826 -3.1979
2.829 -3.19895
2.832 -3.19998
2.835 -3.20102
2.838 -3.20205
2.841 -3.20308
2.844 -3.20411
2.847 -3.20513
2.85 -3.20614
2.853 -3.20716
2.856 -3.20817
2.859 -3.20917
2.862 -3.21017
2.865 -3.21117
2.868 -3.21216
2.871 -3.21316
2.874 -3.21414
2.877 -3.21512
2.88 -3.2161
2.883 -3.21708
2.886 -3.21805
2.889 -3.21902
2.892 -3.21998
2.895 -3.22094
2.898 -3.22189
2.901 -3.22285
2.904 -3.22379
2.907 -3.22474
2.91 -3.22568
2.913 -3.22661
2.916 -3.22755
2.919 -3.22847
2.922 -3.2294
2.925 -3.23032
2.928 -3.23124
2.931 -3.23215
2.934 -3.23306
2.937 -3.23396
2.94 -3.23486
2.943 -3.23576
2.946 -3.23665
2.949 -3.23754
2.952 -3.23843
2.955 -3.23931
2.958 -3.24019
2.961 -3.24106
2.964 -3.24193
2.967 -3.2428
2.97 -3.24366
2.973 -3.24452
2.976 -3.24538
2.979 -3.24623
2.982 -3.24707
2.985 -3.24792
2.988 -3.24876
2.991 -3.24959
2.994 -3.25043
2.997 -3.25125
3 -3.25208
3.001 -10
