0 5
0.003 3.68019
0.006 3.67974
0.009 3.67928
0.012 3.67883
0.015 3.67837
0.018 3.67791
0.021 3.67745
0.024 3.67698
0.027 3.67651
0.03 3.67604
0.033 3.67557
0.036 3.6751
0.039 3.67462
0.042 3.67414
0.045 3.67366
0.048 3.67317
0.051 3.67268
0.054 3.67219
0.057 3.6717
0.06 3.67121
0.063 3.67071
0.066 3.67021
0.069 3.66971
0.072 3.6692
0.075 3.66869
0.078 3.66818
0.081 3.66767
0.084 3.66715
0.087 3.66664
0.09 3.66612
0.093 3.66559
0.096 3.66507
0.099 3.66454
0.102 3.66401
0.105 3.66348
0.108 3.66294
0.111 3.6624
0.114 3.66186
0.117 3.66132
0.12 3.66077
0.123 3.66023
0.126 3.65967
0.129 3.65912
0.132 3.65857
0.135 3.65801
0.138 3.65745
0.141 3.65688
0.144 3.65632
0.147 3.65575
0.15 3.65518
0.153 3.6546
0.156 3.65403
0.159 3.65345
0.162 3.65287
0.165 3.65228
0.168 3.6517
0.171 3.65111
0.174 3.65052
0.177 3.64992
0.18 3.64932
0.183 3.64873
0.186 3.64812
0.189 3.64752
0.192 3.64691
0.195 3.6463
0.198 3.64569
0.201 3.64508
0.204 3.64446
0.207 3.64384
0.21 3.64322
0.213 3.6426
0.216 3.64197
0.219 3.64134
0.222 3.64071
0.225 3.64007
0.228 3.63944
0.231 3.6388
0.234 3.63815
0.237 3.63751
0.24 3.63686
0.243 3.63621
0.246 3.63556
0.249 3.63491
0.252 3.63425
0.255 3.63359
0.258 3.63293
0.261 3.63227
0.264 3.6316
0.267 3.63093
0.27 3.63026
0.273 3.62959
0.276 3.62891
0.279 3.62823
0.282 3.62755
0.285 3.62687
0.288 3.62618
0.291 3.62549
0.294 3.6248
0.297 3.62411
0.3 3.62342
0.303 3.62272
0.306 3.62202
0.309 3.62132
0.312 3.62061
0.315 3.6199
0.318 3.6192
0.321 3.61848
0.324 3.61777
0.327 3.61705
0.33 3.61633
0.333 3.61561
0.336 3.61489
0.339 3.61417
0.342 3.61344
0.345 3.61271
0.348 3.61198
0.351 3.61124
0.354 3.6105
0.357 3.60977
0.36 3.60902
0.363 3.60828
0.366 3.60753
0.369 3.60679
0.372 3.60604
0.375 3.60528
0.378 3.60453
0.381 3.60377
0.384 3.60301
0.387 3.60225
0.39 3.60149
0.393 3.60073
0.396 3.59996
0.399 3.59919
0.402 3.59842
0.405 3.59764
0.408 3.59687
0.411 3.59609
0.414 3.59531
0.417 3.59453
0.42 3.59374
0.423 3.59296
0.426 3.59217
0.429 3.59138
0.432 3.59059
0.435 3.58979
0.438 3.589
0.441 3.5882
0.444 3.5874
0.447 3.58659
0.45 3.58579
0.453 3.58498
0.456 3.58417
0.459 3.58336
0.462 3.58255
0.465 3.58174
0.468 3.58092
0.471 3.5801
0.474 3.57928
0.477 3.57846
0.48 3.57764
0.483 3.57681
0.486 3.57599
0.489 3.57516
0.492 3.57432
0.495 3.57349
0.498 3.57266
0.501 3.57182
0.504 3.57098
0.507 3.57014
0.51 3.5693
0.513 3.56845
0.516 3.56761
0.519 3.56676
0.522 3.56591
0.525 3.56506
0.528 3.56421
0.531 3.56335
0.534 3.5625
0.537 3.56164
0.54 3.56078
0.543 3.55992
0.546 3.55905
0.549 3.55819
0.552 3.55732
0.555 3.55645
0.558 3.55558
0.561 3.55471
0.564 3.55384
0.567 3.55296
0.57 3.55209
0.573 3.55121
0.576 3.55033
0.579 3.54945
0.582 3.54856
0.585 3.54768
0.588 3.54679
0.591 3.5459
0.594 3.54501
0.597 3.54412
0.6 3.54323
0.603 3.54234
0.606 3.54144
0.609 3.54054
0.612 3.53964
0.615 3.53874
0.618 3.53784
0.621 3.53694
0.624 3.53603
0.627 3.53513
0.63 3.53422
0.633 3.53331
0.636 3.5324
0.639 3.53149
0.642 3.53057
0.645 3.52966
0.648 3.52874
0.651 3.52782
0.654 3.5269
0.657 3.52598
0.66 3.52506
0.663 3.52414
0.666 3.52321
0.669 3.52229
0.672 3.52136
0.675 3.52043
0.678 3.5195
0.681 3.51857
0.684 3.51763
0.687 3.5167
0.69 3.51576
0.693 3.51483
0.696 3.51389
0.699 3.51295
0.702 3.51201
0.705 3.51107
0.708 3.51012
0.711 3.50918
0.714 3.50823
0.717 3.50728
0.72 3.50633
0.723 3.50538
0.726 3.50443
0.729 3.50348
0.732 3.50253
0.735 3.50157
0.738 3.50062
0.741 3.49966
0.744 3.4987
0.747 3.49774
0.75 3.49678
0.753 3.49582
0.756 3.49485
0.759 3.49389
0.762 3.49292
0.765 3.49196
0.768 3.49099
0.771 3.49002
0.774 3.48905
0.777 3.48808
0.78 3.4871
0.783 3.48613
0.786 3.48515
0.789 3.48418
0.792 3.4832
0.795 3.48222
0.798 3.48124
0.801 3.48026
0.804 3.47928
0.807 3.4783
0.81 3.47731
0.813 3.47633
0.816 3.47534
0.819 3.47435
0.822 3.47336
0.825 3.47237
0.828 3.47138
0.831 3.47039
0.834 3.4694
0.837 3.4684
0.84 3.46741
0.843 3.46641
0.846 3.46541
0.849 3.46442
0.852 3.46342
0.855 3.46242
0.858 3.46141
0.861 3.46041
0.864 3.45941
0.867 3.4584
0.87 3.4574
0.873 3.45639
0.876 3.45538
0.879 3.45437
0.882 3.45336
0.885 3.45235
0.888 3.45134
0.891 3.45033
0.894 3.44931
0.897 3.4483
0.9 3.44728
0.903 3.44626
0.906 3.44524
0.909 3.44422
0.912 3.4432
0.915 3.44218
0.918 3.44116
0.921 3.44013
0.924 3.43911
0.927 3.43808
0.93 3.43705
0.933 3.43603
0.936 3.435
0.939 3.43397
0.942 3.43293
0.945 3.4319
0.948 3.43087
0.951 3.42983
0.954 3.4288
0.957 3.42776
0.96 3.42672
0.963 3.42568
0.966 3.42464
0.969 3.4236
0.972 3.42256
0.975 3.42151
0.978 3.42047
0.981 3.41942
0.984 3.41837
0.987 3.41733
0.99 3.41628
0.993 3.41523
0.996 3.41417
0.999 3.41312
1.002 3.41207
1.005 3.41101
1.008 3.40995
1.011 3.4089
1.014 3.40784
1.017 3.40678
1.02 3.40572
1.023 3.40465
1.026 3.40359
1.029 3.40252
1.032 3.40146
1.035 3.40039
1.038 3.39932
1.041 3.39825
1.044 3.39718
1.047 3.3961
1.05 3.39503
1.053 3.39396
1.056 3.39288
1.059 3.3918
1.062 3.39072
1.065 3.38964
1.068 3.38856
1.071 3.38747
1.074 3.38639
1.077 3.3853
1.08 3.38421
1.083 3.38312
1.086 3.38203
1.089 3.38094
1.092 3.37985
1.095 3.37875
1.098 3.37766
1.101 3.37656
1.104 3.37546
1.107 3.37436
1.11 3.37325
1.113 3.37215
1.116 3.37104
1.119 3.36994
1.122 3.36883
1.125 3.36772
1.128 3.3666
1.131 3.36549
1.134 3.36437
1.137 3.36325
1.14 3.36214
1.143 3.36101
1.146 3.35989
1.149 3.35877
1.152 3.35764
1.155 3.35651
1.158 3.35538
1.161 3.35425
1.164 3.35312
1.167 3.35198
1.17 3.35085
1.173 3.34971
1.176 3.34857
1.179 3.34742
1.182 3.34628
1.185 3.34513
1.188 3.34398
1.191 3.34283
1.194 3.34168
1.197 3.34052
1.2 3.33937
1.203 3.33821
1.206 3.33704
1.209 3.33588
1.212 3.33471
1.215 3.33355
1.218 3.33238
1.221 3.3312
1.224 3.33003
1.227 3.32885
1.23 3.32767
1.233 3.32649
1.236 3.32531
1.239 3.32412
1.242 3.32293
1.245 3.32174
1.248 3.32055
1.251 3.31935
1.254 3.31815
1.257 3.31695
1.26 3.31575
1.263 3.31454
1.266 3.31333
1.269 3.31212
1.272 3.31091
1.275 3.30969
1.278 3.30847
1.281 3.30725
1.284 3.30602
1.287 3.30479
1.29 3.30356
1.293 3.30233
1.296 3.30109
1.299 3.29985
1.302 3.29861
1.305 3.29736
1.308 3.29611
1.311 3.29486
1.314 3.29361
1.317 3.29235
1.32 3.29109
1.323 3.28982
1.326 3.28856
1.329 3.28728
1.332 3.28601
1.335 3.28473
1.338 3.28345
1.341 3.28217
1.344 3.28088
1.347 3.27959
1.35 3.27829
1.353 3.277
1.356 3.2757
1.359 3.27439
1.362 3.27308
1.365 3.27177
1.368 3.27045
1.371 3.26913
1.374 3.26781
1.377 3.26648
1.38 3.26515
1.383 3.26381
1.386 3.26248
1.389 3.26113
1.392 3.25979
1.395 3.25843
1.398 3.25708
1.401 3.25572
1.404 3.25436
1.407 3.25299
1.41 3.25162
1.413 3.25024
1.416 3.24886
1.419 3.24748
1.422 3.24609
1.425 3.24469
1.428 3.2433
1.431 3.24189
1.434 3.24049
1.437 3.23907
1.44 3.23766
1.443 3.23624
1.446 3.23481
1.449 3.23338
1.452 3.23195
1.455 3.23051
1.458 3.22906
1.461 3.22761
1.464 3.22616
1.467 3.2247
1.47 3.22323
1.473 3.22176
1.476 3.22029
1.479 3.21881
1.482 3.21732
1.485 3.21583
1.488 3.21434
1.491 3.21284
1.494 3.21133
1.497 3.20982
1.5 3.2083
1.503 3.20678
1.506 3.20525
1.509 3.20371
1.512 3.20217
1.515 3.20063
1.518 3.19908
1.521 3.19752
1.524 3.19596
1.527 3.19439
1.53 3.19282
1.533 3.19123
1.536 3.18965
1.539 3.18806
1.542 3.18646
1.545 3.18485
1.548 3.18324
1.551 3.18163
1.554 3.18
1.557 3.17837
1.56 3.17674
1.563 3.17509
1.566 3.17345
1.569 3.17179
1.572 3.17013
1.575 3.16846
1.578 3.16679
1.581 3.1651
1.584 3.16342
1.587 3.16172
1.59 3.16002
1.593 3.15831
1.596 3.1566
1.599 3.15488
1.602 3.15315
1.605 3.15141
1.608 3.14967
1.611 3.14792
1.614 3.14616
1.617 3.1444
1.62 3.14263
1.623 3.14085
1.626 3.13906
1.629 3.13727
1.632 3.13547
1.635 3.13366
1.638 3.13185
1.641 3.13003
1.644 3.1282
1.647 3.12636
1.65 3.12452
1.653 3.12267
1.656 3.12081
1.659 3.11894
1.662 3.11707
1.665 3.11519
1.668 3.1133
1.671 3.1114
1.674 3.1095
1.677 3.10758
1.68 3.10566
1.683 3.10374
1.686 3.1018
1.689 3.09986
1.692 3.09791
1.695 3.09595
1.698 3.09398
1.701 3.09201
1.704 3.09003
1.707 3.08804
1.71 3.08604
1.713 3.08404
1.716 3.08202
1.719 3.08
1.722 3.07797
1.725 3.07594
1.728 3.07389
1.731 3.07184
1.734 3.06978
1.737 3.06771
1.74 3.06564
1.743 3.06356
1.746 3.06146
1.749 3.05937
1.752 3.05726
1.755 3.05514
1.758 3.05302
1.761 3.05089
1.764 3.04876
1.767 3.04661
1.77 3.04446
1.773 3.0423
1.776 3.04013
1.779 3.03796
1.782 3.03577
1.785 3.03358
1.788 3.03139
1.791 3.02918
1.794 3.02697
1.797 3.02475
1.8 3.02252
1.803 3.02029
1.806 3.01805
1.809 3.0158
1.812 3.01355
1.815 3.01129
1.818 3.00902
1.821 3.00675
1.824 3.00446
1.827 3.00218
1.83 2.99988
1.833 2.99758
1.836 2.99528
1.839 2.99296
1.842 2.99064
1.845 2.98832
1.848 2.98599
1.851 2.98365
1.854 2.98131
1.857 2.97896
1.86 2.97661
1.863 2.97425
1.866 2.97188
1.869 2.96951
1.872 2.96714
1.875 2.96476
1.878 2.96238
1.881 2.95999
1.884 2.95759
1.887 2.9552
1.89 2.9528
1.893 2.95039
1.896 2.94798
1.899 2.94557
1.902 2.94315
1.905 2.94073
1.908 2.93831
1.911 2.93588
1.914 2.93346
1.917 2.93103
1.92 2.92859
1.923 2.92616
1.926 2.92372
1.929 2.92128
1.932 2.91884
1.935 2.91639
1.938 2.91395
1.941 2.9115
1.944 2.90906
1.947 2.90661
1.95 2.90416
1.953 2.90171
1.956 2.89927
1.959 2.89682
1.962 2.89437
1.965 2.89192
1.968 2.88948
1.971 2.88703
1.974 2.88459
1.977 2.88215
1.98 2.87971
1.983 2.87727
1.986 2.87483
1.989 2.8724
1.992 2.86997
1.995 2.86754
1.998 2.86512
2.001 2.8627
2.004 2.86028
2.007 2.85787
2.01 2.85546
2.013 2.85305
2.016 2.85065
2.019 2.84826
2.022 2.84587
2.025 2.84348
2.028 2.84111
2.031 2.83873
2.034 2.83637
2.037 2.83401
2.04 2.83165
2.043 2.82931
2.046 2.82697
2.049 2.82464
2.052 2.82232
2.055 2.82
2.058 2.81769
2.061 2.8154
2.064 2.81311
2.067 2.81083
2.07 2.80856
2.073 2.80629
2.076 2.80404
2.079 2.8018
2.082 2.79957
2.085 2.79735
2.088 2.79514
2.091 2.79294
2.094 2.79075
2.097 2.78857
2.1 2.78641
2.103 2.78425
2.106 2.78211
2.109 2.77998
2.112 2.77787
2.115 2.77576
2.118 2.77367
2.121 2.77159
2.124 2.76953
2.127 2.76748
2.13 2.76544
2.133 2.76341
2.136 2.7614
2.139 2.75941
2.142 2.75743
2.145 2.75546
2.148 2.75351
2.151 2.75157
2.154 2.74965
2.157 2.74774
2.16 2.74585
2.163 2.74397
2.166 2.74211
2.169 2.74027
2.172 2.73844
2.175 2.73662
2.178 2.73483
2.181 2.73305
2.184 2.73128
2.187 2.72953
2.19 2.7278
2.193 2.72609
2.196 2.72439
2.199 2.7227
2.202 2.72104
2.205 2.71939
2.208 2.71776
2.211 2.71614
2.214 2.71455
2.217 2.71297
2.22 2.7114
2.223 2.70986
2.226 2.70833
2.229 2.70682
2.232 2.70532
2.235 2.70385
2.238 2.70239
2.241 2.70094
2.244 2.69952
2.247 2.69811
2.25 2.69672
2.253 2.69535
2.256 2.69399
2.259 2.69265
2.262 2.69133
2.265 2.69003
2.268 2.68874
2.271 2.68747
2.274 2.68622
2.277 2.68499
2.28 2.68377
2.283 2.68257
2.286 2.68138
2.289 2.68022
2.292 2.67907
2.295 2.67793
2.298 2.67682
2.301 2.67572
2.304 2.67464
2.307 2.67357
2.31 2.67252
2.313 2.67149
2.316 2.67047
2.319 2.66947
2.322 2.66848
2.325 2.66751
2.328 2.66656
2.331 2.66562
2.334 2.6647
2.337 2.6638
2.34 2.66291
2.343 2.66203
2.346 2.66117
2.349 2.66033
2.352 2.6595
2.355 2.65869
2.358 2.65789
2.361 2.6571
2.364 2.65633
2.367 2.65558
2.37 2.65484
2.373 2.65411
2.376 2.6534
2.379 2.6527
2.382 2.65202
2.385 2.65135
2.388 2.65069
2.391 2.65005
2.394 2.64942
2.397 2.6488
2.4 2.6482
2.403 2.64761
2.406 2.64703
2.409 2.64646
2.412 2.64591
2.415 2.64537
2.418 2.64484
2.421 2.64433
2.424 2.64382
2.427 2.64333
2.43 2.64285
2.433 2.64238
2.436 2.64192
2.439 2.64148
2.442 2.64104
2.445 2.64062
2.448 2.64021
2.451 2.63981
2.454 2.63941
2.457 2.63903
2.46 2.63866
2.463 2.6383
2.466 2.63795
2.469 2.63761
2.472 2.63728
2.475 2.63696
2.478 2.63665
2.481 2.63635
2.484 2.63606
2.487 2.63577
2.49 2.6355
2.493 2.63523
2.496 2.63498
2.499 2.63473
2.502 2.63449
2.505 2.63426
2.508 2.63404
2.511 2.63382
2.514 2.63362
2.517 2.63342
2.52 2.63323
2.523 2.63304
2.526 2.63287
2.529 2.6327
2.532 2.63254
2.535 2.63238
2.538 2.63224
2.541 2.6321
2.544 2.63196
2.547 2.63184
2.55 2.63172
2.553 2.6316
2.556 2.63149
2.559 2.63139
2.562 2.6313
2.565 2.63121
2.568 2.63113
2.571 2.63105
2.574 2.63098
2.577 2.63091
2.58 2.63085
2.583 2.6308
2.586 2.63075
2.589 2.6307
2.592 2.63066
2.595 2.63063
2.598 2.6306
2.601 2.63058
2.604 2.63056
2.607 2.63054
2.61 2.63053
2.613 2.63052
2.616 2.63052
2.619 2.63052
2.622 2.63053
2.625 2.63054
2.628 2.63056
2.631 2.63058
2.634 2.6306
2.637 2.63062
2.64 2.63066
2.643 2.63069
2.646 2.63073
2.649 2.63077
2.652 2.63081
2.655 2.63086
2.658 2.63091
2.661 2.63096
2.664 2.63102
2.667 2.63108
2.67 2.63114
2.673 2.63121
2.676 2.63128
2.679 2.63135
2.682 2.63142
2.685 2.6315
2.688 2.63158
2.691 2.63166
2.694 2.63175
2.697 2.63183
2.7 2.63192
2.703 2.63202
2.706 2.63211
2.709 2.6322
2.712 2.6323
2.715 2.6324
2.718 2.63251
2.721 2.63261
2.724 2.63272
2.727 2.63282
2.73 2.63293
2.733 2.63304
2.736 2.63316
2.739 2.63327
2.742 2.63339
2.745 2.63351
2.748 2.63363
2.751 2.63375
2.754 2.63387
2.757 2.63399
2.76 2.63412
2.763 2.63425
2.766 2.63437
2.769 2.6345
2.772 2.63463
2.775 2.63476
2.778 2.6349
2.781 2.63503
2.784 2.63517
2.787 2.6353
2.79 2.63544
2.793 2.63558
2.796 2.63571
2.799 2.63585
2.802 2.63599
2.805 2.63613
2.808 2.63628
2.811 2.63642
2.814 2.63656
2.817 2.63671
2.82 2.63685
2.823 2.637
2.826 2.63714
2.829 2.63729
2.832 2.63744
2.835 2.63758
2.838 2.63773
2.841 2.63788
2.844 2.63803
2.847 2.63818
2.85 2.63833
2.853 2.63848
2.856 2.63863
2.859 2.63878
2.862 2.63893
2.865 2.63908
2.868 2.63923
2.871 2.63939
2.874 2.63954
2.877 2.63969
2.88 2.63984
2.883 2.64
2.886 2.64015
2.889 2.6403
2.892 2.64046
2.895 2.64061
2.898 2.64076
2.901 2.64092
2.904 2.64107
2.907 2.64123
2.91 2.64138
2.913 2.64153
2.916 2.64169
2.919 2.64184
2.922 2.64199
2.925 2.64215
2.928 2.6423
2.931 2.64246
2.934 2.64261
2.937 2.64276
2.94 2.64292
2.943 2.64307
2.946 2.64322
2.949 2.64337
2.952 2.64353
2.955 2.64368
2.958 2.64383
2.961 2.64399
2.964 2.64414
2.967 2.64429
2.97 2.64444
2.973 2.64459
2.976 2.64474
2.979 2.64489
2.982 2.64504
2.985 2.6452
2.988 2.64535
2.991 2.6455
2.994 2.64565
2.997 2.64579
3 2.64594
3.001 5
