0 0
0.003 0.524089
0.006 0.525779
0.009 0.52748
0.012 0.529191
0.015 0.530912
0.018 0.532644
0.021 0.534386
0.024 0.536139
0.027 0.537903
0.03 0.539678
0.033 0.541463
0.036 0.543259
0.039 0.545065
0.042 0.546883
0.045 0.548711
0.048 0.55055
0.051 0.5524
0.054 0.554261
0.057 0.556133
0.06 0.558017
0.063 0.559911
0.066 0.561816
0.069 0.563732
0.072 0.56566
0.075 0.567598
0.078 0.569548
0.081 0.571509
0.084 0.573482
0.087 0.575466
0.09 0.577461
0.093 0.579467
0.096 0.581485
0.099 0.583514
0.102 0.585554
0.105 0.587606
0.108 0.58967
0.111 0.591745
0.114 0.593831
0.117 0.595929
0.12 0.598039
0.123 0.60016
0.126 0.602293
0.129 0.604437
0.132 0.606593
0.135 0.608761
0.138 0.610941
0.141 0.613132
0.144 0.615335
0.147 0.617549
0.15 0.619776
0.153 0.622014
0.156 0.624264
0.159 0.626525
0.162 0.628799
0.165 0.631084
0.168 0.633382
0.171 0.635691
0.174 0.638011
0.177 0.640344
0.18 0.642689
0.183 0.645045
0.186 0.647414
0.189 0.649794
0.192 0.652186
0.195 0.65459
0.198 0.657006
0.201 0.659434
0.204 0.661873
0.207 0.664325
0.21 0.666788
0.213 0.669264
0.216 0.671751
0.219 0.67425
0.222 0.676761
0.225 0.679284
0.228 0.681819
0.231 0.684366
0.234 0.686925
0.237 0.689495
0.24 0.692077
0.243 0.694672
0.246 0.697278
0.249 0.699895
0.252 0.702525
0.255 0.705166
0.258 0.70782
0.261 0.710485
0.264 0.713161
0.267 0.71585
0.27 0.71855
0.273 0.721261
0.276 0.723985
0.279 0.72672
0.282 0.729467
0.285 0.732225
0.288 0.734995
0.291 0.737776
0.294 0.740569
0.297 0.743374
0.3 0.74619
0.303 0.749017
0.306 0.751856
0.309 0.754706
0.312 0.757567
0.315 0.76044
0.318 0.763324
0.321 0.76622
0.324 0.769126
0.327 0.772044
0.33 0.774973
0.333 0.777913
0.336 0.780864
0.339 0.783826
0.342 0.786799
0.345 0.789783
0.348 0.792777
0.351 0.795783
0.354 0.7988
0.357 0.801827
0.36 0.804865
0.363 0.807913
0.366 0.810973
0.369 0.814042
0.372 0.817123
0.375 0.820213
0.378 0.823315
0.381 0.826426
0.384 0.829548
0.387 0.83268
0.39 0.835822
0.393 0.838975
0.396 0.842137
0.399 0.84531
0.402 0.848493
0.405 0.851685
0.408 0.854887
0.411 0.858099
0.414 0.861321
0.417 0.864553
0.42 0.867794
0.423 0.871045
0.426 0.874305
0.429 0.877574
0.432 0.880853
0.435 0.884141
0.438 0.887439
0.441 0.890745
0.444 0.894061
0.447 0.897386
0.45 0.900719
0.453 0.904062
0.456 0.907413
0.459 0.910773
0.462 0.914142
0.465 0.917519
0.468 0.920905
0.471 0.9243
0.474 0.927702
0.477 0.931113
0.48 0.934533
0.483 0.93796
0.486 0.941396
0.489 0.944839
0.492 0.948291
0.495 0.95175
0.498 0.955217
0.501 0.958692
0.504 0.962175
0.507 0.965665
0.51 0.969162
0.513 0.972667
0.516 0.976179
0.519 0.979699
0.522 0.983226
0.525 0.986759
0.528 0.9903
0.531 0.993848
0.534 0.997402
0.537 1.00096
0.54 1.00453
0.543 1.00811
0.546 1.01169
0.549 1.01528
0.552 1.01887
0.555 1.02247
0.558 1.02608
0.561 1.02969
0.564 1.03331
0.567 1.03693
0.57 1.04056
0.573 1.0442
0.576 1.04784
0.579 1.05149
0.582 1.05514
0.585 1.0588
0.588 1.06247
0.591 1.06614
0.594 1.06981
0.597 1.07349
0.6 1.07718
0.603 1.08087
0.606 1.08457
0.609 1.08827
0.612 1.09197
0.615 1.09568
0.618 1.0994
0.621 1.10312
0.624 1.10684
0.627 1.11057
0.63 1.1143
0.633 1.11804
0.636 1.12178
0.639 1.12553
0.642 1.12927
0.645 1.13303
0.648 1.13679
0.651 1.14055
0.654 1.14431
0.657 1.14808
0.66 1.15185
0.663 1.15563
0.666 1.15941
0.669 1.16319
0.672 1.16698
0.675 1.17077
0.678 1.17456
0.681 1.17836
0.684 1.18216
0.687 1.18596
0.69 1.18976
0.693 1.19357
0.696 1.19738
0.699 1.2012
0.702 1.20501
0.705 1.20883
0.708 1.21265
0.711 1.21648
0.714 1.2203
0.717 1.22413
0.72 1.22796
0.723 1.2318
0.726 1.23563
0.729 1.23947
0.732 1.24331
0.735 1.24716
0.738 1.251
0.741 1.25485
0.744 1.25869
0.747 1.26254
0.75 1.2664
0.753 1.27025
0.756 1.27411
0.759 1.27796
0.762 1.28182
0.765 1.28568
0.768 1.28954
0.771 1.29341
0.774 1.29727
0.777 1.30114
0.78 1.30501
0.783 1.30887
0.786 1.31274
0.789 1.31662
0.792 1.32049
0.795 1.32436
0.798 1.32824
0.801 1.33211
0.804 1.33599
0.807 1.33987
0.81 1.34374
0.813 1.34762
0.816 1.35151
0.819 1.35539
0.822 1.35927
0.825 1.36315
0.828 1.36704
0.831 1.37092
0.834 1.37481
0.837 1.37869
0.84 1.38258
0.843 1.38647
0.846 1.39035
0.849 1.39424
0.852 1.39813
0.855 1.40202
0.858 1.40591
0.861 1.4098
0.864 1.41369
0.867 1.41758
0.87 1.42148
0.873 1.42537
0.876 1.42926
0.879 1.43315
0.882 1.43705
0.885 1.44094
0.888 1.44484
0.891 1.44873
0.894 1.45263
0.897 1.45652
0.9 1.46042
0.903 1.46431
0.906 1.46821
0.909 1.47211
0.912 1.476
0.915 1.4799
0.918 1.4838
0.921 1.4877
0.924 1.49159
0.927 1.49549
0.93 1.49939
0.933 1.50329
0.936 1.50719
0.939 1.51109
0.942 1.51499
0.945 1.51889
0.948 1.52279
0.951 1.52669
0.954 1.53059
0.957 1.53449
0.96 1.53839
0.963 1.5423
0.966 1.5462
0.969 1.5501
0.972 1.55401
0.975 1.55791
0.978 1.56181
0.981 1.56572
0.984 1.56962
0.987 1.57353
0.99 1.57743
0.993 1.58134
0.996 1.58525
0.999 1.58915
1.002 1.59306
1.005 1.59697
1.008 1.60088
1.011 1.60479
1.014 1.6087
1.017 1.61261
1.02 1.61652
1.023 1.62044
1.026 1.62435
1.029 1.62826
1.032 1.63218
1.035 1.63609
1.038 1.64001
1.041 1.64393
1.044 1.64785
1.047 1.65177
1.05 1.65569
1.053 1.65961
1.056 1.66353
1.059 1.66746
1.062 1.67138
1.065 1.67531
1.068 1.67923
1.071 1.68316
1.074 1.68709
1.077 1.69102
1.08 1.69496
1.083 1.69889
1.086 1.70282
1.089 1.70676
1.092 1.7107
1.095 1.71464
1.098 1.71858
1.101 1.72252
1.104 1.72647
1.107 1.73042
1.11 1.73437
1.113 1.73832
1.116 1.74227
1.119 1.74622
1.122 1.75018
1.125 1.75414
1.128 1.7581
1.131 1.76206
1.134 1.76603
1.137 1.77
1.14 1.77397
1.143 1.77794
1.146 1.78191
1.149 1.78589
1.152 1.78987
1.155 1.79385
1.158 1.79784
1.161 1.80183
1.164 1.80582
1.167 1.80981
1.17 1.81381
1.173 1.81781
1.176 1.82181
1.179 1.82582
1.182 1.82983
1.185 1.83384
1.188 1.83786
1.191 1.84188
1.194 1.8459
1.197 1.84993
1.2 1.85396
1.203 1.858
1.206 1.86203
1.209 1.86608
1.212 1.87012
1.215 1.87417
1.218 1.87823
1.221 1.88229
1.224 1.88635
1.227 1.89042
1.23 1.89449
1.233 1.89856
1.236 1.90264
1.239 1.90673
1.242 1.91082
1.245 1.91492
1.248 1.91902
1.251 1.92312
1.254 1.92723
1.257 1.93135
1.26 1.93547
1.263 1.93959
1.266 1.94372
1.269 1.94786
1.272 1.952
1.275 1.95615
1.278 1.96031
1.281 1.96447
1.284 1.96863
1.287 1.9728
1.29 1.97698
1.293 1.98117
1.296 1.98536
1.299 1.98955
1.302 1.99376
1.305 1.99797
1.308 2.00219
1.311 2.00641
1.314 2.01064
1.317 2.01488
1.32 2.01913
1.323 2.02338
1.326 2.02764
1.329 2.03191
1.332 2.03618
1.335 2.04046
1.338 2.04476
1.341 2.04905
1.344 2.05336
1.347 2.05767
1.35 2.062
1.353 2.06633
1.356 2.07067
1.359 2.07502
1.362 2.07937
1.365 2.08374
1.368 2.08811
1.371 2.0925
1.374 2.09689
1.377 2.10129
1.38 2.1057
1.383 2.11012
1.386 2.11455
1.389 2.11899
1.392 2.12344
1.395 2.1279
1.398 2.13237
1.401 2.13685
1.404 2.14134
1.407 2.14584
1.41 2.15035
1.413 2.15487
1.416 2.1594
1.419 2.16395
1.422 2.1685
1.425 2.17306
1.428 2.17764
1.431 2.18223
1.434 2.18683
1.437 2.19144
1.44 2.19606
1.443 2.20069
1.446 2.20534
1.449 2.21
1.452 2.21467
1.455 2.21935
1.458 2.22405
1.461 2.22875
1.464 2.23347
1.467 2.23821
1.47 2.24295
1.473 2.24771
1.476 2.25249
1.479 2.25727
1.482 2.26207
1.485 2.26688
1.488 2.27171
1.491 2.27655
1.494 2.28141
1.497 2.28627
1.5 2.29116
1.503 2.29605
1.506 2.30097
1.509 2.30589
1.512 2.31083
1.515 2.31579
1.518 2.32076
1.521 2.32574
1.524 2.33075
1.527 2.33576
1.53 2.34079
1.533 2.34584
1.536 2.35091
1.539 2.35598
1.542 2.36108
1.545 2.36619
1.548 2.37132
1.551 2.37646
1.554 2.38162
1.557 2.3868
1.56 2.39199
1.563 2.3972
1.566 2.40243
1.569 2.40768
1.572 2.41294
1.575 2.41822
1.578 2.42351
1.581 2.42883
1.584 2.43416
1.587 2.43951
1.59 2.44487
1.593 2.45026
1.596 2.45566
1.599 2.46108
1.602 2.46652
1.605 2.47198
1.608 2.47745
1.611 2.48295
1.614 2.48846
1.617 2.494
1.62 2.49955
1.623 2.50512
1.626 2.51071
1.629 2.51631
1.632 2.52194
1.635 2.52759
1.638 2.53325
1.641 2.53894
1.644 2.54464
1.647 2.55037
1.65 2.55611
1.653 2.56188
1.656 2.56766
1.659 2.57346
1.662 2.57929
1.665 2.58513
1.668 2.59099
1.671 2.59688
1.674 2.60278
1.677 2.6087
1.68 2.61465
1.683 2.62061
1.686 2.6266
1.689 2.6326
1.692 2.63863
1.695 2.64467
1.698 2.65074
1.701 2.65682
1.704 2.66293
1.707 2.66906
1.71 2.6752
1.713 2.68137
1.716 2.68756
1.719 2.69377
1.722 2.7
1.725 2.70625
1.728 2.71251
1.731 2.7188
1.734 2.72511
1.737 2.73144
1.74 2.73779
1.743 2.74416
1.746 2.75055
1.749 2.75696
1.752 2.76339
1.755 2.76984
1.758 2.77631
1.761 2.7828
1.764 2.78931
1.767 2.79583
1.77 2.80238
1.773 2.80895
1.776 2.81553
1.779 2.82214
1.782 2.82876
1.785 2.8354
1.788 2.84206
1.791 2.84874
1.794 2.85543
1.797 2.86214
1.8 2.86888
1.803 2.87562
1.806 2.88239
1.809 2.88917
1.812 2.89597
1.815 2.90279
1.818 2.90962
1.821 2.91647
1.824 2.92333
1.827 2.93021
1.83 2.93711
1.833 2.94402
1.836 2.95095
1.839 2.95789
1.842 2.96484
1.845 2.97181
1.848 2.97879
1.851 2.98578
1.854 2.99279
1.857 2.99981
1.86 3.00684
1.863 3.01389
1.866 3.02094
1.869 3.02801
1.872 3.03508
1.875 3.04217
1.878 3.04926
1.881 3.05637
1.884 3.06348
1.887 3.07061
1.89 3.07774
1.893 3.08487
1.896 3.09202
1.899 3.09917
1.902 3.10633
1.905 3.11349
1.908 3.12066
1.911 3.12783
1.914 3.13501
1.917 3.14218
1.92 3.14937
1.923 3.15655
1.926 3.16374
1.929 3.17092
1.932 3.17811
1.935 3.1853
1.938 3.19248
1.941 3.19967
1.944 3.20685
1.947 3.21403
1.95 3.22121
1.953 3.22839
1.956 3.23556
1.959 3.24272
1.962 3.24988
1.965 3.25703
1.968 3.26418
1.971 3.27131
1.974 3.27844
1.977 3.28556
1.98 3.29267
1.983 3.29977
1.986 3.30686
1.989 3.31394
1.992 3.321
1.995 3.32806
1.998 3.33509
2.001 3.34212
2.004 3.34912
2.007 3.35612
2.01 3.36309
2.013 3.37005
2.016 3.37699
2.019 3.38391
2.022 3.39081
2.025 3.39769
2.028 3.40455
2.031 3.41139
2.034 3.41821
2.037 3.425
2.04 3.43177
2.043 3.43851
2.046 3.44523
2.049 3.45193
2.052 3.4586
2.055 3.46524
2.058 3.47185
2.061 3.47844
2.064 3.48499
2.067 3.49152
2.07 3.49802
2.073 3.50448
2.076 3.51092
2.079 3.51732
2.082 3.52369
2.085 3.53002
2.088 3.53632
2.091 3.54259
2.094 3.54882
2.097 3.55502
2.1 3.56118
2.103 3.56731
2.106 3.57339
2.109 3.57944
2.112 3.58545
2.115 3.59143
2.118 3.59736
2.121 3.60326
2.124 3.60911
2.127 3.61492
2.13 3.6207
2.133 3.62643
2.136 3.63212
2.139 3.63777
2.142 3.64337
2.145 3.64894
2.148 3.65446
2.151 3.65993
2.154 3.66537
2.157 3.67076
2.16 3.6761
2.163 3.6814
2.166 3.68666
2.169 3.69187
2.172 3.69704
2.175 3.70216
2.178 3.70723
2.181 3.71226
2.184 3.71724
2.187 3.72218
2.19 3.72707
2.193 3.73192
2.196 3.73672
2.199 3.74147
2.202 3.74617
2.205 3.75083
2.208 3.75544
2.211 3.76001
2.214 3.76453
2.217 3.769
2.22 3.77343
2.223 3.7778
2.226 3.78214
2.229 3.78642
2.232 3.79066
2.235 3.79485
2.238 3.799
2.241 3.8031
2.244 3.80715
2.247 3.81116
2.25 3.81512
2.253 3.81903
2.256 3.8229
2.259 3.82673
2.262 3.83051
2.265 3.83424
2.268 3.83793
2.271 3.84157
2.274 3.84517
2.277 3.84873
2.28 3.85224
2.283 3.8557
2.286 3.85912
2.289 3.8625
2.292 3.86584
2.295 3.86913
2.298 3.87238
2.301 3.87559
2.304 3.87875
2.307 3.88188
2.31 3.88496
2.313 3.888
2.316 3.891
2.319 3.89396
2.322 3.89688
2.325 3.89976
2.328 3.90259
2.331 3.90539
2.334 3.90815
2.337 3.91087
2.34 3.91356
2.343 3.9162
2.346 3.91881
2.349 3.92138
2.352 3.92391
2.355 3.92641
2.358 3.92887
2.361 3.93129
2.364 3.93368
2.367 3.93603
2.37 3.93834
2.373 3.94063
2.376 3.94288
2.379 3.94509
2.382 3.94727
2.385 3.94942
2.388 3.95153
2.391 3.95361
2.394 3.95566
2.397 3.95768
2.4 3.95967
2.403 3.96162
2.406 3.96355
2.409 3.96544
2.412 3.96731
2.415 3.96914
2.418 3.97095
2.421 3.97273
2.424 3.97447
2.427 3.97619
2.43 3.97789
2.433 3.97955
2.436 3.98119
2.439 3.9828
2.442 3.98438
2.445 3.98594
2.448 3.98747
2.451 3.98898
2.454 3.99046
2.457 3.99192
2.46 3.99335
2.463 3.99476
2.466 3.99614
2.469 3.9975
2.472 3.99884
2.475 4.00015
2.478 4.00144
2.481 4.00271
2.484 4.00396
2.487 4.00518
2.49 4.00639
2.493 4.00757
2.496 4.00873
2.499 4.00988
2.502 4.011
2.505 4.0121
2.508 4.01318
2.511 4.01425
2.514 4.01529
2.517 4.01631
2.52 4.01732
2.523 4.01831
2.526 4.01928
2.529 4.02023
2.532 4.02117
2.535 4.02208
2.538 4.02299
2.541 4.02387
2.544 4.02474
2.547 4.02559
2.55 4.02643
2.553 4.02725
2.556 4.02805
2.559 4.02884
2.562 4.02962
2.565 4.03037
2.568 4.03112
2.571 4.03185
2.574 4.03257
2.577 4.03327
2.58 4.03396
2.583 4.03464
2.586 4.0353
2.589 4.03595
2.592 4.03659
2.595 4.03721
2.598 4.03782
2.601 4.03842
2.604 4.03901
2.607 4.03958
2.61 4.04015
2.613 4.0407
2.616 4.04124
2.619 4.04177
2.622 4.04229
2.625 4.0428
2.628 4.0433
2.631 4.04379
2.634 4.04426
2.637 4.04473
2.64 4.04519
2.643 4.04564
2.646 4.04608
2.649 4.0465
2.652 4.04692
2.655 4.04733
2.658 4.04774
2.661 4.04813
2.664 4.04851
2.667 4.04889
2.67 4.04926
2.673 4.04961
2.676 4.04997
2.679 4.05031
2.682 4.05064
2.685 4.05097
2.688 4.05129
2.691 4.0516
2.694 4.05191
2.697 4.0522
2.7 4.0525
2.703 4.05278
2.706 4.05306
2.709 4.05333
2.712 4.05359
2.715 4.05385
2.718 4.0541
2.721 4.05434
2.724 4.05458
2.727 4.05481
2.73 4.05504
2.733 4.05526
2.736 4.05547
2.739 4.05568
2.742 4.05588
2.745 4.05608
2.748 4.05627
2.751 4.05646
2.754 4.05664
2.757 4.05682
2.76 4.05699
2.763 4.05716
2.766 4.05732
2.769 4.05748
2.772 4.05763
2.775 4.05778
2.778 4.05792
2.781 4.05806
2.784 4.05819
2.787 4.05832
2.79 4.05845
2.793 4.05857
2.796 4.05869
2.799 4.0588
2.802 4.05891
2.805 4.05902
2.808 4.05912
2.811 4.05922
2.814 4.05931
2.817 4.0594
2.82 4.05949
2.823 4.05958
2.826 4.05966
2.829 4.05974
2.832 4.05981
2.835 4.05988
2.838 4.05995
2.841 4.06001
2.844 4.06008
2.847 4.06013
2.85 4.06019
2.853 4.06024
2.856 4.06029
2.859 4.06034
2.862 4.06039
2.865 4.06043
2.868 4.06047
2.871 4.0605
2.874 4.06054
2.877 4.06057
2.88 4.0606
2.883 4.06063
2.886 4.06065
2.889 4.06067
2.892 4.06069
2.895 4.06071
2.898 4.06073
2.901 4.06074
2.904 4.06075
2.907 4.06076
2.91 4.06077
2.913 4.06077
2.916 4.06078
2.919 4.06078
2.922 4.06078
2.925 4.06078
2.928 4.06077
2.931 4.06077
2.934 4.06076
2.937 4.06075
2.94 4.06074
2.943 4.06073
2.946 4.06071
2.949 4.0607
2.952 4.06068
2.955 4.06066
2.958 4.06064
2.961 4.06062
2.964 4.06059
2.967 4.06057
2.97 4.06054
2.973 4.06052
2.976 4.06049
2.979 4.06046
2.982 4.06043
2.985 4.0604
2.988 4.06036
2.991 4.06033
2.994 4.06029
2.997 4.06026
3 4.06022
3.001 0
