0 5
0.003 3.95006
0.006 3.94966
0.009 3.94926
0.012 3.94885
0.015 3.94844
0.018 3.94803
0.021 3.94762
0.024 3.9472
0.027 3.94678
0.03 3.94636
0.033 3.94593
0.036 3.94551
0.039 3.94508
0.042 3.94465
0.045 3.94421
0.048 3.94377
0.051 3.94334
0.054 3.94289
0.057 3.94245
0.06 3.942
0.063 3.94156
0.066 3.9411
0.069 3.94065
0.072 3.94019
0.075 3.93974
0.078 3.93927
0.081 3.93881
0.084 3.93835
0.087 3.93788
0.09 3.93741
0.093 3.93693
0.096 3.93646
0.099 3.93598
0.102 3.9355
0.105 3.93502
0.108 3.93453
0.111 3.93404
0.114 3.93356
0.117 3.93306
0.12 3.93257
0.123 3.93207
0.126 3.93157
0.129 3.93107
0.132 3.93057
0.135 3.93006
0.138 3.92955
0.141 3.92904
0.144 3.92853
0.147 3.92802
0.15 3.9275
0.153 3.92698
0.156 3.92646
0.159 3.92593
0.162 3.92541
0.165 3.92488
0.168 3.92435
0.171 3.92381
0.174 3.92328
0.177 3.92274
0.18 3.9222
0.183 3.92166
0.186 3.92112
0.189 3.92057
0.192 3.92003
0.195 3.91948
0.198 3.91892
0.201 3.91837
0.204 3.91781
0.207 3.91726
0.21 3.9167
0.213 3.91614
0.216 3.91557
0.219 3.91501
0.222 3.91444
0.225 3.91387
0.228 3.9133
0.231 3.91272
0.234 3.91215
0.237 3.91157
0.24 3.91099
0.243 3.91041
0.246 3.90983
0.249 3.90925
0.252 3.90866
0.255 3.90807
0.258 3.90748
0.261 3.90689
0.264 3.9063
0.267 3.90571
0.27 3.90511
0.273 3.90451
0.276 3.90392
0.279 3.90331
0.282 3.90271
0.285 3.90211
0.288 3.9015
0.291 3.9009
0.294 3.90029
0.297 3.89968
0.3 3.89907
0.303 3.89846
0.306 3.89784
0.309 3.89723
0.312 3.89661
0.315 3.89599
0.318 3.89537
0.321 3.89475
0.324 3.89413
0.327 3.89351
0.33 3.89289
0.333 3.89226
0.336 3.89164
0.339 3.89101
0.342 3.89038
0.345 3.88975
0.348 3.88912
0.351 3.88849
0.354 3.88786
0.357 3.88722
0.36 3.88659
0.363 3.88595
0.366 3.88532
0.369 3.88468
0.372 3.88404
0.375 3.8834
0.378 3.88276
0.381 3.88212
0.384 3.88148
0.387 3.88084
0.39 3.88019
0.393 3.87955
0.396 3.87891
0.399 3.87826
0.402 3.87762
0.405 3.87697
0.408 3.87632
0.411 3.87568
0.414 3.87503
0.417 3.87438
0.42 3.87373
0.423 3.87308
0.426 3.87243
0.429 3.87178
0.432 3.87113
0.435 3.87048
0.438 3.86983
0.441 3.86917
0.444 3.86852
0.447 3.86787
0.45 3.86722
0.453 3.86656
0.456 3.86591
0.459 3.86525
0.462 3.8646
0.465 3.86395
0.468 3.86329
0.471 3.86264
0.474 3.86198
0.477 3.86133
0.48 3.86067
0.483 3.86002
0.486 3.85936
0.489 3.85871
0.492 3.85805
0.495 3.8574
0.498 3.85674
0.501 3.85609
0.504 3.85543
0.507 3.85477
0.51 3.85412
0.513 3.85346
0.516 3.85281
0.519 3.85215
0.522 3.8515
0.525 3.85084
0.528 3.85019
0.531 3.84953
0.534 3.84888
0.537 3.84822
0.54 3.84757
0.543 3.84692
0.546 3.84626
0.549 3.84561
0.552 3.84496
0.555 3.8443
0.558 3.84365
0.561 3.843
0.564 3.84234
0.567 3.84169
0.57 3.84104
0.573 3.84039
0.576 3.83974
0.579 3.83909
0.582 3.83844
0.585 3.83779
0.588 3.83714
0.591 3.83649
0.594 3.83584
0.597 3.83519
0.6 3.83454
0.603 3.83389
0.606 3.83324
0.609 3.83259
0.612 3.83195
0.615 3.8313
0.618 3.83065
0.621 3.83001
0.624 3.82936
0.627 3.82871
0.63 3.82807
0.633 3.82742
0.636 3.82678
0.639 3.82614
0.642 3.82549
0.645 3.82485
0.648 3.8242
0.651 3.82356
0.654 3.82292
0.657 3.82228
0.66 3.82164
0.663 3.82099
0.666 3.82035
0.669 3.81971
0.672 3.81907
0.675 3.81843
0.678 3.81779
0.681 3.81715
0.684 3.81651
0.687 3.81588
0.69 3.81524
0.693 3.8146
0.696 3.81396
0.699 3.81332
0.702 3.81269
0.705 3.81205
0.708 3.81141
0.711 3.81078
0.714 3.81014
0.717 3.8095
0.72 3.80887
0.723 3.80823
0.726 3.8076
0.729 3.80696
0.732 3.80633
0.735 3.80569
0.738 3.80506
0.741 3.80442
0.744 3.80379
0.747 3.80316
0.75 3.80252
0.753 3.80189
0.756 3.80126
0.759 3.80062
0.762 3.79999
0.765 3.79936
0.768 3.79872
0.771 3.79809
0.774 3.79746
0.777 3.79682
0.78 3.79619
0.783 3.79556
0.786 3.79492
0.789 3.79429
0.792 3.79366
0.795 3.79302
0.798 3.79239
0.801 3.79176
0.804 3.79113
0.807 3.79049
0.81 3.78986
0.813 3.78922
0.816 3.78859
0.819 3.78796
0.822 3.78732
0.825 3.78669
0.828 3.78605
0.831 3.78542
0.834 3.78478
0.837 3.78415
0.84 3.78351
0.843 3.78288
0.846 3.78224
0.849 3.78161
0.852 3.78097
0.855 3.78033
0.858 3.77969
0.861 3.77906
0.864 3.77842
0.867 3.77778
0.87 3.77714
0.873 3.7765
0.876 3.77586
0.879 3.77522
0.882 3.77458
0.885 3.77394
0.888 3.7733
0.891 3.77265
0.894 3.77201
0.897 3.77137
0.9 3.77072
0.903 3.77008
0.906 3.76943
0.909 3.76879
0.912 3.76814
0.915 3.76749
0.918 3.76684
0.921 3.76619
0.924 3.76555
0.927 3.76489
0.93 3.76424
0.933 3.76359
0.936 3.76294
0.939 3.76229
0.942 3.76163
0.945 3.76098
0.948 3.76032
0.951 3.75966
0.954 3.759
0.957 3.75834
0.96 3.75768
0.963 3.75702
0.966 3.75636
0.969 3.7557
0.972 3.75503
0.975 3.75437
0.978 3.7537
0.981 3.75304
0.984 3.75237
0.987 3.7517
0.99 3.75103
0.993 3.75036
0.996 3.74968
0.999 3.74901
1.002 3.74833
1.005 3.74766
1.008 3.74698
1.011 3.7463
1.014 3.74562
1.017 3.74494
1.02 3.74426
1.023 3.74357
1.026 3.74289
1.029 3.7422
1.032 3.74151
1.035 3.74082
1.038 3.74013
1.041 3.73944
1.044 3.73874
1.047 3.73805
1.05 3.73735
1.053 3.73665
1.056 3.73595
1.059 3.73525
1.062 3.73455
1.065 3.73384
1.068 3.73314
1.071 3.73243
1.074 3.73172
1.077 3.73101
1.08 3.7303
1.083 3.72958
1.086 3.72887
1.089 3.72815
1.092 3.72743
1.095 3.72671
1.098 3.72598
1.101 3.72526
1.104 3.72453
1.107 3.7238
1.11 3.72307
1.113 3.72234
1.116 3.72161
1.119 3.72087
1.122 3.72013
1.125 3.71939
1.128 3.71865
1.131 3.71791
1.134 3.71716
1.137 3.71641
1.14 3.71566
1.143 3.71491
1.146 3.71416
1.149 3.7134
1.152 3.71265
1.155 3.71189
1.158 3.71112
1.161 3.71036
1.164 3.70959
1.167 3.70882
1.17 3.70805
1.173 3.70728
1.176 3.70651
1.179 3.70573
1.182 3.70495
1.185 3.70417
1.188 3.70338
1.191 3.7026
1.194 3.70181
1.197 3.70102
1.2 3.70022
1.203 3.69943
1.206 3.69863
1.209 3.69783
1.212 3.69703
1.215 3.69622
1.218 3.69541
1.221 3.6946
1.224 3.69379
1.227 3.69297
1.23 3.69216
1.233 3.69134
1.236 3.69051
1.239 3.68969
1.242 3.68886
1.245 3.68803
1.248 3.6872
1.251 3.68636
1.254 3.68552
1.257 3.68468
1.26 3.68384
1.263 3.68299
1.266 3.68214
1.269 3.68129
1.272 3.68043
1.275 3.67958
1.278 3.67871
1.281 3.67785
1.284 3.67699
1.287 3.67612
1.29 3.67524
1.293 3.67437
1.296 3.67349
1.299 3.67261
1.302 3.67173
1.305 3.67084
1.308 3.66995
1.311 3.66906
1.314 3.66816
1.317 3.66727
1.32 3.66636
1.323 3.66546
1.326 3.66455
1.329 3.66364
1.332 3.66273
1.335 3.66181
1.338 3.66089
1.341 3.65997
1.344 3.65904
1.347 3.65811
1.35 3.65717
1.353 3.65624
1.356 3.6553
1.359 3.65436
1.362 3.65341
1.365 3.65246
1.368 3.65151
1.371 3.65055
1.374 3.64959
1.377 3.64863
1.38 3.64766
1.383 3.64669
1.386 3.64571
1.389 3.64474
1.392 3.64376
1.395 3.64277
1.398 3.64178
1.401 3.64079
1.404 3.6398
1.407 3.6388
1.41 3.63779
1.413 3.63679
1.416 3.63578
1.419 3.63476
1.422 3.63375
1.425 3.63273
1.428 3.6317
1.431 3.63067
1.434 3.62964
1.437 3.6286
1.44 3.62756
1.443 3.62652
1.446 3.62547
1.449 3.62441
1.452 3.62336
1.455 3.6223
1.458 3.62123
1.461 3.62016
1.464 3.61909
1.467 3.61802
1.47 3.61693
1.473 3.61585
1.476 3.61476
1.479 3.61367
1.482 3.61257
1.485 3.61147
1.488 3.61036
1.491 3.60925
1.494 3.60813
1.497 3.60701
1.5 3.60589
1.503 3.60476
1.506 3.60363
1.509 3.60249
1.512 3.60135
1.515 3.6002
1.518 3.59905
1.521 3.5979
1.524 3.59674
1.527 3.59557
1.53 3.5944
1.533 3.59323
1.536 3.59205
1.539 3.59087
1.542 3.58968
1.545 3.58849
1.548 3.58729
1.551 3.58609
1.554 3.58488
1.557 3.58367
1.56 3.58245
1.563 3.58123
1.566 3.58
1.569 3.57877
1.572 3.57753
1.575 3.57628
1.578 3.57504
1.581 3.57378
1.584 3.57253
1.587 3.57126
1.59 3.56999
1.593 3.56872
1.596 3.56744
1.599 3.56616
1.602 3.56487
1.605 3.56357
1.608 3.56227
1.611 3.56096
1.614 3.55965
1.617 3.55833
1.62 3.55701
1.623 3.55568
1.626 3.55435
1.629 3.55301
1.632 3.55166
1.635 3.55031
1.638 3.54895
1.641 3.54759
1.644 3.54622
1.647 3.54485
1.65 3.54347
1.653 3.54208
1.656 3.54069
1.659 3.53929
1.662 3.53789
1.665 3.53648
1.668 3.53506
1.671 3.53364
1.674 3.53221
1.677 3.53078
1.68 3.52934
1.683 3.52789
1.686 3.52643
1.689 3.52498
1.692 3.52351
1.695 3.52204
1.698 3.52056
1.701 3.51907
1.704 3.51758
1.707 3.51608
1.71 3.51458
1.713 3.51307
1.716 3.51155
1.719 3.51003
1.722 3.5085
1.725 3.50696
1.728 3.50541
1.731 3.50386
1.734 3.50231
1.737 3.50074
1.74 3.49917
1.743 3.49759
1.746 3.49601
1.749 3.49442
1.752 3.49282
1.755 3.49121
1.758 3.4896
1.761 3.48798
1.764 3.48635
1.767 3.48472
1.77 3.48308
1.773 3.48143
1.776 3.47977
1.779 3.47811
1.782 3.47644
1.785 3.47476
1.788 3.47308
1.791 3.47139
1.794 3.46969
1.797 3.46798
1.8 3.46627
1.803 3.46455
1.806 3.46282
1.809 3.46109
1.812 3.45934
1.815 3.45759
1.818 3.45583
1.821 3.45407
1.824 3.4523
1.827 3.45051
1.83 3.44873
1.833 3.44693
1.836 3.44513
1.839 3.44332
1.842 3.4415
1.845 3.43967
1.848 3.43784
1.851 3.436
1.854 3.43415
1.857 3.43229
1.86 3.43042
1.863 3.42855
1.866 3.42667
1.869 3.42478
1.872 3.42289
1.875 3.42098
1.878 3.41907
1.881 3.41715
1.884 3.41522
1.887 3.41329
1.89 3.41135
1.893 3.4094
1.896 3.40744
1.899 3.40547
1.902 3.4035
1.905 3.40152
1.908 3.39953
1.911 3.39753
1.914 3.39552
1.917 3.39351
1.92 3.39149
1.923 3.38946
1.926 3.38743
1.929 3.38538
1.932 3.38333
1.935 3.38127
1.938 3.3792
1.941 3.37713
1.944 3.37504
1.947 3.37295
1.95 3.37085
1.953 3.36875
1.956 3.36664
1.959 3.36451
1.962 3.36239
1.965 3.36025
1.968 3.35811
1.971 3.35595
1.974 3.3538
1.977 3.35163
1.98 3.34946
1.983 3.34728
1.986 3.34509
1.989 3.34289
1.992 3.34069
1.995 3.33848
1.998 3.33626
2.001 3.33404
2.004 3.33181
2.007 3.32957
2.01 3.32732
2.013 3.32507
2.016 3.32281
2.019 3.32055
2.022 3.31827
2.025 3.316
2.028 3.31371
2.031 3.31142
2.034 3.30912
2.037 3.30681
2.04 3.3045
2.043 3.30218
2.046 3.29986
2.049 3.29753
2.052 3.29519
2.055 3.29285
2.058 3.2905
2.061 3.28815
2.064 3.28579
2.067 3.28343
2.07 3.28105
2.073 3.27868
2.076 3.2763
2.079 3.27391
2.082 3.27152
2.085 3.26912
2.088 3.26672
2.091 3.26431
2.094 3.2619
2.097 3.25949
2.1 3.25707
2.103 3.25464
2.106 3.25221
2.109 3.24978
2.112 3.24734
2.115 3.2449
2.118 3.24246
2.121 3.24001
2.124 3.23756
2.127 3.2351
2.13 3.23265
2.133 3.23018
2.136 3.22772
2.139 3.22525
2.142 3.22278
2.145 3.22031
2.148 3.21784
2.151 3.21536
2.154 3.21288
2.157 3.2104
2.16 3.20792
2.163 3.20543
2.166 3.20295
2.169 3.20046
2.172 3.19797
2.175 3.19548
2.178 3.19299
2.181 3.1905
2.184 3.18801
2.187 3.18552
2.19 3.18303
2.193 3.18053
2.196 3.17804
2.199 3.17555
2.202 3.17306
2.205 3.17057
2.208 3.16808
2.211 3.1656
2.214 3.16311
2.217 3.16062
2.22 3.15814
2.223 3.15566
2.226 3.15318
2.229 3.1507
2.232 3.14823
2.235 3.14576
2.238 3.14329
2.241 3.14082
2.244 3.13836
2.247 3.1359
2.25 3.13344
2.253 3.13099
2.256 3.12854
2.259 3.12609
2.262 3.12365
2.265 3.12121
2.268 3.11878
2.271 3.11636
2.274 3.11393
2.277 3.11152
2.28 3.10911
2.283 3.1067
2.286 3.1043
2.289 3.10191
2.292 3.09952
2.295 3.09714
2.298 3.09476
2.301 3.09239
2.304 3.09003
2.307 3.08768
2.31 3.08533
2.313 3.08299
2.316 3.08065
2.319 3.07833
2.322 3.07601
2.325 3.0737
2.328 3.0714
2.331 3.06911
2.334 3.06683
2.337 3.06455
2.34 3.06229
2.343 3.06003
2.346 3.05778
2.349 3.05554
2.352 3.05331
2.355 3.0511
2.358 3.04889
2.361 3.04669
2.364 3.0445
2.367 3.04232
2.37 3.04015
2.373 3.03799
2.376 3.03585
2.379 3.03371
2.382 3.03158
2.385 3.02947
2.388 3.02737
2.391 3.02527
2.394 3.02319
2.397 3.02112
2.4 3.01907
2.403 3.01702
2.406 3.01499
2.409 3.01297
2.412 3.01096
2.415 3.00896
2.418 3.00697
2.421 3.005
2.424 3.00304
2.427 3.00109
2.43 2.99916
2.433 2.99724
2.436 2.99533
2.439 2.99343
2.442 2.99155
2.445 2.98968
2.448 2.98782
2.451 2.98598
2.454 2.98414
2.457 2.98233
2.46 2.98052
2.463 2.97873
2.466 2.97695
2.469 2.97519
2.472 2.97344
2.475 2.9717
2.478 2.96998
2.481 2.96827
2.484 2.96657
2.487 2.96489
2.49 2.96322
2.493 2.96157
2.496 2.95993
2.499 2.9583
2.502 2.95669
2.505 2.95509
2.508 2.9535
2.511 2.95193
2.514 2.95037
2.517 2.94883
2.52 2.9473
2.523 2.94578
2.526 2.94428
2.529 2.94279
2.532 2.94131
2.535 2.93985
2.538 2.93841
2.541 2.93697
2.544 2.93555
2.547 2.93415
2.55 2.93275
2.553 2.93138
2.556 2.93001
2.559 2.92866
2.562 2.92732
2.565 2.926
2.568 2.92469
2.571 2.92339
2.574 2.92211
2.577 2.92083
2.58 2.91958
2.583 2.91833
2.586 2.9171
2.589 2.91589
2.592 2.91468
2.595 2.91349
2.598 2.91231
2.601 2.91115
2.604 2.91
2.607 2.90886
2.61 2.90773
2.613 2.90662
2.616 2.90552
2.619 2.90443
2.622 2.90335
2.625 2.90229
2.628 2.90124
2.631 2.9002
2.634 2.89918
2.637 2.89816
2.64 2.89716
2.643 2.89617
2.646 2.89519
2.649 2.89423
2.652 2.89327
2.655 2.89233
2.658 2.8914
2.661 2.89048
2.664 2.88958
2.667 2.88868
2.67 2.8878
2.673 2.88693
2.676 2.88606
2.679 2.88521
2.682 2.88438
2.685 2.88355
2.688 2.88273
2.691 2.88192
2.694 2.88113
2.697 2.88034
2.7 2.87957
2.703 2.87881
2.706 2.87805
2.709 2.87731
2.712 2.87658
2.715 2.87585
2.718 2.87514
2.721 2.87444
2.724 2.87375
2.727 2.87307
2.73 2.87239
2.733 2.87173
2.736 2.87108
2.739 2.87043
2.742 2.8698
2.745 2.86917
2.748 2.86856
2.751 2.86795
2.754 2.86735
2.757 2.86676
2.76 2.86618
2.763 2.86561
2.766 2.86505
2.769 2.86449
2.772 2.86395
2.775 2.86341
2.778 2.86288
2.781 2.86236
2.784 2.86185
2.787 2.86135
2.79 2.86085
2.793 2.86036
2.796 2.85988
2.799 2.85941
2.802 2.85895
2.805 2.85849
2.808 2.85804
2.811 2.8576
2.814 2.85717
2.817 2.85674
2.82 2.85632
2.823 2.85591
2.826 2.8555
2.829 2.8551
2.832 2.85471
2.835 2.85433
2.838 2.85395
2.841 2.85358
2.844 2.85322
2.847 2.85286
2.85 2.85251
2.853 2.85216
2.856 2.85182
2.859 2.85149
2.862 2.85116
2.865 2.85084
2.868 2.85053
2.871 2.85022
2.874 2.84992
2.877 2.84962
2.88 2.84933
2.883 2.84905
2.886 2.84877
2.889 2.84849
2.892 2.84822
2.895 2.84796
2.898 2.8477
2.901 2.84745
2.904 2.8472
2.907 2.84696
2.91 2.84672
2.913 2.84649
2.916 2.84627
2.919 2.84604
2.922 2.84583
2.925 2.84561
2.928 2.84541
2.931 2.8452
2.934 2.845
2.937 2.84481
2.94 2.84462
2.943 2.84443
2.946 2.84425
2.949 2.84408
2.952 2.8439
2.955 2.84374
2.958 2.84357
2.961 2.84341
2.964 2.84326
2.967 2.8431
2.97 2.84296
2.973 2.84281
2.976 2.84267
2.979 2.84253
2.982 2.8424
2.985 2.84227
2.988 2.84215
2.991 2.84202
2.994 2.8419
2.997 2.84179
3 2.84168
3.001 5
