0 -10
0.003 -6.46796
0.006 -6.46491
0.009 -6.46185
0.012 -6.45877
0.015 -6.45567
0.018 -6.45256
0.021 -6.44942
0.024 -6.44627
0.027 -6.44309
0.03 -6.4399
0.033 -6.43669
0.036 -6.43346
0.039 -6.43022
0.042 -6.42695
0.045 -6.42367
0.048 -6.42036
0.051 -6.41704
0.054 -6.4137
0.057 -6.41035
0.06 -6.40697
0.063 -6.40358
0.066 -6.40016
0.069 -6.39673
0.072 -6.39328
0.075 -6.38982
0.078 -6.38633
0.081 -6.38283
0.084 -6.3793
0.087 -6.37576
0.09 -6.37221
0.093 -6.36863
0.096 -6.36504
0.099 -6.36143
0.102 -6.3578
0.105 -6.35415
0.108 -6.35049
0.111 -6.34681
0.114 -6.34311
0.117 -6.33939
0.12 -6.33566
0.123 -6.33191
0.126 -6.32814
0.129 -6.32435
0.132 -6.32055
0.135 -6.31673
0.138 -6.31289
0.141 -6.30904
0.144 -6.30517
0.147 -6.30129
0.15 -6.29738
0.153 -6.29346
0.156 -6.28953
0.159 -6.28558
0.162 -6.28161
0.165 -6.27763
0.168 -6.27363
0.171 -6.26961
0.174 -6.26558
0.177 -6.26154
0.18 -6.25748
0.183 -6.2534
0.186 -6.24931
0.189 -6.2452
0.192 -6.24108
0.195 -6.23694
0.198 -6.23279
0.201 -6.22863
0.204 -6.22445
0.207 -6.22026
0.21 -6.21605
0.213 -6.21183
0.216 -6.20759
0.219 -6.20334
0.222 -6.19908
0.225 -6.19481
0.228 -6.19052
0.231 -6.18622
0.234 -6.1819
0.237 -6.17758
0.24 -6.17324
0.243 -6.16889
0.246 -6.16452
0.249 -6.16015
0.252 -6.15576
0.255 -6.15136
0.258 -6.14695
0.261 -6.14253
0.264 -6.1381
0.267 -6.13366
0.27 -6.1292
0.273 -6.12474
0.276 -6.12026
0.279 -6.11578
0.282 -6.11128
0.285 -6.10678
0.288 -6.10226
0.291 -6.09774
0.294 -6.09321
0.297 -6.08867
0.3 -6.08412
0.303 -6.07956
0.306 -6.07499
0.309 -6.07042
0.312 -6.06583
0.315 -6.06124
0.318 -6.05664
0.321 -6.05204
0.324 -6.04742
0.327 -6.0428
0.33 -6.03818
0.333 -6.03354
0.336 -6.0289
0.339 -6.02426
0.342 -6.01961
0.345 -6.01495
0.348 -6.01029
0.351 -6.00562
0.354 -6.00094
0.357 -5.99627
0.36 -5.99158
0.363 -5.9869
0.366 -5.9822
0.369 -5.97751
0.372 -5.97281
0.375 -5.96811
0.378 -5.9634
0.381 -5.95869
0.384 -5.95398
0.387 -5.94926
0.39 -5.94454
0.393 -5.93982
0.396 -5.9351
0.399 -5.93037
0.402 -5.92564
0.405 -5.92092
0.408 -5.91619
0.411 -5.91145
0.414 -5.90672
0.417 -5.90199
0.42 -5.89725
0.423 -5.89252
0.426 -5.88778
0.429 -5.88305
0.432 -5.87831
0.435 -5.87358
0.438 -5.86884
0.441 -5.86411
0.444 -5.85938
0.447 -5.85464
0.45 -5.84991
0.453 -5.84518
0.456 -5.84046
0.459 -5.83573
0.462 -5.831
0.465 -5.82628
0.468 -5.82156
0.471 -5.81684
0.474 -5.81213
0.477 -5.80741
0.48 -5.8027
0.483 -5.79799
0.486 -5.79329
0.489 -5.78859
0.492 -5.78389
0.495 -5.77919
0.498 -5.7745
0.501 -5.76981
0.504 -5.76513
0.507 -5.76045
0.51 -5.75577
0.513 -5.7511
0.516 -5.74644
0.519 -5.74177
0.522 -5.73711
0.525 -5.73246
0.528 -5.72781
0.531 -5.72317
0.534 -5.71853
0.537 -5.7139
0.54 -5.70927
0.543 -5.70464
0.546 -5.70002
0.549 -5.69541
0.552 -5.69081
0.555 -5.6862
0.558 -5.68161
0.561 -5.67702
0.564 -5.67243
0.567 -5.66786
0.57 -5.66328
0.573 -5.65872
0.576 -5.65416
0.579 -5.6496
0.582 -5.64505
0.585 -5.64051
0.588 -5.63598
0.591 -5.63145
0.594 -5.62693
0.597 -5.62241
0.6 -5.6179
0.603 -5.6134
0.606 -5.6089
0.609 -5.60441
0.612 -5.59993
0.615 -5.59545
0.618 -5.59098
0.621 -5.58652
0.624 -5.58206
0.627 -5.57761
0.63 -5.57316
0.633 -5.56873
0.636 -5.5643
0.639 -5.55987
0.642 -5.55546
0.645 -5.55105
0.648 -5.54664
0.651 -5.54224
0.654 -5.53785
0.657 -5.53347
0.66 -5.52909
0.663 -5.52472
0.666 -5.52036
0.669 -5.516
0.672 -5.51165
0.675 -5.50731
0.678 -5.50297
0.681 -5.49864
0.684 -5.49431
0.687 -5.48999
0.69 -5.48568
0.693 -5.48137
0.696 -5.47707
0.699 -5.47278
0.702 -5.46849
0.705 -5.46421
0.708 -5.45993
0.711 -5.45566
0.714 -5.4514
0.717 -5.44714
0.72 -5.44289
0.723 -5.43864
0.726 -5.4344
0.729 -5.43017
0.732 -5.42594
0.735 -5.42171
0.738 -5.41749
0.741 -5.41328
0.744 -5.40907
0.747 -5.40487
0.75 -5.40067
0.753 -5.39648
0.756 -5.39229
0.759 -5.38811
0.762 -5.38393
0.765 -5.37976
0.768 -5.37559
0.771 -5.37143
0.774 -5.36727
0.777 -5.36311
0.78 -5.35896
0.783 -5.35482
0.786 -5.35067
0.789 -5.34654
0.792 -5.3424
0.795 -5.33827
0.798 -5.33415
0.801 -5.33002
0.804 -5.32591
0.807 -5.32179
0.81 -5.31768
0.813 -5.31357
0.816 -5.30947
0.819 -5.30536
0.822 -5.30127
0.825 -5.29717
0.828 -5.29308
0.831 -5.28899
0.834 -5.2849
0.837 -5.28082
0.84 -5.27674
0.843 -5.27266
0.846 -5.26858
0.849 -5.26451
0.852 -5.26043
0.855 -5.25637
0.858 -5.2523
0.861 -5.24823
0.864 -5.24417
0.867 -5.24011
0.87 -5.23604
0.873 -5.23199
0.876 -5.22793
0.879 -5.22387
0.882 -5.21982
0.885 -5.21576
0.888 -5.21171
0.891 -5.20766
0.894 -5.20361
0.897 -5.19956
0.9 -5.19551
0.903 -5.19147
0.906 -5.18742
0.909 -5.18337
0.912 -5.17933
0.915 -5.17528
0.918 -5.17124
0.921 -5.16719
0.924 -5.16315
0.927 -5.1591
0.93 -5.15506
0.933 -5.15101
0.936 -5.14697
0.939 -5.14292
0.942 -5.13887
0.945 -5.13483
0.948 -5.13078
0.951 -5.12673
0.954 -5.12269
0.957 -5.11864
0.96 -5.11459
0.963 -5.11054
0.966 -5.10649
0.969 -5.10243
0.972 -5.09838
0.975 -5.09433
0.978 -5.09027
0.981 -5.08621
0.984 -5.08216
0.987 -5.0781
0.99 -5.07403
0.993 -5.06997
0.996 -5.06591
0.999 -5.06184
1.002 -5.05777
1.005 -5.05371
1.008 -5.04963
1.011 -5.04556
1.014 -5.04149
1.017 -5.03741
1.02 -5.03333
1.023 -5.02925
1.026 -5.02517
1.029 -5.02108
1.032 -5.01699
1.035 -5.0129
1.038 -5.00881
1.041 -5.00472
1.044 -5.00062
1.047 -4.99652
1.05 -4.99242
1.053 -4.98831
1.056 -4.9842
1.059 -4.98009
1.062 -4.97598
1.065 -4.97187
1.068 -4.96775
1.071 -4.96363
1.074 -4.9595
1.077 -4.95538
1.08 -4.95125
1.083 -4.94711
1.086 -4.94298
1.089 -4.93884
1.092 -4.9347
1.095 -4.93055
1.098 -4.92641
1.101 -4.92225
1.104 -4.9181
1.107 -4.91394
1.11 -4.90978
1.113 -4.90562
1.116 -4.90145
1.119 -4.89728
1.122 -4.89311
1.125 -4.88893
1.128 -4.88475
1.131 -4.88057
1.134 -4.87638
1.137 -4.87219
1.14 -4.868
1.143 -4.8638
1.146 -4.8596
1.149 -4.8554
1.152 -4.85119
1.155 -4.84698
1.158 -4.84277
1.161 -4.83855
1.164 -4.83433
1.167 -4.83011
1.17 -4.82588
1.173 -4.82165
1.176 -4.81742
1.179 -4.81318
1.182 -4.80894
1.185 -4.80469
1.188 -4.80044
1.191 -4.79619
1.194 -4.79194
1.197 -4.78768
1.2 -4.78342
1.203 -4.77915
1.206 -4.77488
1.209 -4.77061
1.212 -4.76633
1.215 -4.76205
1.218 -4.75777
1.221 -4.75348
1.224 -4.7492
1.227 -4.7449
1.23 -4.74061
1.233 -4.73631
1.236 -4.732
1.239 -4.7277
1.242 -4.72339
1.245 -4.71907
1.248 -4.71476
1.251 -4.71044
1.254 -4.70611
1.257 -4.70179
1.26 -4.69746
1.263 -4.69312
1.266 -4.68879
1.269 -4.68445
1.272 -4.68011
1.275 -4.67576
1.278 -4.67141
1.281 -4.66706
1.284 -4.6627
1.287 -4.65835
1.29 -4.65398
1.293 -4.64962
1.296 -4.64525
1.299 -4.64088
1.302 -4.63651
1.305 -4.63213
1.308 -4.62775
1.311 -4.62337
1.314 -4.61898
1.317 -4.61459
1.32 -4.6102
1.323 -4.60581
1.326 -4.60141
1.329 -4.59701
1.332 -4.59261
1.335 -4.5882
1.338 -4.58379
1.341 -4.57938
1.344 -4.57497
1.347 -4.57055
1.35 -4.56613
1.353 -4.56171
1.356 -4.55729
1.359 -4.55286
1.362 -4.54843
1.365 -4.544
1.368 -4.53956
1.371 -4.53513
1.374 -4.53069
1.377 -4.52624
1.38 -4.5218
1.383 -4.51735
1.386 -4.5129
1.389 -4.50845
1.392 -4.504
1.395 -4.49954
1.398 -4.49508
1.401 -4.49062
1.404 -4.48616
1.407 -4.4817
1.41 -4.47723
1.413 -4.47276
1.416 -4.46829
1.419 -4.46382
1.422 -4.45934
1.425 -4.45487
1.428 -4.45039
1.431 -4.44591
1.434 -4.44142
1.437 -4.43694
1.44 -4.43245
1.443 -4.42796
1.446 -4.42347
1.449 -4.41898
1.452 -4.41449
1.455 -4.40999
1.458 -4.4055
1.461 -4.401
1.464 -4.3965
1.467 -4.39199
1.47 -4.38749
1.473 -4.38299
1.476 -4.37848
1.479 -4.37397
1.482 -4.36946
1.485 -4.36495
1.488 -4.36044
1.491 -4.35593
1.494 -4.35141
1.497 -4.34689
1.5 -4.34238
1.503 -4.33786
1.506 -4.33334
1.509 -4.32882
1.512 -4.3243
1.515 -4.31977
1.518 -4.31525
1.521 -4.31072
1.524 -4.3062
1.527 -4.30167
1.53 -4.29714
1.533 -4.29261
1.536 -4.28808
1.539 -4.28355
1.542 -4.27902
1.545 -4.27448
1.548 -4.26995
1.551 -4.26541
1.554 -4.26088
1.557 -4.25634
1.56 -4.25181
1.563 -4.24727
1.566 -4.24273
1.569 -4.23819
1.572 -4.23365
1.575 -4.22911
1.578 -4.22457
1.581 -4.22003
1.584 -4.21549
1.587 -4.21095
1.59 -4.20641
1.593 -4.20187
1.596 -4.19732
1.599 -4.19278
1.602 -4.18824
1.605 -4.18369
1.608 -4.17915
1.611 -4.17461
1.614 -4.17006
1.617 -4.16552
1.62 -4.16097
1.623 -4.15643
1.626 -4.15189
1.629 -4.14734
1.632 -4.1428
1.635 -4.13825
1.638 -4.13371
1.641 -4.12917
1.644 -4.12462
1.647 -4.12008
1.65 -4.11554
1.653 -4.11099
1.656 -4.10645
1.659 -4.10191
1.662 -4.09737
1.665 -4.09283
1.668 -4.08829
1.671 -4.08375
1.674 -4.07921
1.677 -4.07467
1.68 -4.07013
1.683 -4.06559
1.686 -4.06106
1.689 -4.05652
1.692 -4.05199
1.695 -4.04745
1.698 -4.04292
1.701 -4.03838
1.704 -4.03385
1.707 -4.02932
1.71 -4.02479
1.713 -4.02026
1.716 -4.01574
1.719 -4.01121
1.722 -4.00668
1.725 -4.00216
1.728 -3.99764
1.731 -3.99311
1.734 -3.98859
1.737 -3.98407
1.74 -3.97956
1.743 -3.97504
1.746 -3.97053
1.749 -3.96601
1.752 -3.9615
1.755 -3.95699
1.758 -3.95248
1.761 -3.94798
1.764 -3.94347
1.767 -3.93897
1.77 -3.93447
1.773 -3.92997
1.776 -3.92547
1.779 -3.92098
1.782 -3.91649
1.785 -3.912
1.788 -3.90751
1.791 -3.90302
1.794 -3.89854
1.797 -3.89406
1.8 -3.88958
1.803 -3.8851
1.806 -3.88062
1.809 -3.87615
1.812 -3.87168
1.815 -3.86722
1.818 -3.86275
1.821 -3.85829
1.824 -3.85383
1.827 -3.84938
1.83 -3.84493
1.833 -3.84048
1.836 -3.83603
1.839 -3.83159
1.842 -3.82715
1.845 -3.82271
1.848 -3.81827
1.851 -3.81384
1.854 -3.80942
1.857 -3.80499
1.86 -3.80057
1.863 -3.79616
1.866 -3.79175
1.869 -3.78734
1.872 -3.78293
1.875 -3.77853
1.878 -3.77413
1.881 -3.76974
1.884 -3.76535
1.887 -3.76096
1.89 -3.75658
1.893 -3.75221
1.896 -3.74783
1.899 -3.74347
1.902 -3.7391
1.905 -3.73475
1.908 -3.73039
1.911 -3.72604
1.914 -3.7217
1.917 -3.71736
1.92 -3.71302
1.923 -3.70869
1.926 -3.70437
1.929 -3.70005
1.932 -3.69573
1.935 -3.69143
1.938 -3.68712
1.941 -3.68282
1.944 -3.67853
1.947 -3.67425
1.95 -3.66997
1.953 -3.66569
1.956 -3.66142
1.959 -3.65716
1.962 -3.6529
1.965 -3.64865
1.968 -3.64441
1.971 -3.64017
1.974 -3.63594
1.977 -3.63171
1.98 -3.6275
1.983 -3.62329
1.986 -3.61908
1.989 -3.61488
1.992 -3.61069
1.995 -3.60651
1.998 -3.60234
2.001 -3.59817
2.004 -3.59401
2.007 -3.58985
2.01 -3.58571
2.013 -3.58157
2.016 -3.57744
2.019 -3.57332
2.022 -3.56921
2.025 -3.5651
2.028 -3.561
2.031 -3.55692
2.034 -3.55284
2.037 -3.54877
2.04 -3.5447
2.043 -3.54065
2.046 -3.53661
2.049 -3.53257
2.052 -3.52855
2.055 -3.52453
2.058 -3.52052
2.061 -3.51653
2.064 -3.51254
2.067 -3.50856
2.07 -3.5046
2.073 -3.50064
2.076 -3.49669
2.079 -3.49276
2.082 -3.48883
2.085 -3.48492
2.088 -3.48101
2.091 -3.47712
2.094 -3.47324
2.097 -3.46937
2.1 -3.46551
2.103 -3.46166
2.106 -3.45783
2.109 -3.454
2.112 -3.45019
2.115 -3.44639
2.118 -3.44261
2.121 -3.43883
2.124 -3.43507
2.127 -3.43132
2.13 -3.42758
2.133 -3.42386
2.136 -3.42015
2.139 -3.41645
2.142 -3.41277
2.145 -3.4091
2.148 -3.40544
2.151 -3.4018
2.154 -3.39817
2.157 -3.39456
2.16 -3.39096
2.163 -3.38738
2.166 -3.38381
2.169 -3.38025
2.172 -3.37671
2.175 -3.37319
2.178 -3.36968
2.181 -3.36618
2.184 -3.36271
2.187 -3.35924
2.19 -3.3558
2.193 -3.35237
2.196 -3.34895
2.199 -3.34556
2.202 -3.34218
2.205 -3.33881
2.208 -3.33547
2.211 -3.33214
2.214 -3.32882
2.217 -3.32553
2.22 -3.32225
2.223 -3.31899
2.226 -3.31575
2.229 -3.31253
2.232 -3.30932
2.235 -3.30613
2.238 -3.30297
2.241 -3.29982
2.244 -3.29669
2.247 -3.29358
2.25 -3.29048
2.253 -3.28741
2.256 -3.28436
2.259 -3.28132
2.262 -3.27831
2.265 -3.27531
2.268 -3.27234
2.271 -3.26939
2.274 -3.26645
2.277 -3.26354
2.28 -3.26065
2.283 -3.25778
2.286 -3.25493
2.289 -3.2521
2.292 -3.24929
2.295 -3.2465
2.298 -3.24374
2.301 -3.24099
2.304 -3.23827
2.307 -3.23557
2.31 -3.23289
2.313 -3.23024
2.316 -3.2276
2.319 -3.22499
2.322 -3.2224
2.325 -3.21983
2.328 -3.21729
2.331 -3.21477
2.334 -3.21227
2.337 -3.20979
2.34 -3.20734
2.343 -3.20491
2.346 -3.20251
2.349 -3.20012
2.352 -3.19776
2.355 -3.19543
2.358 -3.19311
2.361 -3.19083
2.364 -3.18856
2.367 -3.18632
2.37 -3.1841
2.373 -3.18191
2.376 -3.17974
2.379 -3.17759
2.382 -3.17547
2.385 -3.17337
2.388 -3.1713
2.391 -3.16925
2.394 -3.16722
2.397 -3.16522
2.4 -3.16325
2.403 -3.16129
2.406 -3.15936
2.409 -3.15746
2.412 -3.15558
2.415 -3.15373
2.418 -3.1519
2.421 -3.15009
2.424 -3.14831
2.427 -3.14655
2.43 -3.14482
2.433 -3.14311
2.436 -3.14143
2.439 -3.13977
2.442 -3.13813
2.445 -3.13652
2.448 -3.13493
2.451 -3.13337
2.454 -3.13183
2.457 -3.13032
2.46 -3.12883
2.463 -3.12736
2.466 -3.12592
2.469 -3.1245
2.472 -3.12311
2.475 -3.12174
2.478 -3.12039
2.481 -3.11907
2.484 -3.11777
2.487 -3.1165
2.49 -3.11525
2.493 -3.11402
2.496 -3.11281
2.499 -3.11163
2.502 -3.11048
2.505 -3.10934
2.508 -3.10823
2.511 -3.10714
2.514 -3.10608
2.517 -3.10503
2.52 -3.10401
2.523 -3.10302
2.526 -3.10204
2.529 -3.10109
2.532 -3.10016
2.535 -3.09925
2.538 -3.09837
2.541 -3.0975
2.544 -3.09666
2.547 -3.09584
2.55 -3.09504
2.553 -3.09426
2.556 -3.09351
2.559 -3.09277
2.562 -3.09206
2.565 -3.09137
2.568 -3.09069
2.571 -3.09004
2.574 -3.08941
2.577 -3.0888
2.58 -3.08821
2.583 -3.08764
2.586 -3.08709
2.589 -3.08656
2.592 -3.08605
2.595 -3.08555
2.598 -3.08508
2.601 -3.08463
2.604 -3.08419
2.607 -3.08378
2.61 -3.08338
2.613 -3.083
2.616 -3.08264
2.619 -3.0823
2.622 -3.08198
2.625 -3.08167
2.628 -3.08138
2.631 -3.08111
2.634 -3.08086
2.637 -3.08062
2.64 -3.08041
2.643 -3.0802
2.646 -3.08002
2.649 -3.07985
2.652 -3.0797
2.655 -3.07956
2.658 -3.07944
2.661 -3.07934
2.664 -3.07925
2.667 -3.07917
2.67 -3.07912
2.673 -3.07907
2.676 -3.07905
2.679 -3.07903
2.682 -3.07904
2.685 -3.07905
2.688 -3.07908
2.691 -3.07913
2.694 -3.07919
2.697 -3.07926
2.7 -3.07935
2.703 -3.07945
2.706 -3.07956
2.709 -3.07969
2.712 -3.07983
2.715 -3.07998
2.718 -3.08014
2.721 -3.08032
2.724 -3.08051
2.727 -3.08071
2.73 -3.08093
2.733 -3.08115
2.736 -3.08139
2.739 -3.08164
2.742 -3.0819
2.745 -3.08217
2.748 -3.08246
2.751 -3.08275
2.754 -3.08305
2.757 -3.08337
2.76 -3.08369
2.763 -3.08403
2.766 -3.08438
2.769 -3.08473
2.772 -3.0851
2.775 -3.08547
2.778 -3.08586
2.781 -3.08625
2.784 -3.08665
2.787 -3.08707
2.79 -3.08749
2.793 -3.08792
2.796 -3.08835
2.799 -3.0888
2.802 -3.08926
2.805 -3.08972
2.808 -3.09019
2.811 -3.09067
2.814 -3.09116
2.817 -3.09165
2.82 -3.09215
2.823 -3.09266
2.826 -3.09318
2.829 -3.0937
2.832 -3.09423
2.835 -3.09477
2.838 -3.09531
2.841 -3.09586
2.844 -3.09642
2.847 -3.09698
2.85 -3.09755
2.853 -3.09813
2.856 -3.09871
2.859 -3.09929
2.862 -3.09989
2.865 -3.10049
2.868 -3.10109
2.871 -3.1017
2.874 -3.10231
2.877 -3.10293
2.88 -3.10356
2.883 -3.10418
2.886 -3.10482
2.889 -3.10546
2.892 -3.1061
2.895 -3.10675
2.898 -3.1074
2.901 -3.10806
2.904 -3.10872
2.907 -3.10938
2.91 -3.11005
2.913 -3.11072
2.916 -3.1114
2.919 -3.11207
2.922 -3.11276
2.925 -3.11344
2.928 -3.11413
2.931 -3.11483
2.934 -3.11552
2.937 -3.11622
2.94 -3.11692
2.943 -3.11763
2.946 -3.11833
2.949 -3.11904
2.952 -3.11976
2.955 -3.12047
2.958 -3.12119
2.961 -3.12191
2.964 -3.12263
2.967 -3.12336
2.97 -3.12408
2.973 -3.12481
2.976 -3.12554
2.979 -3.12628
2.982 -3.12701
2.985 -3.12775
2.988 -3.12848
2.991 -3.12922
2.994 -3.12997
2.997 -3.13071
3 -3.13145
3.001 -10
