0 0
0.003 0.539261
0.006 0.540536
0.009 0.541819
0.012 0.543111
0.015 0.544411
0.018 0.545719
0.021 0.547035
0.024 0.54836
0.027 0.549692
0.03 0.551034
0.033 0.552383
0.036 0.553741
0.039 0.555107
0.042 0.556481
0.045 0.557864
0.048 0.559255
0.051 0.560654
0.054 0.562062
0.057 0.563478
0.06 0.564902
0.063 0.566334
0.066 0.567775
0.069 0.569224
0.072 0.570681
0.075 0.572147
0.078 0.573621
0.081 0.575103
0.084 0.576594
0.087 0.578092
0.09 0.579599
0.093 0.581114
0.096 0.582638
0.099 0.584169
0.102 0.585709
0.105 0.587257
0.108 0.588813
0.111 0.590377
0.114 0.59195
0.117 0.59353
0.12 0.595119
0.123 0.596716
0.126 0.59832
0.129 0.599933
0.132 0.601554
0.135 0.603182
0.138 0.604819
0.141 0.606463
0.144 0.608116
0.147 0.609776
0.15 0.611444
0.153 0.61312
0.156 0.614804
0.159 0.616495
0.162 0.618194
0.165 0.619901
0.168 0.621615
0.171 0.623337
0.174 0.625066
0.177 0.626803
0.18 0.628548
0.183 0.6303
0.186 0.632059
0.189 0.633825
0.192 0.635599
0.195 0.63738
0.198 0.639169
0.201 0.640964
0.204 0.642767
0.207 0.644576
0.21 0.646393
0.213 0.648216
0.216 0.650047
0.219 0.651884
0.222 0.653728
0.225 0.655579
0.228 0.657436
0.231 0.6593
0.234 0.661171
0.237 0.663048
0.24 0.664931
0.243 0.666821
0.246 0.668717
0.249 0.670619
0.252 0.672527
0.255 0.674442
0.258 0.676363
0.261 0.678289
0.264 0.680221
0.267 0.68216
0.27 0.684104
0.273 0.686053
0.276 0.688008
0.279 0.689969
0.282 0.691935
0.285 0.693907
0.288 0.695884
0.291 0.697866
0.294 0.699853
0.297 0.701846
0.3 0.703843
0.303 0.705845
0.306 0.707852
0.309 0.709864
0.312 0.711881
0.315 0.713902
0.318 0.715927
0.321 0.717957
0.324 0.719992
0.327 0.72203
0.33 0.724073
0.333 0.72612
0.336 0.728171
0.339 0.730226
0.342 0.732285
0.345 0.734347
0.348 0.736414
0.351 0.738483
0.354 0.740557
0.357 0.742633
0.36 0.744713
0.363 0.746797
0.366 0.748883
0.369 0.750972
0.372 0.753065
0.375 0.75516
0.378 0.757259
0.381 0.75936
0.384 0.761463
0.387 0.763569
0.39 0.765678
0.393 0.767789
0.396 0.769902
0.399 0.772018
0.402 0.774136
0.405 0.776256
0.408 0.778377
0.411 0.780501
0.414 0.782626
0.417 0.784754
0.42 0.786882
0.423 0.789013
0.426 0.791145
0.429 0.793278
0.432 0.795413
0.435 0.797549
0.438 0.799686
0.441 0.801824
0.444 0.803963
0.447 0.806103
0.45 0.808244
0.453 0.810386
0.456 0.812528
0.459 0.814672
0.462 0.816815
0.465 0.818959
0.468 0.821104
0.471 0.823249
0.474 0.825395
0.477 0.82754
0.48 0.829686
0.483 0.831832
0.486 0.833978
0.489 0.836124
0.492 0.838269
0.495 0.840415
0.498 0.842561
0.501 0.844706
0.504 0.846851
0.507 0.848995
0.51 0.85114
0.513 0.853283
0.516 0.855426
0.519 0.857569
0.522 0.859711
0.525 0.861852
0.528 0.863993
0.531 0.866133
0.534 0.868272
0.537 0.87041
0.54 0.872547
0.543 0.874684
0.546 0.876819
0.549 0.878954
0.552 0.881087
0.555 0.883219
0.558 0.885351
0.561 0.887481
0.564 0.88961
0.567 0.891738
0.57 0.893864
0.573 0.89599
0.576 0.898114
0.579 0.900237
0.582 0.902358
0.585 0.904478
0.588 0.906597
0.591 0.908715
0.594 0.910831
0.597 0.912946
0.6 0.915059
0.603 0.917172
0.606 0.919282
0.609 0.921391
0.612 0.923499
0.615 0.925606
0.618 0.927711
0.621 0.929814
0.624 0.931916
0.627 0.934017
0.63 0.936117
0.633 0.938214
0.636 0.940311
0.639 0.942406
0.642 0.9445
0.645 0.946592
0.648 0.948683
0.651 0.950773
0.654 0.952861
0.657 0.954948
0.66 0.957034
0.663 0.959118
0.666 0.961201
0.669 0.963283
0.672 0.965364
0.675 0.967443
0.678 0.969521
0.681 0.971598
0.684 0.973674
0.687 0.975749
0.69 0.977823
0.693 0.979896
0.696 0.981967
0.699 0.984038
0.702 0.986108
0.705 0.988177
0.708 0.990245
0.711 0.992312
0.714 0.994379
0.717 0.996444
0.72 0.998509
0.723 1.00057
0.726 1.00264
0.729 1.0047
0.732 1.00676
0.735 1.00882
0.738 1.01089
0.741 1.01295
0.744 1.01501
0.747 1.01707
0.75 1.01913
0.753 1.02119
0.756 1.02325
0.759 1.02531
0.762 1.02737
0.765 1.02943
0.768 1.03149
0.771 1.03355
0.774 1.03561
0.777 1.03767
0.78 1.03973
0.783 1.04179
0.786 1.04385
0.789 1.04591
0.792 1.04797
0.795 1.05003
0.798 1.0521
0.801 1.05416
0.804 1.05622
0.807 1.05829
0.81 1.06036
0.813 1.06242
0.816 1.06449
0.819 1.06656
0.822 1.06863
0.825 1.0707
0.828 1.07277
0.831 1.07485
0.834 1.07692
0.837 1.079
0.84 1.08108
0.843 1.08316
0.846 1.08524
0.849 1.08732
0.852 1.0894
0.855 1.09149
0.858 1.09358
0.861 1.09567
0.864 1.09776
0.867 1.09985
0.87 1.10195
0.873 1.10405
0.876 1.10615
0.879 1.10825
0.882 1.11036
0.885 1.11246
0.888 1.11457
0.891 1.11669
0.894 1.1188
0.897 1.12092
0.9 1.12304
0.903 1.12516
0.906 1.12729
0.909 1.12942
0.912 1.13155
0.915 1.13369
0.918 1.13583
0.921 1.13797
0.924 1.14012
0.927 1.14226
0.93 1.14442
0.933 1.14657
0.936 1.14873
0.939 1.15089
0.942 1.15306
0.945 1.15523
0.948 1.1574
0.951 1.15958
0.954 1.16176
0.957 1.16395
0.96 1.16614
0.963 1.16833
0.966 1.17053
0.969 1.17273
0.972 1.17494
0.975 1.17715
0.978 1.17937
0.981 1.18159
0.984 1.18381
0.987 1.18604
0.99 1.18828
0.993 1.19051
0.996 1.19276
0.999 1.19501
1.002 1.19726
1.005 1.19952
1.008 1.20178
1.011 1.20405
1.014 1.20632
1.017 1.2086
1.02 1.21089
1.023 1.21318
1.026 1.21547
1.029 1.21777
1.032 1.22008
1.035 1.22239
1.038 1.2247
1.041 1.22703
1.044 1.22935
1.047 1.23169
1.05 1.23403
1.053 1.23637
1.056 1.23872
1.059 1.24108
1.062 1.24345
1.065 1.24582
1.068 1.24819
1.071 1.25057
1.074 1.25296
1.077 1.25536
1.08 1.25776
1.083 1.26016
1.086 1.26258
1.089 1.265
1.092 1.26742
1.095 1.26986
1.098 1.2723
1.101 1.27474
1.104 1.2772
1.107 1.27966
1.11 1.28212
1.113 1.2846
1.116 1.28708
1.119 1.28957
1.122 1.29206
1.125 1.29456
1.128 1.29707
1.131 1.29959
1.134 1.30211
1.137 1.30464
1.14 1.30718
1.143 1.30973
1.146 1.31228
1.149 1.31484
1.152 1.31741
1.155 1.31998
1.158 1.32256
1.161 1.32515
1.164 1.32775
1.167 1.33036
1.17 1.33297
1.173 1.33559
1.176 1.33822
1.179 1.34086
1.182 1.3435
1.185 1.34615
1.188 1.34881
1.191 1.35148
1.194 1.35416
1.197 1.35685
1.2 1.35954
1.203 1.36224
1.206 1.36495
1.209 1.36767
1.212 1.37039
1.215 1.37313
1.218 1.37587
1.221 1.37862
1.224 1.38138
1.227 1.38415
1.23 1.38693
1.233 1.38971
1.236 1.39251
1.239 1.39531
1.242 1.39812
1.245 1.40094
1.248 1.40377
1.251 1.40661
1.254 1.40945
1.257 1.41231
1.26 1.41518
1.263 1.41805
1.266 1.42093
1.269 1.42382
1.272 1.42673
1.275 1.42964
1.278 1.43256
1.281 1.43548
1.284 1.43842
1.287 1.44137
1.29 1.44433
1.293 1.44729
1.296 1.45027
1.299 1.45325
1.302 1.45625
1.305 1.45925
1.308 1.46227
1.311 1.46529
1.314 1.46832
1.317 1.47137
1.32 1.47442
1.323 1.47748
1.326 1.48055
1.329 1.48364
1.332 1.48673
1.335 1.48983
1.338 1.49295
1.341 1.49607
1.344 1.4992
1.347 1.50234
1.35 1.5055
1.353 1.50866
1.356 1.51183
1.359 1.51502
1.362 1.51821
1.365 1.52142
1.368 1.52463
1.371 1.52786
1.374 1.5311
1.377 1.53435
1.38 1.5376
1.383 1.54087
1.386 1.54415
1.389 1.54744
1.392 1.55074
1.395 1.55406
1.398 1.55738
1.401 1.56071
1.404 1.56406
1.407 1.56742
1.41 1.57078
1.413 1.57416
1.416 1.57755
1.419 1.58096
1.422 1.58437
1.425 1.58779
1.428 1.59123
1.431 1.59468
1.434 1.59814
1.437 1.60161
1.44 1.60509
1.443 1.60859
1.446 1.61209
1.449 1.61561
1.452 1.61914
1.455 1.62268
1.458 1.62624
1.461 1.6298
1.464 1.63338
1.467 1.63697
1.47 1.64058
1.473 1.64419
1.476 1.64782
1.479 1.65146
1.482 1.65511
1.485 1.65878
1.488 1.66246
1.491 1.66615
1.494 1.66985
1.497 1.67357
1.5 1.6773
1.503 1.68104
1.506 1.6848
1.509 1.68857
1.512 1.69235
1.515 1.69614
1.518 1.69995
1.521 1.70377
1.524 1.70761
1.527 1.71146
1.53 1.71532
1.533 1.7192
1.536 1.72309
1.539 1.72699
1.542 1.73091
1.545 1.73484
1.548 1.73878
1.551 1.74274
1.554 1.74672
1.557 1.75071
1.56 1.75471
1.563 1.75872
1.566 1.76275
1.569 1.7668
1.572 1.77086
1.575 1.77494
1.578 1.77903
1.581 1.78313
1.584 1.78725
1.587 1.79138
1.59 1.79553
1.593 1.7997
1.596 1.80388
1.599 1.80807
1.602 1.81228
1.605 1.81651
1.608 1.82075
1.611 1.82501
1.614 1.82928
1.617 1.83357
1.62 1.83787
1.623 1.84219
1.626 1.84653
1.629 1.85088
1.632 1.85525
1.635 1.85963
1.638 1.86403
1.641 1.86845
1.644 1.87288
1.647 1.87733
1.65 1.8818
1.653 1.88628
1.656 1.89078
1.659 1.8953
1.662 1.89983
1.665 1.90438
1.668 1.90895
1.671 1.91354
1.674 1.91814
1.677 1.92276
1.68 1.9274
1.683 1.93205
1.686 1.93673
1.689 1.94142
1.692 1.94612
1.695 1.95085
1.698 1.95559
1.701 1.96035
1.704 1.96513
1.707 1.96993
1.71 1.97475
1.713 1.97958
1.716 1.98444
1.719 1.98931
1.722 1.9942
1.725 1.99911
1.728 2.00403
1.731 2.00898
1.734 2.01395
1.737 2.01893
1.74 2.02393
1.743 2.02895
1.746 2.034
1.749 2.03906
1.752 2.04414
1.755 2.04923
1.758 2.05435
1.761 2.05949
1.764 2.06465
1.767 2.06983
1.77 2.07502
1.773 2.08024
1.776 2.08548
1.779 2.09073
1.782 2.09601
1.785 2.1013
1.788 2.10662
1.791 2.11196
1.794 2.11731
1.797 2.12269
1.8 2.12809
1.803 2.13351
1.806 2.13895
1.809 2.1444
1.812 2.14988
1.815 2.15538
1.818 2.1609
1.821 2.16644
1.824 2.17201
1.827 2.17759
1.83 2.18319
1.833 2.18882
1.836 2.19446
1.839 2.20013
1.842 2.20581
1.845 2.21152
1.848 2.21725
1.851 2.223
1.854 2.22877
1.857 2.23456
1.86 2.24038
1.863 2.24621
1.866 2.25206
1.869 2.25794
1.872 2.26384
1.875 2.26976
1.878 2.2757
1.881 2.28166
1.884 2.28764
1.887 2.29364
1.89 2.29967
1.893 2.30571
1.896 2.31178
1.899 2.31787
1.902 2.32397
1.905 2.3301
1.908 2.33625
1.911 2.34243
1.914 2.34862
1.917 2.35483
1.92 2.36107
1.923 2.36732
1.926 2.3736
1.929 2.37989
1.932 2.38621
1.935 2.39255
1.938 2.39891
1.941 2.40529
1.944 2.41169
1.947 2.41811
1.95 2.42455
1.953 2.43101
1.956 2.43749
1.959 2.44399
1.962 2.45051
1.965 2.45705
1.968 2.46361
1.971 2.47018
1.974 2.47678
1.977 2.4834
1.98 2.49004
1.983 2.49669
1.986 2.50337
1.989 2.51006
1.992 2.51677
1.995 2.52351
1.998 2.53026
2.001 2.53702
2.004 2.54381
2.007 2.55061
2.01 2.55743
2.013 2.56427
2.016 2.57113
2.019 2.578
2.022 2.58489
2.025 2.59179
2.028 2.59872
2.031 2.60566
2.034 2.61261
2.037 2.61958
2.04 2.62657
2.043 2.63357
2.046 2.64058
2.049 2.64762
2.052 2.65466
2.055 2.66172
2.058 2.66879
2.061 2.67588
2.064 2.68298
2.067 2.6901
2.07 2.69722
2.073 2.70436
2.076 2.71151
2.079 2.71868
2.082 2.72585
2.085 2.73304
2.088 2.74023
2.091 2.74744
2.094 2.75466
2.097 2.76188
2.1 2.76912
2.103 2.77637
2.106 2.78362
2.109 2.79088
2.112 2.79815
2.115 2.80543
2.118 2.81271
2.121 2.82001
2.124 2.8273
2.127 2.83461
2.13 2.84191
2.133 2.84923
2.136 2.85655
2.139 2.86387
2.142 2.87119
2.145 2.87852
2.148 2.88585
2.151 2.89319
2.154 2.90052
2.157 2.90786
2.16 2.9152
2.163 2.92254
2.166 2.92987
2.169 2.93721
2.172 2.94455
2.175 2.95188
2.178 2.95921
2.181 2.96654
2.184 2.97387
2.187 2.98119
2.19 2.98851
2.193 2.99582
2.196 3.00313
2.199 3.01043
2.202 3.01773
2.205 3.02501
2.208 3.0323
2.211 3.03957
2.214 3.04683
2.217 3.05409
2.22 3.06133
2.223 3.06857
2.226 3.07579
2.229 3.083
2.232 3.09021
2.235 3.09739
2.238 3.10457
2.241 3.11173
2.244 3.11888
2.247 3.12601
2.25 3.13313
2.253 3.14023
2.256 3.14732
2.259 3.15438
2.262 3.16143
2.265 3.16847
2.268 3.17548
2.271 3.18248
2.274 3.18945
2.277 3.19641
2.28 3.20334
2.283 3.21025
2.286 3.21714
2.289 3.22401
2.292 3.23086
2.295 3.23768
2.298 3.24448
2.301 3.25125
2.304 3.258
2.307 3.26472
2.31 3.27142
2.313 3.27809
2.316 3.28474
2.319 3.29135
2.322 3.29794
2.325 3.3045
2.328 3.31103
2.331 3.31753
2.334 3.32401
2.337 3.33045
2.34 3.33686
2.343 3.34324
2.346 3.34959
2.349 3.3559
2.352 3.36219
2.355 3.36844
2.358 3.37466
2.361 3.38085
2.364 3.387
2.367 3.39311
2.37 3.3992
2.373 3.40524
2.376 3.41126
2.379 3.41723
2.382 3.42318
2.385 3.42908
2.388 3.43495
2.391 3.44078
2.394 3.44658
2.397 3.45233
2.4 3.45805
2.403 3.46374
2.406 3.46938
2.409 3.47499
2.412 3.48055
2.415 3.48608
2.418 3.49157
2.421 3.49702
2.424 3.50243
2.427 3.5078
2.43 3.51313
2.433 3.51843
2.436 3.52368
2.439 3.52889
2.442 3.53406
2.445 3.53919
2.448 3.54428
2.451 3.54934
2.454 3.55435
2.457 3.55931
2.46 3.56424
2.463 3.56913
2.466 3.57398
2.469 3.57878
2.472 3.58355
2.475 3.58827
2.478 3.59295
2.481 3.5976
2.484 3.6022
2.487 3.60676
2.49 3.61128
2.493 3.61575
2.496 3.62019
2.499 3.62459
2.502 3.62894
2.505 3.63326
2.508 3.63753
2.511 3.64177
2.514 3.64596
2.517 3.65011
2.52 3.65422
2.523 3.6583
2.526 3.66233
2.529 3.66632
2.532 3.67027
2.535 3.67419
2.538 3.67806
2.541 3.68189
2.544 3.68569
2.547 3.68944
2.55 3.69316
2.553 3.69684
2.556 3.70047
2.559 3.70407
2.562 3.70764
2.565 3.71116
2.568 3.71465
2.571 3.71809
2.574 3.7215
2.577 3.72488
2.58 3.72821
2.583 3.73151
2.586 3.73478
2.589 3.738
2.592 3.74119
2.595 3.74435
2.598 3.74746
2.601 3.75055
2.604 3.75359
2.607 3.75661
2.61 3.75958
2.613 3.76253
2.616 3.76543
2.619 3.76831
2.622 3.77115
2.625 3.77396
2.628 3.77673
2.631 3.77947
2.634 3.78218
2.637 3.78485
2.64 3.78749
2.643 3.7901
2.646 3.79268
2.649 3.79523
2.652 3.79775
2.655 3.80023
2.658 3.80268
2.661 3.80511
2.664 3.8075
2.667 3.80986
2.67 3.8122
2.673 3.8145
2.676 3.81678
2.679 3.81902
2.682 3.82124
2.685 3.82343
2.688 3.82559
2.691 3.82772
2.694 3.82983
2.697 3.83191
2.7 3.83396
2.703 3.83598
2.706 3.83798
2.709 3.83995
2.712 3.8419
2.715 3.84382
2.718 3.84571
2.721 3.84758
2.724 3.84943
2.727 3.85125
2.73 3.85304
2.733 3.85481
2.736 3.85656
2.739 3.85828
2.742 3.85998
2.745 3.86166
2.748 3.86332
2.751 3.86495
2.754 3.86656
2.757 3.86814
2.76 3.86971
2.763 3.87125
2.766 3.87278
2.769 3.87428
2.772 3.87576
2.775 3.87722
2.778 3.87865
2.781 3.88007
2.784 3.88147
2.787 3.88285
2.79 3.88421
2.793 3.88555
2.796 3.88687
2.799 3.88817
2.802 3.88946
2.805 3.89072
2.808 3.89197
2.811 3.8932
2.814 3.89441
2.817 3.8956
2.82 3.89678
2.823 3.89794
2.826 3.89908
2.829 3.9002
2.832 3.90131
2.835 3.9024
2.838 3.90348
2.841 3.90454
2.844 3.90559
2.847 3.90661
2.85 3.90763
2.853 3.90863
2.856 3.90961
2.859 3.91058
2.862 3.91153
2.865 3.91247
2.868 3.9134
2.871 3.91431
2.874 3.91521
2.877 3.91609
2.88 3.91696
2.883 3.91782
2.886 3.91866
2.889 3.9195
2.892 3.92031
2.895 3.92112
2.898 3.92191
2.901 3.92269
2.904 3.92346
2.907 3.92422
2.91 3.92496
2.913 3.9257
2.916 3.92642
2.919 3.92713
2.922 3.92783
2.925 3.92851
2.928 3.92919
2.931 3.92986
2.934 3.93051
2.937 3.93116
2.94 3.93179
2.943 3.93241
2.946 3.93303
2.949 3.93363
2.952 3.93422
2.955 3.93481
2.958 3.93538
2.961 3.93595
2.964 3.9365
2.967 3.93705
2.97 3.93759
2.973 3.93812
2.976 3.93864
2.979 3.93915
2.982 3.93965
2.985 3.94014
2.988 3.94063
2.991 3.9411
2.994 3.94157
2.997 3.94203
3 3.94249
3.001 0
