0 -10
0.003 -6.21606
0.006 -6.21207
0.009 -6.20806
0.012 -6.20402
0.015 -6.19995
0.018 -6.19585
0.021 -6.19172
0.024 -6.18757
0.027 -6.18339
0.03 -6.17917
0.033 -6.17493
0.036 -6.17066
0.039 -6.16637
0.042 -6.16204
0.045 -6.15768
0.048 -6.1533
0.051 -6.14888
0.054 -6.14444
0.057 -6.13997
0.06 -6.13546
0.063 -6.13093
0.066 -6.12637
0.069 -6.12178
0.072 -6.11716
0.075 -6.11251
0.078 -6.10783
0.081 -6.10312
0.084 -6.09838
0.087 -6.09361
0.09 -6.0888
0.093 -6.08397
0.096 -6.07911
0.099 -6.07422
0.102 -6.0693
0.105 -6.06435
0.108 -6.05936
0.111 -6.05435
0.114 -6.04931
0.117 -6.04423
0.12 -6.03913
0.123 -6.03399
0.126 -6.02883
0.129 -6.02363
0.132 -6.0184
0.135 -6.01315
0.138 -6.00786
0.141 -6.00254
0.144 -5.99719
0.147 -5.99181
0.15 -5.9864
0.153 -5.98096
0.156 -5.97548
0.159 -5.96998
0.162 -5.96444
0.165 -5.95888
0.168 -5.95328
0.171 -5.94766
0.174 -5.942
0.177 -5.93631
0.18 -5.9306
0.183 -5.92485
0.186 -5.91907
0.189 -5.91326
0.192 -5.90742
0.195 -5.90155
0.198 -5.89565
0.201 -5.88972
0.204 -5.88376
0.207 -5.87776
0.21 -5.87174
0.213 -5.86569
0.216 -5.85961
0.219 -5.8535
0.222 -5.84736
0.225 -5.84119
0.228 -5.83499
0.231 -5.82876
0.234 -5.8225
0.237 -5.81621
0.24 -5.8099
0.243 -5.80355
0.246 -5.79718
0.249 -5.79077
0.252 -5.78434
0.255 -5.77788
0.258 -5.77139
0.261 -5.76488
0.264 -5.75833
0.267 -5.75176
0.27 -5.74516
0.273 -5.73853
0.276 -5.73188
0.279 -5.7252
0.282 -5.71849
0.285 -5.71175
0.288 -5.70499
0.291 -5.6982
0.294 -5.69139
0.297 -5.68454
0.3 -5.67768
0.303 -5.67079
0.306 -5.66387
0.309 -5.65693
0.312 -5.64996
0.315 -5.64297
0.318 -5.63595
0.321 -5.62891
0.324 -5.62185
0.327 -5.61476
0.33 -5.60765
0.333 -5.60051
0.336 -5.59336
0.339 -5.58618
0.342 -5.57897
0.345 -5.57175
0.348 -5.56451
0.351 -5.55724
0.354 -5.54995
0.357 -5.54264
0.36 -5.53532
0.363 -5.52797
0.366 -5.5206
0.369 -5.51321
0.372 -5.5058
0.375 -5.49838
0.378 -5.49093
0.381 -5.48347
0.384 -5.47599
0.387 -5.4685
0.39 -5.46098
0.393 -5.45345
0.396 -5.44591
0.399 -5.43834
0.402 -5.43077
0.405 -5.42317
0.408 -5.41557
0.411 -5.40794
0.414 -5.40031
0.417 -5.39266
0.42 -5.385
0.423 -5.37733
0.426 -5.36964
0.429 -5.36194
0.432 -5.35423
0.435 -5.34651
0.438 -5.33878
0.441 -5.33104
0.444 -5.32329
0.447 -5.31553
0.45 -5.30776
0.453 -5.29999
0.456 -5.2922
0.459 -5.28441
0.462 -5.27661
0.465 -5.26881
0.468 -5.261
0.471 -5.25318
0.474 -5.24536
0.477 -5.23753
0.48 -5.22971
0.483 -5.22187
0.486 -5.21404
0.489 -5.2062
0.492 -5.19836
0.495 -5.19052
0.498 -5.18267
0.501 -5.17483
0.504 -5.16699
0.507 -5.15914
0.51 -5.1513
0.513 -5.14346
0.516 -5.13562
0.519 -5.12778
0.522 -5.11995
0.525 -5.11212
0.528 -5.10429
0.531 -5.09647
0.534 -5.08865
0.537 -5.08084
0.54 -5.07303
0.543 -5.06523
0.546 -5.05744
0.549 -5.04966
0.552 -5.04188
0.555 -5.03411
0.558 -5.02635
0.561 -5.0186
0.564 -5.01086
0.567 -5.00313
0.57 -4.99541
0.573 -4.9877
0.576 -4.98
0.579 -4.97232
0.582 -4.96464
0.585 -4.95699
0.588 -4.94934
0.591 -4.94171
0.594 -4.93409
0.597 -4.92649
0.6 -4.91891
0.603 -4.91134
0.606 -4.90379
0.609 -4.89625
0.612 -4.88873
0.615 -4.88123
0.618 -4.87375
0.621 -4.86629
0.624 -4.85885
0.627 -4.85142
0.63 -4.84402
0.633 -4.83663
0.636 -4.82927
0.639 -4.82193
0.642 -4.81461
0.645 -4.80731
0.648 -4.80004
0.651 -4.79278
0.654 -4.78556
0.657 -4.77835
0.66 -4.77117
0.663 -4.76401
0.666 -4.75688
0.669 -4.74978
0.672 -4.74269
0.675 -4.73564
0.678 -4.72861
0.681 -4.72161
0.684 -4.71463
0.687 -4.70768
0.69 -4.70076
0.693 -4.69387
0.696 -4.68701
0.699 -4.68017
0.702 -4.67336
0.705 -4.66658
0.708 -4.65983
0.711 -4.65311
0.714 -4.64642
0.717 -4.63977
0.72 -4.63314
0.723 -4.62654
0.726 -4.61997
0.729 -4.61343
0.732 -4.60693
0.735 -4.60045
0.738 -4.59401
0.741 -4.5876
0.744 -4.58122
0.747 -4.57487
0.75 -4.56856
0.753 -4.56228
0.756 -4.55603
0.759 -4.54981
0.762 -4.54363
0.765 -4.53748
0.768 -4.53137
0.771 -4.52528
0.774 -4.51924
0.777 -4.51322
0.78 -4.50724
0.783 -4.50129
0.786 -4.49538
0.789 -4.4895
0.792 -4.48366
0.795 -4.47785
0.798 -4.47207
0.801 -4.46633
0.804 -4.46062
0.807 -4.45495
0.81 -4.44931
0.813 -4.44371
0.816 -4.43814
0.819 -4.4326
0.822 -4.42711
0.825 -4.42164
0.828 -4.41621
0.831 -4.41082
0.834 -4.40546
0.837 -4.40013
0.84 -4.39484
0.843 -4.38958
0.846 -4.38436
0.849 -4.37917
0.852 -4.37402
0.855 -4.3689
0.858 -4.36382
0.861 -4.35877
0.864 -4.35375
0.867 -4.34877
0.87 -4.34382
0.873 -4.33891
0.876 -4.33403
0.879 -4.32919
0.882 -4.32437
0.885 -4.3196
0.888 -4.31485
0.891 -4.31014
0.894 -4.30546
0.897 -4.30082
0.9 -4.29621
0.903 -4.29163
0.906 -4.28709
0.909 -4.28257
0.912 -4.27809
0.915 -4.27365
0.918 -4.26923
0.921 -4.26485
0.924 -4.2605
0.927 -4.25618
0.93 -4.25189
0.933 -4.24763
0.936 -4.24341
0.939 -4.23921
0.942 -4.23505
0.945 -4.23092
0.948 -4.22682
0.951 -4.22275
0.954 -4.21871
0.957 -4.21469
0.96 -4.21071
0.963 -4.20676
0.966 -4.20284
0.969 -4.19895
0.972 -4.19509
0.975 -4.19125
0.978 -4.18744
0.981 -4.18367
0.984 -4.17992
0.987 -4.1762
0.99 -4.1725
0.993 -4.16884
0.996 -4.1652
0.999 -4.16159
1.002 -4.15801
1.005 -4.15445
1.008 -4.15092
1.011 -4.14741
1.014 -4.14393
1.017 -4.14048
1.02 -4.13705
1.023 -4.13365
1.026 -4.13028
1.029 -4.12693
1.032 -4.1236
1.035 -4.1203
1.038 -4.11702
1.041 -4.11376
1.044 -4.11053
1.047 -4.10733
1.05 -4.10414
1.053 -4.10098
1.056 -4.09785
1.059 -4.09473
1.062 -4.09164
1.065 -4.08857
1.068 -4.08552
1.071 -4.08249
1.074 -4.07949
1.077 -4.07651
1.08 -4.07354
1.083 -4.0706
1.086 -4.06768
1.089 -4.06478
1.092 -4.0619
1.095 -4.05903
1.098 -4.05619
1.101 -4.05337
1.104 -4.05056
1.107 -4.04778
1.11 -4.04501
1.113 -4.04227
1.116 -4.03954
1.119 -4.03682
1.122 -4.03413
1.125 -4.03145
1.128 -4.0288
1.131 -4.02615
1.134 -4.02353
1.137 -4.02092
1.14 -4.01833
1.143 -4.01575
1.146 -4.01319
1.149 -4.01064
1.152 -4.00811
1.155 -4.0056
1.158 -4.0031
1.161 -4.00062
1.164 -3.99815
1.167 -3.99569
1.17 -3.99325
1.173 -3.99082
1.176 -3.98841
1.179 -3.98601
1.182 -3.98362
1.185 -3.98125
1.188 -3.97889
1.191 -3.97654
1.194 -3.9742
1.197 -3.97188
1.2 -3.96956
1.203 -3.96726
1.206 -3.96498
1.209 -3.9627
1.212 -3.96043
1.215 -3.95818
1.218 -3.95593
1.221 -3.9537
1.224 -3.95147
1.227 -3.94926
1.23 -3.94706
1.233 -3.94486
1.236 -3.94268
1.239 -3.9405
1.242 -3.93834
1.245 -3.93618
1.248 -3.93403
1.251 -3.93189
1.254 -3.92976
1.257 -3.92764
1.26 -3.92553
1.263 -3.92342
1.266 -3.92132
1.269 -3.91923
1.272 -3.91715
1.275 -3.91507
1.278 -3.913
1.281 -3.91093
1.284 -3.90888
1.287 -3.90683
1.29 -3.90478
1.293 -3.90275
1.296 -3.90071
1.299 -3.89869
1.302 -3.89667
1.305 -3.89465
1.308 -3.89264
1.311 -3.89064
1.314 -3.88864
1.317 -3.88664
1.32 -3.88465
1.323 -3.88267
1.326 -3.88068
1.329 -3.87871
1.332 -3.87673
1.335 -3.87476
1.338 -3.8728
1.341 -3.87083
1.344 -3.86887
1.347 -3.86692
1.35 -3.86497
1.353 -3.86302
1.356 -3.86107
1.359 -3.85912
1.362 -3.85718
1.365 -3.85524
1.368 -3.8533
1.371 -3.85137
1.374 -3.84944
1.377 -3.8475
1.38 -3.84558
1.383 -3.84365
1.386 -3.84172
1.389 -3.8398
1.392 -3.83787
1.395 -3.83595
1.398 -3.83403
1.401 -3.8321
1.404 -3.83018
1.407 -3.82826
1.41 -3.82635
1.413 -3.82443
1.416 -3.82251
1.419 -3.82059
1.422 -3.81867
1.425 -3.81675
1.428 -3.81483
1.431 -3.81291
1.434 -3.81099
1.437 -3.80908
1.44 -3.80715
1.443 -3.80523
1.446 -3.80331
1.449 -3.80139
1.452 -3.79947
1.455 -3.79754
1.458 -3.79562
1.461 -3.79369
1.464 -3.79176
1.467 -3.78983
1.47 -3.7879
1.473 -3.78597
1.476 -3.78403
1.479 -3.7821
1.482 -3.78016
1.485 -3.77822
1.488 -3.77628
1.491 -3.77434
1.494 -3.77239
1.497 -3.77045
1.5 -3.7685
1.503 -3.76655
1.506 -3.76459
1.509 -3.76264
1.512 -3.76068
1.515 -3.75872
1.518 -3.75676
1.521 -3.75479
1.524 -3.75282
1.527 -3.75085
1.53 -3.74888
1.533 -3.7469
1.536 -3.74493
1.539 -3.74295
1.542 -3.74096
1.545 -3.73898
1.548 -3.73699
1.551 -3.73499
1.554 -3.733
1.557 -3.731
1.56 -3.729
1.563 -3.727
1.566 -3.72499
1.569 -3.72298
1.572 -3.72097
1.575 -3.71896
1.578 -3.71694
1.581 -3.71492
1.584 -3.71289
1.587 -3.71087
1.59 -3.70884
1.593 -3.70681
1.596 -3.70477
1.599 -3.70273
1.602 -3.70069
1.605 -3.69865
1.608 -3.6966
1.611 -3.69456
1.614 -3.6925
1.617 -3.69045
1.62 -3.68839
1.623 -3.68633
1.626 -3.68427
1.629 -3.68221
1.632 -3.68014
1.635 -3.67807
1.638 -3.676
1.641 -3.67392
1.644 -3.67185
1.647 -3.66977
1.65 -3.66768
1.653 -3.6656
1.656 -3.66351
1.659 -3.66143
1.662 -3.65934
1.665 -3.65724
1.668 -3.65515
1.671 -3.65305
1.674 -3.65096
1.677 -3.64886
1.68 -3.64676
1.683 -3.64465
1.686 -3.64255
1.689 -3.64044
1.692 -3.63834
1.695 -3.63623
1.698 -3.63412
1.701 -3.63201
1.704 -3.6299
1.707 -3.62778
1.71 -3.62567
1.713 -3.62355
1.716 -3.62144
1.719 -3.61932
1.722 -3.61721
1.725 -3.61509
1.728 -3.61297
1.731 -3.61086
1.734 -3.60874
1.737 -3.60662
1.74 -3.6045
1.743 -3.60238
1.746 -3.60027
1.749 -3.59815
1.752 -3.59603
1.755 -3.59392
1.758 -3.5918
1.761 -3.58969
1.764 -3.58757
1.767 -3.58546
1.77 -3.58335
1.773 -3.58124
1.776 -3.57913
1.779 -3.57702
1.782 -3.57491
1.785 -3.5728
1.788 -3.5707
1.791 -3.5686
1.794 -3.5665
1.797 -3.5644
1.8 -3.5623
1.803 -3.56021
1.806 -3.55811
1.809 -3.55602
1.812 -3.55394
1.815 -3.55185
1.818 -3.54977
1.821 -3.54769
1.824 -3.54561
1.827 -3.54354
1.83 -3.54147
1.833 -3.5394
1.836 -3.53733
1.839 -3.53527
1.842 -3.53321
1.845 -3.53116
1.848 -3.52911
1.851 -3.52706
1.854 -3.52502
1.857 -3.52298
1.86 -3.52095
1.863 -3.51892
1.866 -3.51689
1.869 -3.51487
1.872 -3.51285
1.875 -3.51084
1.878 -3.50883
1.881 -3.50682
1.884 -3.50482
1.887 -3.50283
1.89 -3.50084
1.893 -3.49886
1.896 -3.49688
1.899 -3.4949
1.902 -3.49294
1.905 -3.49097
1.908 -3.48902
1.911 -3.48706
1.914 -3.48512
1.917 -3.48318
1.92 -3.48124
1.923 -3.47932
1.926 -3.47739
1.929 -3.47548
1.932 -3.47357
1.935 -3.47167
1.938 -3.46977
1.941 -3.46788
1.944 -3.46599
1.947 -3.46412
1.95 -3.46225
1.953 -3.46038
1.956 -3.45853
1.959 -3.45668
1.962 -3.45483
1.965 -3.453
1.968 -3.45117
1.971 -3.44935
1.974 -3.44754
1.977 -3.44573
1.98 -3.44393
1.983 -3.44214
1.986 -3.44036
1.989 -3.43858
1.992 -3.43681
1.995 -3.43506
1.998 -3.4333
2.001 -3.43156
2.004 -3.42983
2.007 -3.4281
2.01 -3.42638
2.013 -3.42467
2.016 -3.42297
2.019 -3.42128
2.022 -3.41959
2.025 -3.41792
2.028 -3.41625
2.031 -3.41459
2.034 -3.41294
2.037 -3.4113
2.04 -3.40967
2.043 -3.40805
2.046 -3.40644
2.049 -3.40483
2.052 -3.40324
2.055 -3.40166
2.058 -3.40008
2.061 -3.39852
2.064 -3.39696
2.067 -3.39542
2.07 -3.39388
2.073 -3.39235
2.076 -3.39084
2.079 -3.38933
2.082 -3.38784
2.085 -3.38635
2.088 -3.38488
2.091 -3.38341
2.094 -3.38196
2.097 -3.38051
2.1 -3.37908
2.103 -3.37766
2.106 -3.37624
2.109 -3.37484
2.112 -3.37345
2.115 -3.37207
2.118 -3.3707
2.121 -3.36934
2.124 -3.368
2.127 -3.36666
2.13 -3.36534
2.133 -3.36402
2.136 -3.36272
2.139 -3.36143
2.142 -3.36015
2.145 -3.35888
2.148 -3.35762
2.151 -3.35638
2.154 -3.35515
2.157 -3.35392
2.16 -3.35271
2.163 -3.35151
2.166 -3.35033
2.169 -3.34915
2.172 -3.34799
2.175 -3.34684
2.178 -3.3457
2.181 -3.34457
2.184 -3.34345
2.187 -3.34235
2.19 -3.34126
2.193 -3.34018
2.196 -3.33911
2.199 -3.33805
2.202 -3.33701
2.205 -3.33598
2.208 -3.33496
2.211 -3.33395
2.214 -3.33296
2.217 -3.33197
2.22 -3.331
2.223 -3.33004
2.226 -3.3291
2.229 -3.32816
2.232 -3.32724
2.235 -3.32633
2.238 -3.32544
2.241 -3.32455
2.244 -3.32368
2.247 -3.32282
2.25 -3.32197
2.253 -3.32113
2.256 -3.32031
2.259 -3.3195
2.262 -3.3187
2.265 -3.31791
2.268 -3.31714
2.271 -3.31637
2.274 -3.31562
2.277 -3.31489
2.28 -3.31416
2.283 -3.31344
2.286 -3.31274
2.289 -3.31205
2.292 -3.31137
2.295 -3.31071
2.298 -3.31005
2.301 -3.30941
2.304 -3.30878
2.307 -3.30816
2.31 -3.30755
2.313 -3.30695
2.316 -3.30637
2.319 -3.30579
2.322 -3.30523
2.325 -3.30468
2.328 -3.30414
2.331 -3.30362
2.334 -3.3031
2.337 -3.3026
2.34 -3.3021
2.343 -3.30162
2.346 -3.30115
2.349 -3.30069
2.352 -3.30024
2.355 -3.2998
2.358 -3.29937
2.361 -3.29896
2.364 -3.29855
2.367 -3.29816
2.37 -3.29777
2.373 -3.2974
2.376 -3.29703
2.379 -3.29668
2.382 -3.29633
2.385 -3.296
2.388 -3.29568
2.391 -3.29537
2.394 -3.29506
2.397 -3.29477
2.4 -3.29449
2.403 -3.29421
2.406 -3.29395
2.409 -3.29369
2.412 -3.29345
2.415 -3.29321
2.418 -3.29299
2.421 -3.29277
2.424 -3.29256
2.427 -3.29236
2.43 -3.29217
2.433 -3.29199
2.436 -3.29182
2.439 -3.29165
2.442 -3.2915
2.445 -3.29135
2.448 -3.29121
2.451 -3.29108
2.454 -3.29096
2.457 -3.29085
2.46 -3.29075
2.463 -3.29065
2.466 -3.29056
2.469 -3.29048
2.472 -3.2904
2.475 -3.29034
2.478 -3.29028
2.481 -3.29023
2.484 -3.29019
2.487 -3.29015
2.49 -3.29012
2.493 -3.2901
2.496 -3.29009
2.499 -3.29008
2.502 -3.29008
2.505 -3.29008
2.508 -3.2901
2.511 -3.29012
2.514 -3.29014
2.517 -3.29018
2.52 -3.29022
2.523 -3.29026
2.526 -3.29031
2.529 -3.29037
2.532 -3.29043
2.535 -3.2905
2.538 -3.29058
2.541 -3.29066
2.544 -3.29075
2.547 -3.29084
2.55 -3.29094
2.553 -3.29104
2.556 -3.29115
2.559 -3.29126
2.562 -3.29138
2.565 -3.29151
2.568 -3.29164
2.571 -3.29177
2.574 -3.29191
2.577 -3.29206
2.58 -3.29221
2.583 -3.29236
2.586 -3.29252
2.589 -3.29268
2.592 -3.29285
2.595 -3.29302
2.598 -3.2932
2.601 -3.29338
2.604 -3.29357
2.607 -3.29375
2.61 -3.29395
2.613 -3.29414
2.616 -3.29434
2.619 -3.29455
2.622 -3.29476
2.625 -3.29497
2.628 -3.29519
2.631 -3.29541
2.634 -3.29563
2.637 -3.29585
2.64 -3.29608
2.643 -3.29632
2.646 -3.29655
2.649 -3.29679
2.652 -3.29703
2.655 -3.29728
2.658 -3.29753
2.661 -3.29778
2.664 -3.29803
2.667 -3.29829
2.67 -3.29855
2.673 -3.29881
2.676 -3.29908
2.679 -3.29935
2.682 -3.29962
2.685 -3.29989
2.688 -3.30017
2.691 -3.30044
2.694 -3.30072
2.697 -3.30101
2.7 -3.30129
2.703 -3.30158
2.706 -3.30187
2.709 -3.30216
2.712 -3.30245
2.715 -3.30274
2.718 -3.30304
2.721 -3.30334
2.724 -3.30364
2.727 -3.30394
2.73 -3.30425
2.733 -3.30455
2.736 -3.30486
2.739 -3.30517
2.742 -3.30548
2.745 -3.30579
2.748 -3.3061
2.751 -3.30642
2.754 -3.30673
2.757 -3.30705
2.76 -3.30737
2.763 -3.30769
2.766 -3.30801
2.769 -3.30834
2.772 -3.30866
2.775 -3.30898
2.778 -3.30931
2.781 -3.30964
2.784 -3.30997
2.787 -3.31029
2.79 -3.31062
2.793 -3.31096
2.796 -3.31129
2.799 -3.31162
2.802 -3.31195
2.805 -3.31229
2.808 -3.31262
2.811 -3.31296
2.814 -3.31329
2.817 -3.31363
2.82 -3.31397
2.823 -3.31431
2.826 -3.31465
2.829 -3.31499
2.832 -3.31533
2.835 -3.31567
2.838 -3.31601
2.841 -3.31635
2.844 -3.31669
2.847 -3.31703
2.85 -3.31738
2.853 -3.31772
2.856 -3.31806
2.859 -3.3184
2.862 -3.31875
2.865 -3.31909
2.868 -3.31944
2.871 -3.31978
2.874 -3.32012
2.877 -3.32047
2.88 -3.32081
2.883 -3.32116
2.886 -3.3215
2.889 -3.32185
2.892 -3.32219
2.895 -3.32254
2.898 -3.32288
2.901 -3.32323
2.904 -3.32357
2.907 -3.32392
2.91 -3.32426
2.913 -3.32461
2.916 -3.32495
2.919 -3.3253
2.922 -3.32564
2.925 -3.32599
2.928 -3.32633
2.931 -3.32667
2.934 -3.32702
2.937 -3.32736
2.94 -3.32771
2.943 -3.32805
2.946 -3.32839
2.949 -3.32873
2.952 -3.32908
2.955 -3.32942
2.958 -3.32976
2.961 -3.3301
2.964 -3.33044
2.967 -3.33078
2.97 -3.33112
2.973 -3.33146
2.976 -3.3318
2.979 -3.33214
2.982 -3.33248
2.985 -3.33282
2.988 -3.33316
2.991 -3.33349
2.994 -3.33383
2.997 -3.33417
3 -3.3345
3.001 -10
