0 5
0.003 3.68644
0.006 3.68584
0.009 3.68524
0.012 3.68464
0.015 3.68403
0.018 3.68342
0.021 3.6828
0.024 3.68218
0.027 3.68156
0.03 3.68093
0.033 3.6803
0.036 3.67967
0.039 3.67903
0.042 3.67839
0.045 3.67775
0.048 3.6771
0.051 3.67644
0.054 3.67579
0.057 3.67513
0.06 3.67446
0.063 3.6738
0.066 3.67313
0.069 3.67245
0.072 3.67177
0.075 3.67109
0.078 3.6704
0.081 3.66971
0.084 3.66902
0.087 3.66832
0.09 3.66762
0.093 3.66691
0.096 3.66621
0.099 3.66549
0.102 3.66478
0.105 3.66406
0.108 3.66333
0.111 3.66261
0.114 3.66188
0.117 3.66114
0.12 3.6604
0.123 3.65966
0.126 3.65892
0.129 3.65817
0.132 3.65741
0.135 3.65666
0.138 3.6559
0.141 3.65513
0.144 3.65437
0.147 3.65359
0.15 3.65282
0.153 3.65204
0.156 3.65126
0.159 3.65047
0.162 3.64968
0.165 3.64889
0.168 3.6481
0.171 3.6473
0.174 3.64649
0.177 3.64569
0.18 3.64488
0.183 3.64406
0.186 3.64324
0.189 3.64242
0.192 3.6416
0.195 3.64077
0.198 3.63994
0.201 3.63911
0.204 3.63827
0.207 3.63743
0.21 3.63658
0.213 3.63573
0.216 3.63488
0.219 3.63403
0.222 3.63317
0.225 3.63231
0.228 3.63144
0.231 3.63058
0.234 3.62971
0.237 3.62883
0.24 3.62795
0.243 3.62707
0.246 3.62619
0.249 3.6253
0.252 3.62441
0.255 3.62352
0.258 3.62262
0.261 3.62172
0.264 3.62082
0.267 3.61992
0.27 3.61901
0.273 3.6181
0.276 3.61718
0.279 3.61627
0.282 3.61535
0.285 3.61442
0.288 3.6135
0.291 3.61257
0.294 3.61164
0.297 3.6107
0.3 3.60976
0.303 3.60882
0.306 3.60788
0.309 3.60694
0.312 3.60599
0.315 3.60504
0.318 3.60408
0.321 3.60313
0.324 3.60217
0.327 3.60121
0.33 3.60024
0.333 3.59928
0.336 3.59831
0.339 3.59734
0.342 3.59636
0.345 3.59538
0.348 3.5944
0.351 3.59342
0.354 3.59244
0.357 3.59145
0.36 3.59046
0.363 3.58947
0.366 3.58848
0.369 3.58748
0.372 3.58649
0.375 3.58549
0.378 3.58448
0.381 3.58348
0.384 3.58247
0.387 3.58146
0.39 3.58045
0.393 3.57944
0.396 3.57842
0.399 3.5774
0.402 3.57638
0.405 3.57536
0.408 3.57434
0.411 3.57331
0.414 3.57229
0.417 3.57126
0.42 3.57022
0.423 3.56919
0.426 3.56815
0.429 3.56712
0.432 3.56608
0.435 3.56504
0.438 3.56399
0.441 3.56295
0.444 3.5619
0.447 3.56085
0.45 3.5598
0.453 3.55875
0.456 3.5577
0.459 3.55664
0.462 3.55558
0.465 3.55452
0.468 3.55346
0.471 3.5524
0.474 3.55134
0.477 3.55027
0.48 3.5492
0.483 3.54814
0.486 3.54706
0.489 3.54599
0.492 3.54492
0.495 3.54384
0.498 3.54277
0.501 3.54169
0.504 3.54061
0.507 3.53953
0.51 3.53844
0.513 3.53736
0.516 3.53627
0.519 3.53519
0.522 3.5341
0.525 3.53301
0.528 3.53192
0.531 3.53082
0.534 3.52973
0.537 3.52863
0.54 3.52754
0.543 3.52644
0.546 3.52534
0.549 3.52424
0.552 3.52313
0.555 3.52203
0.558 3.52093
0.561 3.51982
0.564 3.51871
0.567 3.5176
0.57 3.51649
0.573 3.51538
0.576 3.51427
0.579 3.51315
0.582 3.51204
0.585 3.51092
0.588 3.50981
0.591 3.50869
0.594 3.50757
0.597 3.50645
0.6 3.50532
0.603 3.5042
0.606 3.50308
0.609 3.50195
0.612 3.50082
0.615 3.4997
0.618 3.49857
0.621 3.49744
0.624 3.49631
0.627 3.49518
0.63 3.49404
0.633 3.49291
0.636 3.49178
0.639 3.49064
0.642 3.4895
0.645 3.48837
0.648 3.48723
0.651 3.48609
0.654 3.48495
0.657 3.48381
0.66 3.48267
0.663 3.48152
0.666 3.48038
0.669 3.47924
0.672 3.47809
0.675 3.47695
0.678 3.4758
0.681 3.47465
0.684 3.47351
0.687 3.47236
0.69 3.47121
0.693 3.47006
0.696 3.46891
0.699 3.46776
0.702 3.46661
0.705 3.46546
0.708 3.46431
0.711 3.46315
0.714 3.462
0.717 3.46085
0.72 3.45969
0.723 3.45854
0.726 3.45739
0.729 3.45623
0.732 3.45508
0.735 3.45392
0.738 3.45277
0.741 3.45161
0.744 3.45046
0.747 3.4493
0.75 3.44814
0.753 3.44699
0.756 3.44583
0.759 3.44468
0.762 3.44352
0.765 3.44237
0.768 3.44121
0.771 3.44006
0.774 3.4389
0.777 3.43775
0.78 3.43659
0.783 3.43544
0.786 3.43428
0.789 3.43313
0.792 3.43198
0.795 3.43082
0.798 3.42967
0.801 3.42852
0.804 3.42737
0.807 3.42622
0.81 3.42507
0.813 3.42392
0.816 3.42277
0.819 3.42162
0.822 3.42047
0.825 3.41932
0.828 3.41818
0.831 3.41703
0.834 3.41589
0.837 3.41474
0.84 3.4136
0.843 3.41246
0.846 3.41132
0.849 3.41018
0.852 3.40904
0.855 3.4079
0.858 3.40677
0.861 3.40563
0.864 3.4045
0.867 3.40337
0.87 3.40223
0.873 3.4011
0.876 3.39998
0.879 3.39885
0.882 3.39772
0.885 3.3966
0.888 3.39547
0.891 3.39435
0.894 3.39323
0.897 3.39211
0.9 3.391
0.903 3.38988
0.906 3.38877
0.909 3.38765
0.912 3.38654
0.915 3.38544
0.918 3.38433
0.921 3.38322
0.924 3.38212
0.927 3.38102
0.93 3.37992
0.933 3.37882
0.936 3.37772
0.939 3.37663
0.942 3.37554
0.945 3.37445
0.948 3.37336
0.951 3.37227
0.954 3.37119
0.957 3.3701
0.96 3.36902
0.963 3.36794
0.966 3.36687
0.969 3.36579
0.972 3.36472
0.975 3.36365
0.978 3.36258
0.981 3.36151
0.984 3.36045
0.987 3.35939
0.99 3.35833
0.993 3.35727
0.996 3.35621
0.999 3.35516
1.002 3.35411
1.005 3.35306
1.008 3.35201
1.011 3.35097
1.014 3.34992
1.017 3.34888
1.02 3.34785
1.023 3.34681
1.026 3.34577
1.029 3.34474
1.032 3.34371
1.035 3.34269
1.038 3.34166
1.041 3.34064
1.044 3.33961
1.047 3.33859
1.05 3.33758
1.053 3.33656
1.056 3.33555
1.059 3.33454
1.062 3.33353
1.065 3.33252
1.068 3.33152
1.071 3.33052
1.074 3.32951
1.077 3.32852
1.08 3.32752
1.083 3.32652
1.086 3.32553
1.089 3.32454
1.092 3.32355
1.095 3.32256
1.098 3.32158
1.101 3.32059
1.104 3.31961
1.107 3.31863
1.11 3.31765
1.113 3.31668
1.116 3.3157
1.119 3.31473
1.122 3.31376
1.125 3.31279
1.128 3.31182
1.131 3.31086
1.134 3.30989
1.137 3.30893
1.14 3.30796
1.143 3.307
1.146 3.30605
1.149 3.30509
1.152 3.30413
1.155 3.30318
1.158 3.30222
1.161 3.30127
1.164 3.30032
1.167 3.29937
1.17 3.29842
1.173 3.29747
1.176 3.29653
1.179 3.29558
1.182 3.29464
1.185 3.29369
1.188 3.29275
1.191 3.29181
1.194 3.29087
1.197 3.28993
1.2 3.28899
1.203 3.28805
1.206 3.28711
1.209 3.28617
1.212 3.28524
1.215 3.2843
1.218 3.28336
1.221 3.28243
1.224 3.28149
1.227 3.28056
1.23 3.27962
1.233 3.27869
1.236 3.27776
1.239 3.27682
1.242 3.27589
1.245 3.27495
1.248 3.27402
1.251 3.27309
1.254 3.27215
1.257 3.27122
1.26 3.27028
1.263 3.26935
1.266 3.26841
1.269 3.26748
1.272 3.26654
1.275 3.26561
1.278 3.26467
1.281 3.26373
1.284 3.2628
1.287 3.26186
1.29 3.26092
1.293 3.25998
1.296 3.25904
1.299 3.2581
1.302 3.25715
1.305 3.25621
1.308 3.25526
1.311 3.25432
1.314 3.25337
1.317 3.25242
1.32 3.25147
1.323 3.25052
1.326 3.24957
1.329 3.24861
1.332 3.24766
1.335 3.2467
1.338 3.24574
1.341 3.24478
1.344 3.24382
1.347 3.24285
1.35 3.24189
1.353 3.24092
1.356 3.23995
1.359 3.23897
1.362 3.238
1.365 3.23702
1.368 3.23604
1.371 3.23506
1.374 3.23408
1.377 3.23309
1.38 3.2321
1.383 3.23111
1.386 3.23011
1.389 3.22912
1.392 3.22812
1.395 3.22711
1.398 3.22611
1.401 3.2251
1.404 3.22409
1.407 3.22307
1.41 3.22205
1.413 3.22103
1.416 3.22001
1.419 3.21898
1.422 3.21794
1.425 3.21691
1.428 3.21587
1.431 3.21483
1.434 3.21378
1.437 3.21273
1.44 3.21168
1.443 3.21062
1.446 3.20956
1.449 3.20849
1.452 3.20742
1.455 3.20634
1.458 3.20527
1.461 3.20418
1.464 3.20309
1.467 3.202
1.47 3.20091
1.473 3.19981
1.476 3.1987
1.479 3.19759
1.482 3.19647
1.485 3.19535
1.488 3.19423
1.491 3.1931
1.494 3.19196
1.497 3.19082
1.5 3.18968
1.503 3.18853
1.506 3.18737
1.509 3.18621
1.512 3.18505
1.515 3.18387
1.518 3.1827
1.521 3.18151
1.524 3.18033
1.527 3.17913
1.53 3.17793
1.533 3.17673
1.536 3.17551
1.539 3.1743
1.542 3.17307
1.545 3.17184
1.548 3.17061
1.551 3.16937
1.554 3.16812
1.557 3.16686
1.56 3.1656
1.563 3.16434
1.566 3.16306
1.569 3.16179
1.572 3.1605
1.575 3.15921
1.578 3.15791
1.581 3.1566
1.584 3.15529
1.587 3.15397
1.59 3.15264
1.593 3.15131
1.596 3.14997
1.599 3.14863
1.602 3.14727
1.605 3.14591
1.608 3.14455
1.611 3.14317
1.614 3.14179
1.617 3.1404
1.62 3.13901
1.623 3.13761
1.626 3.1362
1.629 3.13478
1.632 3.13336
1.635 3.13192
1.638 3.13049
1.641 3.12904
1.644 3.12759
1.647 3.12613
1.65 3.12466
1.653 3.12318
1.656 3.1217
1.659 3.12021
1.662 3.11871
1.665 3.11721
1.668 3.1157
1.671 3.11418
1.674 3.11265
1.677 3.11112
1.68 3.10957
1.683 3.10803
1.686 3.10647
1.689 3.1049
1.692 3.10333
1.695 3.10175
1.698 3.10017
1.701 3.09857
1.704 3.09697
1.707 3.09536
1.71 3.09375
1.713 3.09212
1.716 3.09049
1.719 3.08885
1.722 3.08721
1.725 3.08556
1.728 3.0839
1.731 3.08223
1.734 3.08056
1.737 3.07887
1.74 3.07718
1.743 3.07549
1.746 3.07379
1.749 3.07208
1.752 3.07036
1.755 3.06864
1.758 3.06691
1.761 3.06517
1.764 3.06342
1.767 3.06167
1.77 3.05992
1.773 3.05815
1.776 3.05638
1.779 3.0546
1.782 3.05282
1.785 3.05103
1.788 3.04923
1.791 3.04743
1.794 3.04562
1.797 3.0438
1.8 3.04198
1.803 3.04015
1.806 3.03832
1.809 3.03648
1.812 3.03464
1.815 3.03279
1.818 3.03093
1.821 3.02907
1.824 3.0272
1.827 3.02533
1.83 3.02345
1.833 3.02157
1.836 3.01968
1.839 3.01779
1.842 3.01589
1.845 3.01398
1.848 3.01208
1.851 3.01016
1.854 3.00825
1.857 3.00633
1.86 3.0044
1.863 3.00247
1.866 3.00054
1.869 2.9986
1.872 2.99666
1.875 2.99471
1.878 2.99276
1.881 2.99081
1.884 2.98885
1.887 2.98689
1.89 2.98493
1.893 2.98296
1.896 2.98099
1.899 2.97902
1.902 2.97705
1.905 2.97507
1.908 2.97309
1.911 2.97111
1.914 2.96912
1.917 2.96713
1.92 2.96515
1.923 2.96316
1.926 2.96116
1.929 2.95917
1.932 2.95717
1.935 2.95518
1.938 2.95318
1.941 2.95118
1.944 2.94918
1.947 2.94718
1.95 2.94518
1.953 2.94318
1.956 2.94117
1.959 2.93917
1.962 2.93717
1.965 2.93517
1.968 2.93316
1.971 2.93116
1.974 2.92916
1.977 2.92716
1.98 2.92516
1.983 2.92316
1.986 2.92116
1.989 2.91916
1.992 2.91716
1.995 2.91517
1.998 2.91317
2.001 2.91118
2.004 2.90919
2.007 2.9072
2.01 2.90522
2.013 2.90323
2.016 2.90125
2.019 2.89927
2.022 2.8973
2.025 2.89532
2.028 2.89335
2.031 2.89139
2.034 2.88942
2.037 2.88746
2.04 2.8855
2.043 2.88355
2.046 2.8816
2.049 2.87965
2.052 2.87771
2.055 2.87577
2.058 2.87384
2.061 2.87191
2.064 2.86998
2.067 2.86806
2.07 2.86615
2.073 2.86424
2.076 2.86233
2.079 2.86043
2.082 2.85853
2.085 2.85664
2.088 2.85476
2.091 2.85288
2.094 2.85101
2.097 2.84914
2.1 2.84728
2.103 2.84543
2.106 2.84358
2.109 2.84174
2.112 2.8399
2.115 2.83807
2.118 2.83625
2.121 2.83444
2.124 2.83263
2.127 2.83083
2.13 2.82903
2.133 2.82724
2.136 2.82546
2.139 2.82369
2.142 2.82193
2.145 2.82017
2.148 2.81842
2.151 2.81668
2.154 2.81495
2.157 2.81322
2.16 2.8115
2.163 2.80979
2.166 2.80809
2.169 2.8064
2.172 2.80471
2.175 2.80304
2.178 2.80137
2.181 2.79971
2.184 2.79806
2.187 2.79642
2.19 2.79479
2.193 2.79316
2.196 2.79155
2.199 2.78994
2.202 2.78834
2.205 2.78676
2.208 2.78518
2.211 2.78361
2.214 2.78205
2.217 2.7805
2.22 2.77895
2.223 2.77742
2.226 2.7759
2.229 2.77439
2.232 2.77288
2.235 2.77139
2.238 2.7699
2.241 2.76843
2.244 2.76696
2.247 2.76551
2.25 2.76406
2.253 2.76263
2.256 2.7612
2.259 2.75978
2.262 2.75838
2.265 2.75698
2.268 2.75559
2.271 2.75422
2.274 2.75285
2.277 2.75149
2.28 2.75014
2.283 2.7488
2.286 2.74748
2.289 2.74616
2.292 2.74485
2.295 2.74355
2.298 2.74226
2.301 2.74098
2.304 2.73971
2.307 2.73846
2.31 2.73721
2.313 2.73597
2.316 2.73474
2.319 2.73352
2.322 2.73231
2.325 2.73111
2.328 2.72992
2.331 2.72874
2.334 2.72756
2.337 2.7264
2.34 2.72525
2.343 2.72411
2.346 2.72298
2.349 2.72185
2.352 2.72074
2.355 2.71964
2.358 2.71854
2.361 2.71746
2.364 2.71638
2.367 2.71532
2.37 2.71426
2.373 2.71321
2.376 2.71217
2.379 2.71114
2.382 2.71012
2.385 2.70911
2.388 2.70811
2.391 2.70712
2.394 2.70614
2.397 2.70516
2.4 2.7042
2.403 2.70324
2.406 2.70229
2.409 2.70135
2.412 2.70042
2.415 2.6995
2.418 2.69859
2.421 2.69769
2.424 2.69679
2.427 2.6959
2.43 2.69502
2.433 2.69415
2.436 2.69329
2.439 2.69244
2.442 2.69159
2.445 2.69076
2.448 2.68993
2.451 2.68911
2.454 2.68829
2.457 2.68749
2.46 2.68669
2.463 2.6859
2.466 2.68512
2.469 2.68435
2.472 2.68358
2.475 2.68283
2.478 2.68208
2.481 2.68133
2.484 2.6806
2.487 2.67987
2.49 2.67915
2.493 2.67844
2.496 2.67773
2.499 2.67703
2.502 2.67634
2.505 2.67566
2.508 2.67498
2.511 2.67431
2.514 2.67364
2.517 2.67299
2.52 2.67234
2.523 2.67169
2.526 2.67106
2.529 2.67043
2.532 2.66981
2.535 2.66919
2.538 2.66858
2.541 2.66798
2.544 2.66738
2.547 2.66679
2.55 2.6662
2.553 2.66562
2.556 2.66505
2.559 2.66448
2.562 2.66392
2.565 2.66337
2.568 2.66282
2.571 2.66228
2.574 2.66174
2.577 2.66121
2.58 2.66069
2.583 2.66017
2.586 2.65965
2.589 2.65914
2.592 2.65864
2.595 2.65814
2.598 2.65765
2.601 2.65717
2.604 2.65668
2.607 2.65621
2.61 2.65574
2.613 2.65527
2.616 2.65481
2.619 2.65435
2.622 2.6539
2.625 2.65346
2.628 2.65302
2.631 2.65258
2.634 2.65215
2.637 2.65172
2.64 2.6513
2.643 2.65088
2.646 2.65047
2.649 2.65006
2.652 2.64966
2.655 2.64926
2.658 2.64887
2.661 2.64848
2.664 2.64809
2.667 2.64771
2.67 2.64733
2.673 2.64696
2.676 2.64659
2.679 2.64622
2.682 2.64586
2.685 2.6455
2.688 2.64515
2.691 2.6448
2.694 2.64446
2.697 2.64412
2.7 2.64378
2.703 2.64345
2.706 2.64312
2.709 2.64279
2.712 2.64247
2.715 2.64215
2.718 2.64183
2.721 2.64152
2.724 2.64121
2.727 2.64091
2.73 2.64061
2.733 2.64031
2.736 2.64001
2.739 2.63972
2.742 2.63943
2.745 2.63915
2.748 2.63887
2.751 2.63859
2.754 2.63831
2.757 2.63804
2.76 2.63777
2.763 2.6375
2.766 2.63724
2.769 2.63698
2.772 2.63672
2.775 2.63647
2.778 2.63622
2.781 2.63597
2.784 2.63572
2.787 2.63548
2.79 2.63524
2.793 2.635
2.796 2.63477
2.799 2.63453
2.802 2.6343
2.805 2.63408
2.808 2.63385
2.811 2.63363
2.814 2.63341
2.817 2.63319
2.82 2.63298
2.823 2.63277
2.826 2.63256
2.829 2.63235
2.832 2.63215
2.835 2.63194
2.838 2.63174
2.841 2.63154
2.844 2.63135
2.847 2.63115
2.85 2.63096
2.853 2.63077
2.856 2.63059
2.859 2.6304
2.862 2.63022
2.865 2.63004
2.868 2.62986
2.871 2.62968
2.874 2.62951
2.877 2.62933
2.88 2.62916
2.883 2.62899
2.886 2.62883
2.889 2.62866
2.892 2.6285
2.895 2.62834
2.898 2.62818
2.901 2.62802
2.904 2.62786
2.907 2.62771
2.91 2.62756
2.913 2.62741
2.916 2.62726
2.919 2.62711
2.922 2.62696
2.925 2.62682
2.928 2.62668
2.931 2.62654
2.934 2.6264
2.937 2.62626
2.94 2.62612
2.943 2.62599
2.946 2.62586
2.949 2.62572
2.952 2.62559
2.955 2.62547
2.958 2.62534
2.961 2.62521
2.964 2.62509
2.967 2.62497
2.97 2.62484
2.973 2.62472
2.976 2.6246
2.979 2.62449
2.982 2.62437
2.985 2.62426
2.988 2.62414
2.991 2.62403
2.994 2.62392
2.997 2.62381
3 2.6237
3.001 5
