0 0
0.003 0.424902
0.006 0.426543
0.009 0.428196
0.012 0.429863
0.015 0.431543
0.018 0.433237
0.021 0.434944
0.024 0.436664
0.027 0.438398
0.03 0.440146
0.033 0.441907
0.036 0.443682
0.039 0.445471
0.042 0.447274
0.045 0.449091
0.048 0.450923
0.051 0.452768
0.054 0.454628
0.057 0.456502
0.06 0.458391
0.063 0.460294
0.066 0.462212
0.069 0.464144
0.072 0.466092
0.075 0.468054
0.078 0.470031
0.081 0.472023
0.084 0.474031
0.087 0.476053
0.09 0.478091
0.093 0.480144
0.096 0.482213
0.099 0.484297
0.102 0.486396
0.105 0.488512
0.108 0.490643
0.111 0.49279
0.114 0.494952
0.117 0.497131
0.12 0.499326
0.123 0.501537
0.126 0.503764
0.129 0.506008
0.132 0.508267
0.135 0.510544
0.138 0.512836
0.141 0.515146
0.144 0.517471
0.147 0.519814
0.15 0.522174
0.153 0.52455
0.156 0.526943
0.159 0.529353
0.162 0.531781
0.165 0.534225
0.168 0.536687
0.171 0.539165
0.174 0.541662
0.177 0.544175
0.18 0.546706
0.183 0.549255
0.186 0.551821
0.189 0.554405
0.192 0.557006
0.195 0.559626
0.198 0.562263
0.201 0.564918
0.204 0.567591
0.207 0.570282
0.21 0.572991
0.213 0.575718
0.216 0.578463
0.219 0.581227
0.222 0.584008
0.225 0.586808
0.228 0.589627
0.231 0.592464
0.234 0.595319
0.237 0.598192
0.24 0.601085
0.243 0.603995
0.246 0.606925
0.249 0.609873
0.252 0.61284
0.255 0.615825
0.258 0.618829
0.261 0.621852
0.264 0.624894
0.267 0.627955
0.27 0.631034
0.273 0.634133
0.276 0.63725
0.279 0.640386
0.282 0.643542
0.285 0.646716
0.288 0.649909
0.291 0.653121
0.294 0.656352
0.297 0.659603
0.3 0.662872
0.303 0.666161
0.306 0.669468
0.309 0.672795
0.312 0.67614
0.315 0.679505
0.318 0.682889
0.321 0.686291
0.324 0.689713
0.327 0.693154
0.33 0.696614
0.333 0.700093
0.336 0.703591
0.339 0.707109
0.342 0.710645
0.345 0.7142
0.348 0.717774
0.351 0.721366
0.354 0.724978
0.357 0.728609
0.36 0.732258
0.363 0.735927
0.366 0.739614
0.369 0.743319
0.372 0.747044
0.375 0.750787
0.378 0.754548
0.381 0.758329
0.384 0.762127
0.387 0.765944
0.39 0.76978
0.393 0.773634
0.396 0.777506
0.399 0.781396
0.402 0.785304
0.405 0.789231
0.408 0.793175
0.411 0.797138
0.414 0.801118
0.417 0.805116
0.42 0.809132
0.423 0.813165
0.426 0.817216
0.429 0.821284
0.432 0.82537
0.435 0.829472
0.438 0.833592
0.441 0.837729
0.444 0.841883
0.447 0.846054
0.45 0.850242
0.453 0.854446
0.456 0.858667
0.459 0.862904
0.462 0.867157
0.465 0.871427
0.468 0.875712
0.471 0.880014
0.474 0.884331
0.477 0.888664
0.48 0.893012
0.483 0.897376
0.486 0.901755
0.489 0.906149
0.492 0.910558
0.495 0.914982
0.498 0.919421
0.501 0.923874
0.504 0.928342
0.507 0.932824
0.51 0.937319
0.513 0.941829
0.516 0.946352
0.519 0.950889
0.522 0.95544
0.525 0.960003
0.528 0.96458
0.531 0.96917
0.534 0.973772
0.537 0.978387
0.54 0.983014
0.543 0.987653
0.546 0.992305
0.549 0.996968
0.552 1.00164
0.555 1.00633
0.558 1.01103
0.561 1.01573
0.564 1.02045
0.567 1.02518
0.57 1.02992
0.573 1.03467
0.576 1.03943
0.579 1.0442
0.582 1.04898
0.585 1.05377
0.588 1.05857
0.591 1.06338
0.594 1.0682
0.597 1.07302
0.6 1.07785
0.603 1.08269
0.606 1.08754
0.609 1.0924
0.612 1.09726
0.615 1.10213
0.618 1.10701
0.621 1.1119
0.624 1.11679
0.627 1.12169
0.63 1.12659
0.633 1.1315
0.636 1.13642
0.639 1.14134
0.642 1.14626
0.645 1.15119
0.648 1.15613
0.651 1.16107
0.654 1.16601
0.657 1.17096
0.66 1.17591
0.663 1.18087
0.666 1.18583
0.669 1.19079
0.672 1.19575
0.675 1.20072
0.678 1.20569
0.681 1.21066
0.684 1.21563
0.687 1.22061
0.69 1.22558
0.693 1.23056
0.696 1.23554
0.699 1.24051
0.702 1.24549
0.705 1.25047
0.708 1.25545
0.711 1.26043
0.714 1.26541
0.717 1.27038
0.72 1.27536
0.723 1.28034
0.726 1.28531
0.729 1.29028
0.732 1.29525
0.735 1.30022
0.738 1.30518
0.741 1.31015
0.744 1.31511
0.747 1.32006
0.75 1.32502
0.753 1.32997
0.756 1.33491
0.759 1.33985
0.762 1.34479
0.765 1.34973
0.768 1.35466
0.771 1.35958
0.774 1.3645
0.777 1.36941
0.78 1.37432
0.783 1.37922
0.786 1.38412
0.789 1.38901
0.792 1.3939
0.795 1.39878
0.798 1.40365
0.801 1.40851
0.804 1.41337
0.807 1.41822
0.81 1.42307
0.813 1.4279
0.816 1.43273
0.819 1.43755
0.822 1.44236
0.825 1.44717
0.828 1.45196
0.831 1.45675
0.834 1.46153
0.837 1.4663
0.84 1.47106
0.843 1.47581
0.846 1.48055
0.849 1.48528
0.852 1.49001
0.855 1.49472
0.858 1.49942
0.861 1.50412
0.864 1.5088
0.867 1.51347
0.87 1.51813
0.873 1.52279
0.876 1.52743
0.879 1.53206
0.882 1.53668
0.885 1.54129
0.888 1.54588
0.891 1.55047
0.894 1.55505
0.897 1.55961
0.9 1.56416
0.903 1.5687
0.906 1.57323
0.909 1.57775
0.912 1.58226
0.915 1.58675
0.918 1.59123
0.921 1.5957
0.924 1.60016
0.927 1.60461
0.93 1.60904
0.933 1.61346
0.936 1.61787
0.939 1.62227
0.942 1.62665
0.945 1.63103
0.948 1.63539
0.951 1.63974
0.954 1.64407
0.957 1.64839
0.96 1.6527
0.963 1.657
0.966 1.66129
0.969 1.66556
0.972 1.66982
0.975 1.67407
0.978 1.67831
0.981 1.68253
0.984 1.68674
0.987 1.69094
0.99 1.69512
0.993 1.6993
0.996 1.70346
0.999 1.70761
1.002 1.71174
1.005 1.71587
1.008 1.71998
1.011 1.72408
1.014 1.72817
1.017 1.73224
1.02 1.73631
1.023 1.74036
1.026 1.7444
1.029 1.74843
1.032 1.75244
1.035 1.75645
1.038 1.76044
1.041 1.76442
1.044 1.76839
1.047 1.77235
1.05 1.77629
1.053 1.78023
1.056 1.78415
1.059 1.78807
1.062 1.79197
1.065 1.79586
1.068 1.79974
1.071 1.80361
1.074 1.80747
1.077 1.81132
1.08 1.81516
1.083 1.81898
1.086 1.8228
1.089 1.82661
1.092 1.83041
1.095 1.8342
1.098 1.83797
1.101 1.84174
1.104 1.8455
1.107 1.84925
1.11 1.85299
1.113 1.85673
1.116 1.86045
1.119 1.86416
1.122 1.86787
1.125 1.87157
1.128 1.87526
1.131 1.87894
1.134 1.88261
1.137 1.88628
1.14 1.88993
1.143 1.89358
1.146 1.89723
1.149 1.90086
1.152 1.90449
1.155 1.90811
1.158 1.91173
1.161 1.91534
1.164 1.91894
1.167 1.92254
1.17 1.92613
1.173 1.92971
1.176 1.93329
1.179 1.93686
1.182 1.94043
1.185 1.94399
1.188 1.94755
1.191 1.9511
1.194 1.95465
1.197 1.9582
1.2 1.96174
1.203 1.96527
1.206 1.96881
1.209 1.97234
1.212 1.97586
1.215 1.97938
1.218 1.9829
1.221 1.98642
1.224 1.98993
1.227 1.99344
1.23 1.99695
1.233 2.00046
1.236 2.00397
1.239 2.00747
1.242 2.01097
1.245 2.01447
1.248 2.01797
1.251 2.02147
1.254 2.02497
1.257 2.02847
1.26 2.03197
1.263 2.03547
1.266 2.03897
1.269 2.04247
1.272 2.04597
1.275 2.04947
1.278 2.05297
1.281 2.05647
1.284 2.05998
1.287 2.06349
1.29 2.067
1.293 2.07051
1.296 2.07402
1.299 2.07754
1.302 2.08106
1.305 2.08458
1.308 2.08811
1.311 2.09164
1.314 2.09517
1.317 2.09871
1.32 2.10225
1.323 2.1058
1.326 2.10935
1.329 2.11291
1.332 2.11647
1.335 2.12004
1.338 2.12361
1.341 2.12719
1.344 2.13078
1.347 2.13437
1.35 2.13797
1.353 2.14157
1.356 2.14518
1.359 2.1488
1.362 2.15243
1.365 2.15607
1.368 2.15971
1.371 2.16336
1.374 2.16702
1.377 2.17069
1.38 2.17436
1.383 2.17805
1.386 2.18175
1.389 2.18545
1.392 2.18917
1.395 2.19289
1.398 2.19663
1.401 2.20037
1.404 2.20413
1.407 2.2079
1.41 2.21168
1.413 2.21547
1.416 2.21927
1.419 2.22308
1.422 2.22691
1.425 2.23075
1.428 2.2346
1.431 2.23846
1.434 2.24234
1.437 2.24623
1.44 2.25013
1.443 2.25405
1.446 2.25798
1.449 2.26193
1.452 2.26589
1.455 2.26986
1.458 2.27385
1.461 2.27786
1.464 2.28187
1.467 2.28591
1.47 2.28996
1.473 2.29403
1.476 2.29811
1.479 2.30221
1.482 2.30632
1.485 2.31045
1.488 2.3146
1.491 2.31876
1.494 2.32295
1.497 2.32714
1.5 2.33136
1.503 2.3356
1.506 2.33985
1.509 2.34412
1.512 2.34841
1.515 2.35272
1.518 2.35704
1.521 2.36139
1.524 2.36575
1.527 2.37013
1.53 2.37454
1.533 2.37896
1.536 2.3834
1.539 2.38786
1.542 2.39234
1.545 2.39684
1.548 2.40136
1.551 2.4059
1.554 2.41046
1.557 2.41505
1.56 2.41965
1.563 2.42427
1.566 2.42892
1.569 2.43358
1.572 2.43827
1.575 2.44298
1.578 2.44771
1.581 2.45246
1.584 2.45723
1.587 2.46202
1.59 2.46684
1.593 2.47168
1.596 2.47653
1.599 2.48142
1.602 2.48632
1.605 2.49124
1.608 2.49619
1.611 2.50116
1.614 2.50615
1.617 2.51116
1.62 2.5162
1.623 2.52126
1.626 2.52634
1.629 2.53144
1.632 2.53657
1.635 2.54171
1.638 2.54688
1.641 2.55207
1.644 2.55729
1.647 2.56252
1.65 2.56778
1.653 2.57306
1.656 2.57836
1.659 2.58369
1.662 2.58903
1.665 2.5944
1.668 2.59979
1.671 2.60521
1.674 2.61064
1.677 2.6161
1.68 2.62157
1.683 2.62707
1.686 2.63259
1.689 2.63813
1.692 2.64369
1.695 2.64928
1.698 2.65488
1.701 2.66051
1.704 2.66615
1.707 2.67182
1.71 2.6775
1.713 2.68321
1.716 2.68894
1.719 2.69468
1.722 2.70045
1.725 2.70623
1.728 2.71204
1.731 2.71786
1.734 2.7237
1.737 2.72956
1.74 2.73544
1.743 2.74133
1.746 2.74725
1.749 2.75318
1.752 2.75913
1.755 2.76509
1.758 2.77107
1.761 2.77707
1.764 2.78309
1.767 2.78912
1.77 2.79516
1.773 2.80123
1.776 2.8073
1.779 2.81339
1.782 2.8195
1.785 2.82562
1.788 2.83175
1.791 2.8379
1.794 2.84406
1.797 2.85023
1.8 2.85641
1.803 2.86261
1.806 2.86882
1.809 2.87504
1.812 2.88127
1.815 2.88751
1.818 2.89376
1.821 2.90002
1.824 2.90629
1.827 2.91256
1.83 2.91885
1.833 2.92514
1.836 2.93145
1.839 2.93776
1.842 2.94407
1.845 2.95039
1.848 2.95672
1.851 2.96306
1.854 2.96939
1.857 2.97574
1.86 2.98209
1.863 2.98844
1.866 2.99479
1.869 3.00115
1.872 3.00751
1.875 3.01387
1.878 3.02023
1.881 3.0266
1.884 3.03296
1.887 3.03932
1.89 3.04569
1.893 3.05205
1.896 3.05841
1.899 3.06477
1.902 3.07113
1.905 3.07748
1.908 3.08383
1.911 3.09018
1.914 3.09652
1.917 3.10286
1.92 3.10919
1.923 3.11552
1.926 3.12184
1.929 3.12816
1.932 3.13446
1.935 3.14076
1.938 3.14706
1.941 3.15334
1.944 3.15961
1.947 3.16588
1.95 3.17213
1.953 3.17837
1.956 3.18461
1.959 3.19083
1.962 3.19704
1.965 3.20323
1.968 3.20942
1.971 3.21559
1.974 3.22175
1.977 3.22789
1.98 3.23402
1.983 3.24013
1.986 3.24623
1.989 3.25231
1.992 3.25837
1.995 3.26442
1.998 3.27045
2.001 3.27646
2.004 3.28245
2.007 3.28843
2.01 3.29439
2.013 3.30032
2.016 3.30624
2.019 3.31214
2.022 3.31801
2.025 3.32387
2.028 3.3297
2.031 3.33551
2.034 3.3413
2.037 3.34706
2.04 3.35281
2.043 3.35852
2.046 3.36422
2.049 3.36989
2.052 3.37554
2.055 3.38116
2.058 3.38675
2.061 3.39232
2.064 3.39787
2.067 3.40339
2.07 3.40888
2.073 3.41434
2.076 3.41978
2.079 3.42519
2.082 3.43057
2.085 3.43593
2.088 3.44125
2.091 3.44655
2.094 3.45182
2.097 3.45706
2.1 3.46227
2.103 3.46745
2.106 3.4726
2.109 3.47772
2.112 3.48281
2.115 3.48786
2.118 3.49289
2.121 3.49789
2.124 3.50285
2.127 3.50779
2.13 3.51269
2.133 3.51756
2.136 3.5224
2.139 3.52721
2.142 3.53198
2.145 3.53672
2.148 3.54143
2.151 3.54611
2.154 3.55075
2.157 3.55536
2.16 3.55994
2.163 3.56449
2.166 3.569
2.169 3.57348
2.172 3.57792
2.175 3.58233
2.178 3.58671
2.181 3.59105
2.184 3.59537
2.187 3.59964
2.19 3.60388
2.193 3.60809
2.196 3.61227
2.199 3.61641
2.202 3.62052
2.205 3.62459
2.208 3.62863
2.211 3.63264
2.214 3.63661
2.217 3.64055
2.22 3.64446
2.223 3.64833
2.226 3.65216
2.229 3.65597
2.232 3.65974
2.235 3.66347
2.238 3.66718
2.241 3.67085
2.244 3.67448
2.247 3.67809
2.25 3.68166
2.253 3.68519
2.256 3.6887
2.259 3.69217
2.262 3.69561
2.265 3.69901
2.268 3.70239
2.271 3.70573
2.274 3.70904
2.277 3.71231
2.28 3.71556
2.283 3.71877
2.286 3.72195
2.289 3.7251
2.292 3.72821
2.295 3.7313
2.298 3.73435
2.301 3.73738
2.304 3.74037
2.307 3.74333
2.31 3.74626
2.313 3.74916
2.316 3.75203
2.319 3.75487
2.322 3.75769
2.325 3.76047
2.328 3.76322
2.331 3.76594
2.334 3.76863
2.337 3.7713
2.34 3.77393
2.343 3.77654
2.346 3.77912
2.349 3.78167
2.352 3.78419
2.355 3.78669
2.358 3.78916
2.361 3.7916
2.364 3.79401
2.367 3.79639
2.37 3.79875
2.373 3.80109
2.376 3.80339
2.379 3.80567
2.382 3.80793
2.385 3.81016
2.388 3.81236
2.391 3.81454
2.394 3.81669
2.397 3.81882
2.4 3.82092
2.403 3.823
2.406 3.82506
2.409 3.82709
2.412 3.82909
2.415 3.83108
2.418 3.83304
2.421 3.83498
2.424 3.83689
2.427 3.83878
2.43 3.84065
2.433 3.8425
2.436 3.84432
2.439 3.84613
2.442 3.84791
2.445 3.84967
2.448 3.85141
2.451 3.85313
2.454 3.85482
2.457 3.8565
2.46 3.85816
2.463 3.85979
2.466 3.86141
2.469 3.86301
2.472 3.86458
2.475 3.86614
2.478 3.86768
2.481 3.8692
2.484 3.8707
2.487 3.87218
2.49 3.87365
2.493 3.87509
2.496 3.87652
2.499 3.87793
2.502 3.87932
2.505 3.8807
2.508 3.88206
2.511 3.8834
2.514 3.88472
2.517 3.88603
2.52 3.88732
2.523 3.8886
2.526 3.88986
2.529 3.8911
2.532 3.89233
2.535 3.89354
2.538 3.89473
2.541 3.89592
2.544 3.89708
2.547 3.89823
2.55 3.89937
2.553 3.90049
2.556 3.9016
2.559 3.9027
2.562 3.90378
2.565 3.90484
2.568 3.90589
2.571 3.90693
2.574 3.90796
2.577 3.90897
2.58 3.90997
2.583 3.91096
2.586 3.91193
2.589 3.91289
2.592 3.91384
2.595 3.91478
2.598 3.9157
2.601 3.91662
2.604 3.91752
2.607 3.91841
2.61 3.91928
2.613 3.92015
2.616 3.92101
2.619 3.92185
2.622 3.92268
2.625 3.92351
2.628 3.92432
2.631 3.92512
2.634 3.92591
2.637 3.92669
2.64 3.92746
2.643 3.92822
2.646 3.92897
2.649 3.92971
2.652 3.93044
2.655 3.93116
2.658 3.93187
2.661 3.93257
2.664 3.93326
2.667 3.93395
2.67 3.93462
2.673 3.93529
2.676 3.93595
2.679 3.93659
2.682 3.93723
2.685 3.93787
2.688 3.93849
2.691 3.9391
2.694 3.93971
2.697 3.94031
2.7 3.9409
2.703 3.94148
2.706 3.94206
2.709 3.94262
2.712 3.94318
2.715 3.94374
2.718 3.94428
2.721 3.94482
2.724 3.94535
2.727 3.94588
2.73 3.94639
2.733 3.9469
2.736 3.94741
2.739 3.9479
2.742 3.94839
2.745 3.94888
2.748 3.94935
2.751 3.94982
2.754 3.95029
2.757 3.95075
2.76 3.9512
2.763 3.95164
2.766 3.95208
2.769 3.95252
2.772 3.95295
2.775 3.95337
2.778 3.95379
2.781 3.9542
2.784 3.9546
2.787 3.955
2.79 3.9554
2.793 3.95579
2.796 3.95617
2.799 3.95655
2.802 3.95693
2.805 3.9573
2.808 3.95766
2.811 3.95802
2.814 3.95837
2.817 3.95872
2.82 3.95907
2.823 3.95941
2.826 3.95974
2.829 3.96007
2.832 3.9604
2.835 3.96072
2.838 3.96104
2.841 3.96136
2.844 3.96166
2.847 3.96197
2.85 3.96227
2.853 3.96257
2.856 3.96286
2.859 3.96315
2.862 3.96343
2.865 3.96372
2.868 3.96399
2.871 3.96427
2.874 3.96454
2.877 3.9648
2.88 3.96506
2.883 3.96532
2.886 3.96558
2.889 3.96583
2.892 3.96608
2.895 3.96632
2.898 3.96657
2.901 3.9668
2.904 3.96704
2.907 3.96727
2.91 3.9675
2.913 3.96772
2.916 3.96795
2.919 3.96817
2.922 3.96838
2.925 3.9686
2.928 3.96881
2.931 3.96901
2.934 3.96922
2.937 3.96942
2.94 3.96962
2.943 3.96982
2.946 3.97001
2.949 3.9702
2.952 3.97039
2.955 3.97057
2.958 3.97076
2.961 3.97094
2.964 3.97111
2.967 3.97129
2.97 3.97146
2.973 3.97163
2.976 3.9718
2.979 3.97197
2.982 3.97213
2.985 3.97229
2.988 3.97245
2.991 3.97261
2.994 3.97276
2.997 3.97291
3 3.97306
3.001 0
