0 5
0.003 3.92993
0.006 3.92962
0.009 3.92931
0.012 3.929
0.015 3.92868
0.018 3.92837
0.021 3.92805
0.024 3.92773
0.027 3.92741
0.03 3.92708
0.033 3.92676
0.036 3.92643
0.039 3.9261
0.042 3.92577
0.045 3.92544
0.048 3.9251
0.051 3.92477
0.054 3.92443
0.057 3.92409
0.06 3.92374
0.063 3.9234
0.066 3.92305
0.069 3.9227
0.072 3.92235
0.075 3.922
0.078 3.92164
0.081 3.92129
0.084 3.92093
0.087 3.92057
0.09 3.9202
0.093 3.91984
0.096 3.91947
0.099 3.9191
0.102 3.91873
0.105 3.91836
0.108 3.91798
0.111 3.9176
0.114 3.91722
0.117 3.91684
0.12 3.91646
0.123 3.91607
0.126 3.91568
0.129 3.9153
0.132 3.9149
0.135 3.91451
0.138 3.91411
0.141 3.91371
0.144 3.91331
0.147 3.91291
0.15 3.91251
0.153 3.9121
0.156 3.91169
0.159 3.91128
0.162 3.91087
0.165 3.91045
0.168 3.91003
0.171 3.90962
0.174 3.90919
0.177 3.90877
0.18 3.90834
0.183 3.90792
0.186 3.90749
0.189 3.90705
0.192 3.90662
0.195 3.90618
0.198 3.90574
0.201 3.9053
0.204 3.90486
0.207 3.90442
0.21 3.90397
0.213 3.90352
0.216 3.90307
0.219 3.90261
0.222 3.90216
0.225 3.9017
0.228 3.90124
0.231 3.90078
0.234 3.90031
0.237 3.89985
0.24 3.89938
0.243 3.89891
0.246 3.89844
0.249 3.89796
0.252 3.89749
0.255 3.89701
0.258 3.89652
0.261 3.89604
0.264 3.89556
0.267 3.89507
0.27 3.89458
0.273 3.89409
0.276 3.89359
0.279 3.8931
0.282 3.8926
0.285 3.8921
0.288 3.8916
0.291 3.89109
0.294 3.89059
0.297 3.89008
0.3 3.88957
0.303 3.88906
0.306 3.88854
0.309 3.88803
0.312 3.88751
0.315 3.88699
0.318 3.88646
0.321 3.88594
0.324 3.88541
0.327 3.88489
0.33 3.88435
0.333 3.88382
0.336 3.88329
0.339 3.88275
0.342 3.88221
0.345 3.88167
0.348 3.88113
0.351 3.88059
0.354 3.88004
0.357 3.87949
0.36 3.87894
0.363 3.87839
0.366 3.87784
0.369 3.87728
0.372 3.87672
0.375 3.87616
0.378 3.8756
0.381 3.87504
0.384 3.87447
0.387 3.87391
0.39 3.87334
0.393 3.87277
0.396 3.8722
0.399 3.87162
0.402 3.87105
0.405 3.87047
0.408 3.86989
0.411 3.86931
0.414 3.86873
0.417 3.86814
0.42 3.86756
0.423 3.86697
0.426 3.86638
0.429 3.86579
0.432 3.86519
0.435 3.8646
0.438 3.864
0.441 3.86341
0.444 3.86281
0.447 3.8622
0.45 3.8616
0.453 3.861
0.456 3.86039
0.459 3.85978
0.462 3.85918
0.465 3.85856
0.468 3.85795
0.471 3.85734
0.474 3.85672
0.477 3.85611
0.48 3.85549
0.483 3.85487
0.486 3.85425
0.489 3.85363
0.492 3.853
0.495 3.85238
0.498 3.85175
0.501 3.85112
0.504 3.85049
0.507 3.84986
0.51 3.84923
0.513 3.84859
0.516 3.84796
0.519 3.84732
0.522 3.84668
0.525 3.84605
0.528 3.8454
0.531 3.84476
0.534 3.84412
0.537 3.84348
0.54 3.84283
0.543 3.84218
0.546 3.84154
0.549 3.84089
0.552 3.84024
0.555 3.83958
0.558 3.83893
0.561 3.83828
0.564 3.83762
0.567 3.83696
0.57 3.83631
0.573 3.83565
0.576 3.83499
0.579 3.83433
0.582 3.83367
0.585 3.833
0.588 3.83234
0.591 3.83167
0.594 3.83101
0.597 3.83034
0.6 3.82967
0.603 3.829
0.606 3.82833
0.609 3.82766
0.612 3.82698
0.615 3.82631
0.618 3.82564
0.621 3.82496
0.624 3.82428
0.627 3.82361
0.63 3.82293
0.633 3.82225
0.636 3.82157
0.639 3.82088
0.642 3.8202
0.645 3.81952
0.648 3.81883
0.651 3.81815
0.654 3.81746
0.657 3.81677
0.66 3.81609
0.663 3.8154
0.666 3.81471
0.669 3.81401
0.672 3.81332
0.675 3.81263
0.678 3.81194
0.681 3.81124
0.684 3.81055
0.687 3.80985
0.69 3.80915
0.693 3.80845
0.696 3.80776
0.699 3.80706
0.702 3.80636
0.705 3.80565
0.708 3.80495
0.711 3.80425
0.714 3.80354
0.717 3.80284
0.72 3.80213
0.723 3.80143
0.726 3.80072
0.729 3.80001
0.732 3.7993
0.735 3.79859
0.738 3.79788
0.741 3.79717
0.744 3.79646
0.747 3.79574
0.75 3.79503
0.753 3.79432
0.756 3.7936
0.759 3.79288
0.762 3.79217
0.765 3.79145
0.768 3.79073
0.771 3.79001
0.774 3.78929
0.777 3.78857
0.78 3.78784
0.783 3.78712
0.786 3.7864
0.789 3.78567
0.792 3.78495
0.795 3.78422
0.798 3.78349
0.801 3.78276
0.804 3.78203
0.807 3.7813
0.81 3.78057
0.813 3.77984
0.816 3.77911
0.819 3.77838
0.822 3.77764
0.825 3.77691
0.828 3.77617
0.831 3.77543
0.834 3.7747
0.837 3.77396
0.84 3.77322
0.843 3.77248
0.846 3.77174
0.849 3.77099
0.852 3.77025
0.855 3.76951
0.858 3.76876
0.861 3.76802
0.864 3.76727
0.867 3.76652
0.87 3.76577
0.873 3.76502
0.876 3.76427
0.879 3.76352
0.882 3.76277
0.885 3.76202
0.888 3.76126
0.891 3.76051
0.894 3.75975
0.897 3.75899
0.9 3.75823
0.903 3.75747
0.906 3.75671
0.909 3.75595
0.912 3.75519
0.915 3.75443
0.918 3.75366
0.921 3.7529
0.924 3.75213
0.927 3.75136
0.93 3.75059
0.933 3.74982
0.936 3.74905
0.939 3.74828
0.942 3.74751
0.945 3.74673
0.948 3.74596
0.951 3.74518
0.954 3.7444
0.957 3.74362
0.96 3.74284
0.963 3.74206
0.966 3.74128
0.969 3.7405
0.972 3.73971
0.975 3.73893
0.978 3.73814
0.981 3.73735
0.984 3.73656
0.987 3.73577
0.99 3.73498
0.993 3.73418
0.996 3.73339
0.999 3.73259
1.002 3.7318
1.005 3.731
1.008 3.7302
1.011 3.7294
1.014 3.72859
1.017 3.72779
1.02 3.72698
1.023 3.72618
1.026 3.72537
1.029 3.72456
1.032 3.72375
1.035 3.72293
1.038 3.72212
1.041 3.7213
1.044 3.72049
1.047 3.71967
1.05 3.71885
1.053 3.71803
1.056 3.71721
1.059 3.71638
1.062 3.71555
1.065 3.71473
1.068 3.7139
1.071 3.71307
1.074 3.71223
1.077 3.7114
1.08 3.71056
1.083 3.70973
1.086 3.70889
1.089 3.70805
1.092 3.70721
1.095 3.70636
1.098 3.70552
1.101 3.70467
1.104 3.70382
1.107 3.70297
1.11 3.70211
1.113 3.70126
1.116 3.7004
1.119 3.69955
1.122 3.69869
1.125 3.69782
1.128 3.69696
1.131 3.69609
1.134 3.69523
1.137 3.69436
1.14 3.69349
1.143 3.69261
1.146 3.69174
1.149 3.69086
1.152 3.68998
1.155 3.6891
1.158 3.68821
1.161 3.68733
1.164 3.68644
1.167 3.68555
1.17 3.68466
1.173 3.68377
1.176 3.68287
1.179 3.68197
1.182 3.68107
1.185 3.68017
1.188 3.67926
1.191 3.67835
1.194 3.67745
1.197 3.67653
1.2 3.67562
1.203 3.6747
1.206 3.67378
1.209 3.67286
1.212 3.67194
1.215 3.67101
1.218 3.67008
1.221 3.66915
1.224 3.66822
1.227 3.66728
1.23 3.66635
1.233 3.66541
1.236 3.66446
1.239 3.66352
1.242 3.66257
1.245 3.66162
1.248 3.66066
1.251 3.65971
1.254 3.65875
1.257 3.65778
1.26 3.65682
1.263 3.65585
1.266 3.65488
1.269 3.65391
1.272 3.65293
1.275 3.65195
1.278 3.65097
1.281 3.64999
1.284 3.649
1.287 3.64801
1.29 3.64701
1.293 3.64602
1.296 3.64502
1.299 3.64402
1.302 3.64301
1.305 3.642
1.308 3.64099
1.311 3.63997
1.314 3.63896
1.317 3.63793
1.32 3.63691
1.323 3.63588
1.326 3.63485
1.329 3.63381
1.332 3.63278
1.335 3.63174
1.338 3.63069
1.341 3.62964
1.344 3.62859
1.347 3.62753
1.35 3.62648
1.353 3.62541
1.356 3.62435
1.359 3.62328
1.362 3.6222
1.365 3.62113
1.368 3.62005
1.371 3.61896
1.374 3.61787
1.377 3.61678
1.38 3.61569
1.383 3.61459
1.386 3.61348
1.389 3.61238
1.392 3.61127
1.395 3.61015
1.398 3.60903
1.401 3.60791
1.404 3.60678
1.407 3.60565
1.41 3.60451
1.413 3.60337
1.416 3.60223
1.419 3.60108
1.422 3.59993
1.425 3.59877
1.428 3.59761
1.431 3.59644
1.434 3.59527
1.437 3.5941
1.44 3.59292
1.443 3.59174
1.446 3.59055
1.449 3.58936
1.452 3.58816
1.455 3.58696
1.458 3.58575
1.461 3.58454
1.464 3.58333
1.467 3.58211
1.47 3.58088
1.473 3.57965
1.476 3.57842
1.479 3.57718
1.482 3.57593
1.485 3.57468
1.488 3.57343
1.491 3.57217
1.494 3.5709
1.497 3.56963
1.5 3.56835
1.503 3.56707
1.506 3.56579
1.509 3.5645
1.512 3.5632
1.515 3.5619
1.518 3.56059
1.521 3.55928
1.524 3.55796
1.527 3.55664
1.53 3.55531
1.533 3.55398
1.536 3.55264
1.539 3.55129
1.542 3.54994
1.545 3.54858
1.548 3.54722
1.551 3.54585
1.554 3.54447
1.557 3.54309
1.56 3.54171
1.563 3.54032
1.566 3.53892
1.569 3.53751
1.572 3.5361
1.575 3.53469
1.578 3.53327
1.581 3.53184
1.584 3.5304
1.587 3.52896
1.59 3.52751
1.593 3.52606
1.596 3.5246
1.599 3.52313
1.602 3.52166
1.605 3.52018
1.608 3.5187
1.611 3.51721
1.614 3.51571
1.617 3.5142
1.62 3.51269
1.623 3.51117
1.626 3.50965
1.629 3.50812
1.632 3.50658
1.635 3.50503
1.638 3.50348
1.641 3.50192
1.644 3.50036
1.647 3.49878
1.65 3.4972
1.653 3.49562
1.656 3.49402
1.659 3.49242
1.662 3.49081
1.665 3.4892
1.668 3.48758
1.671 3.48595
1.674 3.48431
1.677 3.48267
1.68 3.48101
1.683 3.47936
1.686 3.47769
1.689 3.47602
1.692 3.47434
1.695 3.47265
1.698 3.47095
1.701 3.46925
1.704 3.46754
1.707 3.46582
1.71 3.46409
1.713 3.46236
1.716 3.46062
1.719 3.45887
1.722 3.45711
1.725 3.45535
1.728 3.45358
1.731 3.4518
1.734 3.45001
1.737 3.44822
1.74 3.44641
1.743 3.4446
1.746 3.44278
1.749 3.44096
1.752 3.43912
1.755 3.43728
1.758 3.43543
1.761 3.43357
1.764 3.4317
1.767 3.42982
1.77 3.42794
1.773 3.42605
1.776 3.42415
1.779 3.42224
1.782 3.42033
1.785 3.4184
1.788 3.41647
1.791 3.41453
1.794 3.41258
1.797 3.41063
1.8 3.40866
1.803 3.40669
1.806 3.40471
1.809 3.40272
1.812 3.40072
1.815 3.39871
1.818 3.3967
1.821 3.39467
1.824 3.39264
1.827 3.3906
1.83 3.38855
1.833 3.3865
1.836 3.38443
1.839 3.38236
1.842 3.38028
1.845 3.37819
1.848 3.37609
1.851 3.37398
1.854 3.37186
1.857 3.36974
1.86 3.36761
1.863 3.36547
1.866 3.36332
1.869 3.36116
1.872 3.359
1.875 3.35682
1.878 3.35464
1.881 3.35245
1.884 3.35025
1.887 3.34804
1.89 3.34583
1.893 3.3436
1.896 3.34137
1.899 3.33913
1.902 3.33688
1.905 3.33462
1.908 3.33236
1.911 3.33008
1.914 3.3278
1.917 3.32551
1.92 3.32321
1.923 3.32091
1.926 3.31859
1.929 3.31627
1.932 3.31394
1.935 3.3116
1.938 3.30925
1.941 3.3069
1.944 3.30453
1.947 3.30216
1.95 3.29979
1.953 3.2974
1.956 3.29501
1.959 3.2926
1.962 3.29019
1.965 3.28778
1.968 3.28535
1.971 3.28292
1.974 3.28048
1.977 3.27803
1.98 3.27558
1.983 3.27311
1.986 3.27065
1.989 3.26817
1.992 3.26568
1.995 3.26319
1.998 3.2607
2.001 3.25819
2.004 3.25568
2.007 3.25316
2.01 3.25063
2.013 3.2481
2.016 3.24556
2.019 3.24302
2.022 3.24046
2.025 3.2379
2.028 3.23534
2.031 3.23277
2.034 3.23019
2.037 3.22761
2.04 3.22502
2.043 3.22242
2.046 3.21982
2.049 3.21721
2.052 3.2146
2.055 3.21198
2.058 3.20936
2.061 3.20673
2.064 3.20409
2.067 3.20145
2.07 3.19881
2.073 3.19616
2.076 3.1935
2.079 3.19085
2.082 3.18818
2.085 3.18551
2.088 3.18284
2.091 3.18017
2.094 3.17748
2.097 3.1748
2.1 3.17211
2.103 3.16942
2.106 3.16672
2.109 3.16402
2.112 3.16132
2.115 3.15862
2.118 3.15591
2.121 3.1532
2.124 3.15048
2.127 3.14777
2.13 3.14505
2.133 3.14233
2.136 3.1396
2.139 3.13688
2.142 3.13415
2.145 3.13142
2.148 3.12869
2.151 3.12596
2.154 3.12323
2.157 3.1205
2.16 3.11776
2.163 3.11503
2.166 3.11229
2.169 3.10956
2.172 3.10682
2.175 3.10408
2.178 3.10135
2.181 3.09861
2.184 3.09588
2.187 3.09315
2.19 3.09041
2.193 3.08768
2.196 3.08495
2.199 3.08222
2.202 3.07949
2.205 3.07677
2.208 3.07405
2.211 3.07133
2.214 3.06861
2.217 3.06589
2.22 3.06318
2.223 3.06047
2.226 3.05776
2.229 3.05506
2.232 3.05236
2.235 3.04966
2.238 3.04697
2.241 3.04428
2.244 3.0416
2.247 3.03892
2.25 3.03625
2.253 3.03358
2.256 3.03091
2.259 3.02825
2.262 3.0256
2.265 3.02295
2.268 3.02031
2.271 3.01767
2.274 3.01504
2.277 3.01242
2.28 3.00981
2.283 3.0072
2.286 3.00459
2.289 3.002
2.292 2.99941
2.295 2.99683
2.298 2.99425
2.301 2.99169
2.304 2.98913
2.307 2.98658
2.31 2.98404
2.313 2.98151
2.316 2.97899
2.319 2.97647
2.322 2.97397
2.325 2.97147
2.328 2.96898
2.331 2.96651
2.334 2.96404
2.337 2.96158
2.34 2.95913
2.343 2.9567
2.346 2.95427
2.349 2.95185
2.352 2.94944
2.355 2.94705
2.358 2.94466
2.361 2.94229
2.364 2.93993
2.367 2.93758
2.37 2.93524
2.373 2.93291
2.376 2.93059
2.379 2.92828
2.382 2.92599
2.385 2.92371
2.388 2.92144
2.391 2.91918
2.394 2.91694
2.397 2.9147
2.4 2.91248
2.403 2.91027
2.406 2.90808
2.409 2.9059
2.412 2.90373
2.415 2.90157
2.418 2.89943
2.421 2.8973
2.424 2.89518
2.427 2.89307
2.43 2.89098
2.433 2.8889
2.436 2.88684
2.439 2.88479
2.442 2.88275
2.445 2.88073
2.448 2.87872
2.451 2.87672
2.454 2.87473
2.457 2.87277
2.46 2.87081
2.463 2.86887
2.466 2.86694
2.469 2.86502
2.472 2.86312
2.475 2.86124
2.478 2.85936
2.481 2.85751
2.484 2.85566
2.487 2.85383
2.49 2.85201
2.493 2.85021
2.496 2.84842
2.499 2.84664
2.502 2.84488
2.505 2.84313
2.508 2.8414
2.511 2.83968
2.514 2.83798
2.517 2.83628
2.52 2.83461
2.523 2.83294
2.526 2.83129
2.529 2.82966
2.532 2.82803
2.535 2.82642
2.538 2.82483
2.541 2.82325
2.544 2.82168
2.547 2.82013
2.55 2.81859
2.553 2.81706
2.556 2.81555
2.559 2.81405
2.562 2.81256
2.565 2.81109
2.568 2.80963
2.571 2.80818
2.574 2.80675
2.577 2.80533
2.58 2.80392
2.583 2.80253
2.586 2.80115
2.589 2.79978
2.592 2.79842
2.595 2.79708
2.598 2.79575
2.601 2.79443
2.604 2.79313
2.607 2.79184
2.61 2.79056
2.613 2.78929
2.616 2.78804
2.619 2.7868
2.622 2.78557
2.625 2.78435
2.628 2.78315
2.631 2.78195
2.634 2.78077
2.637 2.7796
2.64 2.77844
2.643 2.7773
2.646 2.77616
2.649 2.77504
2.652 2.77393
2.655 2.77283
2.658 2.77174
2.661 2.77067
2.664 2.7696
2.667 2.76854
2.67 2.7675
2.673 2.76647
2.676 2.76545
2.679 2.76443
2.682 2.76343
2.685 2.76244
2.688 2.76146
2.691 2.7605
2.694 2.75954
2.697 2.75859
2.7 2.75765
2.703 2.75672
2.706 2.75581
2.709 2.7549
2.712 2.754
2.715 2.75311
2.718 2.75223
2.721 2.75136
2.724 2.7505
2.727 2.74965
2.73 2.74881
2.733 2.74798
2.736 2.74716
2.739 2.74635
2.742 2.74554
2.745 2.74475
2.748 2.74396
2.751 2.74319
2.754 2.74242
2.757 2.74166
2.76 2.74091
2.763 2.74016
2.766 2.73943
2.769 2.7387
2.772 2.73799
2.775 2.73728
2.778 2.73657
2.781 2.73588
2.784 2.7352
2.787 2.73452
2.79 2.73385
2.793 2.73319
2.796 2.73253
2.799 2.73189
2.802 2.73125
2.805 2.73061
2.808 2.72999
2.811 2.72937
2.814 2.72876
2.817 2.72816
2.82 2.72756
2.823 2.72697
2.826 2.72639
2.829 2.72582
2.832 2.72525
2.835 2.72468
2.838 2.72413
2.841 2.72358
2.844 2.72304
2.847 2.7225
2.85 2.72197
2.853 2.72145
2.856 2.72093
2.859 2.72042
2.862 2.71992
2.865 2.71942
2.868 2.71892
2.871 2.71844
2.874 2.71796
2.877 2.71748
2.88 2.71701
2.883 2.71655
2.886 2.71609
2.889 2.71563
2.892 2.71519
2.895 2.71474
2.898 2.71431
2.901 2.71387
2.904 2.71345
2.907 2.71303
2.91 2.71261
2.913 2.7122
2.916 2.71179
2.919 2.71139
2.922 2.71099
2.925 2.7106
2.928 2.71021
2.931 2.70983
2.934 2.70945
2.937 2.70908
2.94 2.70871
2.943 2.70835
2.946 2.70799
2.949 2.70763
2.952 2.70728
2.955 2.70693
2.958 2.70659
2.961 2.70625
2.964 2.70592
2.967 2.70559
2.97 2.70526
2.973 2.70494
2.976 2.70462
2.979 2.70431
2.982 2.704
2.985 2.70369
2.988 2.70339
2.991 2.70309
2.994 2.70279
2.997 2.7025
3 2.70221
3.001 5
