0 0
0.003 0.145988
0.006 0.146832
0.009 0.147682
0.012 0.148537
0.015 0.149397
0.018 0.150263
0.021 0.151133
0.024 0.152009
0.027 0.15289
0.03 0.153777
0.033 0.154669
0.036 0.155567
0.039 0.156469
0.042 0.157378
0.045 0.158292
0.048 0.159211
0.051 0.160136
0.054 0.161066
0.057 0.162002
0.06 0.162944
0.063 0.163891
0.066 0.164844
0.069 0.165802
0.072 0.166766
0.075 0.167736
0.078 0.168712
0.081 0.169693
0.084 0.17068
0.087 0.171673
0.09 0.172672
0.093 0.173677
0.096 0.174687
0.099 0.175703
0.102 0.176726
0.105 0.177754
0.108 0.178788
0.111 0.179828
0.114 0.180874
0.117 0.181926
0.12 0.182984
0.123 0.184049
0.126 0.185119
0.129 0.186195
0.132 0.187278
0.135 0.188366
0.138 0.189461
0.141 0.190562
0.144 0.191669
0.147 0.192783
0.15 0.193902
0.153 0.195028
0.156 0.19616
0.159 0.197298
0.162 0.198443
0.165 0.199594
0.168 0.200751
0.171 0.201915
0.174 0.203085
0.177 0.204261
0.18 0.205444
0.183 0.206633
0.186 0.207829
0.189 0.209031
0.192 0.210239
0.195 0.211454
0.198 0.212676
0.201 0.213904
0.204 0.215138
0.207 0.216379
0.21 0.217627
0.213 0.218881
0.216 0.220141
0.219 0.221408
0.222 0.222682
0.225 0.223962
0.228 0.225249
0.231 0.226543
0.234 0.227843
0.237 0.22915
0.24 0.230463
0.243 0.231783
0.246 0.23311
0.249 0.234443
0.252 0.235783
0.255 0.23713
0.258 0.238483
0.261 0.239843
0.264 0.24121
0.267 0.242584
0.27 0.243964
0.273 0.245351
0.276 0.246744
0.279 0.248144
0.282 0.249551
0.285 0.250965
0.288 0.252386
0.291 0.253813
0.294 0.255247
0.297 0.256687
0.3 0.258135
0.303 0.259589
0.306 0.26105
0.309 0.262517
0.312 0.263991
0.315 0.265472
0.318 0.26696
0.321 0.268455
0.324 0.269956
0.327 0.271464
0.33 0.272978
0.333 0.2745
0.336 0.276028
0.339 0.277562
0.342 0.279104
0.345 0.280652
0.348 0.282207
0.351 0.283768
0.354 0.285336
0.357 0.286911
0.36 0.288493
0.363 0.290081
0.366 0.291676
0.369 0.293277
0.372 0.294885
0.375 0.2965
0.378 0.298121
0.381 0.299749
0.384 0.301384
0.387 0.303025
0.39 0.304672
0.393 0.306327
0.396 0.307987
0.399 0.309655
0.402 0.311329
0.405 0.313009
0.408 0.314696
0.411 0.316389
0.414 0.318089
0.417 0.319795
0.42 0.321508
0.423 0.323227
0.426 0.324953
0.429 0.326685
0.432 0.328423
0.435 0.330168
0.438 0.331919
0.441 0.333676
0.444 0.33544
0.447 0.33721
0.45 0.338987
0.453 0.340769
0.456 0.342558
0.459 0.344354
0.462 0.346155
0.465 0.347963
0.468 0.349777
0.471 0.351597
0.474 0.353423
0.477 0.355255
0.48 0.357094
0.483 0.358938
0.486 0.360789
0.489 0.362646
0.492 0.364509
0.495 0.366378
0.498 0.368253
0.501 0.370134
0.504 0.372021
0.507 0.373913
0.51 0.375812
0.513 0.377717
0.516 0.379628
0.519 0.381545
0.522 0.383467
0.525 0.385395
0.528 0.38733
0.531 0.38927
0.534 0.391216
0.537 0.393167
0.54 0.395125
0.543 0.397088
0.546 0.399057
0.549 0.401032
0.552 0.403012
0.555 0.404998
0.558 0.40699
0.561 0.408988
0.564 0.410991
0.567 0.413
0.57 0.415014
0.573 0.417034
0.576 0.41906
0.579 0.421091
0.582 0.423127
0.585 0.42517
0.588 0.427217
0.591 0.429271
0.594 0.431329
0.597 0.433393
0.6 0.435463
0.603 0.437538
0.606 0.439619
0.609 0.441705
0.612 0.443796
0.615 0.445893
0.618 0.447995
0.621 0.450103
0.624 0.452216
0.627 0.454334
0.63 0.456458
0.633 0.458587
0.636 0.460721
0.639 0.462861
0.642 0.465005
0.645 0.467156
0.648 0.469311
0.651 0.471472
0.654 0.473638
0.657 0.475809
0.66 0.477985
0.663 0.480167
0.666 0.482354
0.669 0.484546
0.672 0.486744
0.675 0.488946
0.678 0.491154
0.681 0.493367
0.684 0.495585
0.687 0.497808
0.69 0.500037
0.693 0.502271
0.696 0.50451
0.699 0.506754
0.702 0.509003
0.705 0.511257
0.708 0.513517
0.711 0.515781
0.714 0.518051
0.717 0.520326
0.72 0.522606
0.723 0.524891
0.726 0.527182
0.729 0.529477
0.732 0.531778
0.735 0.534084
0.738 0.536395
0.741 0.538711
0.744 0.541032
0.747 0.543359
0.75 0.54569
0.753 0.548027
0.756 0.550369
0.759 0.552716
0.762 0.555068
0.765 0.557426
0.768 0.559788
0.771 0.562156
0.774 0.564529
0.777 0.566907
0.78 0.56929
0.783 0.571678
0.786 0.574072
0.789 0.576471
0.792 0.578875
0.795 0.581284
0.798 0.583698
0.801 0.586118
0.804 0.588543
0.807 0.590973
0.81 0.593408
0.813 0.595849
0.816 0.598295
0.819 0.600746
0.822 0.603202
0.825 0.605664
0.828 0.608131
0.831 0.610603
0.834 0.613081
0.837 0.615563
0.84 0.618052
0.843 0.620545
0.846 0.623044
0.849 0.625548
0.852 0.628058
0.855 0.630573
0.858 0.633093
0.861 0.635619
0.864 0.63815
0.867 0.640687
0.87 0.643229
0.873 0.645776
0.876 0.648329
0.879 0.650887
0.882 0.653451
0.885 0.65602
0.888 0.658595
0.891 0.661176
0.894 0.663761
0.897 0.666353
0.9 0.66895
0.903 0.671552
0.906 0.67416
0.909 0.676774
0.912 0.679393
0.915 0.682018
0.918 0.684649
0.921 0.687285
0.924 0.689927
0.927 0.692574
0.93 0.695227
0.933 0.697886
0.936 0.700551
0.939 0.703221
0.942 0.705897
0.945 0.708579
0.948 0.711267
0.951 0.71396
0.954 0.71666
0.957 0.719365
0.96 0.722076
0.963 0.724792
0.966 0.727515
0.969 0.730243
0.972 0.732978
0.975 0.735718
0.978 0.738465
0.981 0.741217
0.984 0.743975
0.987 0.746739
0.99 0.749509
0.993 0.752286
0.996 0.755068
0.999 0.757856
1.002 0.760651
1.005 0.763451
1.008 0.766258
1.011 0.769071
1.014 0.77189
1.017 0.774715
1.02 0.777546
1.023 0.780383
1.026 0.783227
1.029 0.786077
1.032 0.788933
1.035 0.791796
1.038 0.794665
1.041 0.79754
1.044 0.800421
1.047 0.803309
1.05 0.806203
1.053 0.809104
1.056 0.812011
1.059 0.814924
1.062 0.817844
1.065 0.820771
1.068 0.823704
1.071 0.826643
1.074 0.829589
1.077 0.832542
1.08 0.835501
1.083 0.838467
1.086 0.84144
1.089 0.844419
1.092 0.847405
1.095 0.850397
1.098 0.853397
1.101 0.856403
1.104 0.859416
1.107 0.862436
1.11 0.865462
1.113 0.868496
1.116 0.871536
1.119 0.874583
1.122 0.877637
1.125 0.880699
1.128 0.883767
1.131 0.886842
1.134 0.889924
1.137 0.893014
1.14 0.89611
1.143 0.899214
1.146 0.902325
1.149 0.905443
1.152 0.908568
1.155 0.9117
1.158 0.91484
1.161 0.917987
1.164 0.921142
1.167 0.924304
1.17 0.927473
1.173 0.93065
1.176 0.933834
1.179 0.937026
1.182 0.940225
1.185 0.943432
1.188 0.946646
1.191 0.949868
1.194 0.953098
1.197 0.956335
1.2 0.959581
1.203 0.962834
1.206 0.966095
1.209 0.969363
1.212 0.97264
1.215 0.975924
1.218 0.979217
1.221 0.982518
1.224 0.985826
1.227 0.989143
1.23 0.992468
1.233 0.995801
1.236 0.999142
1.239 1.00249
1.242 1.00585
1.245 1.00922
1.248 1.01259
1.251 1.01597
1.254 1.01936
1.257 1.02276
1.26 1.02617
1.263 1.02959
1.266 1.03302
1.269 1.03645
1.272 1.03989
1.275 1.04334
1.278 1.04681
1.281 1.05027
1.284 1.05375
1.287 1.05724
1.29 1.06074
1.293 1.06424
1.296 1.06776
1.299 1.07128
1.302 1.07481
1.305 1.07836
1.308 1.08191
1.311 1.08547
1.314 1.08904
1.317 1.09262
1.32 1.09621
1.323 1.09981
1.326 1.10342
1.329 1.10704
1.332 1.11067
1.335 1.1143
1.338 1.11795
1.341 1.12161
1.344 1.12528
1.347 1.12896
1.35 1.13264
1.353 1.13634
1.356 1.14005
1.359 1.14377
1.362 1.1475
1.365 1.15124
1.368 1.15499
1.371 1.15875
1.374 1.16252
1.377 1.1663
1.38 1.17009
1.383 1.1739
1.386 1.17771
1.389 1.18154
1.392 1.18537
1.395 1.18922
1.398 1.19308
1.401 1.19695
1.404 1.20083
1.407 1.20472
1.41 1.20862
1.413 1.21254
1.416 1.21646
1.419 1.2204
1.422 1.22435
1.425 1.22831
1.428 1.23229
1.431 1.23627
1.434 1.24027
1.437 1.24428
1.44 1.2483
1.443 1.25233
1.446 1.25638
1.449 1.26044
1.452 1.26451
1.455 1.26859
1.458 1.27268
1.461 1.27679
1.464 1.28091
1.467 1.28504
1.47 1.28919
1.473 1.29335
1.476 1.29752
1.479 1.30171
1.482 1.3059
1.485 1.31012
1.488 1.31434
1.491 1.31858
1.494 1.32283
1.497 1.3271
1.5 1.33137
1.503 1.33567
1.506 1.33997
1.509 1.34429
1.512 1.34863
1.515 1.35297
1.518 1.35734
1.521 1.36171
1.524 1.3661
1.527 1.37051
1.53 1.37493
1.533 1.37936
1.536 1.38381
1.539 1.38827
1.542 1.39275
1.545 1.39724
1.548 1.40175
1.551 1.40627
1.554 1.41081
1.557 1.41536
1.56 1.41993
1.563 1.42451
1.566 1.42911
1.569 1.43372
1.572 1.43835
1.575 1.443
1.578 1.44766
1.581 1.45234
1.584 1.45703
1.587 1.46174
1.59 1.46646
1.593 1.4712
1.596 1.47596
1.599 1.48073
1.602 1.48552
1.605 1.49033
1.608 1.49515
1.611 1.49999
1.614 1.50484
1.617 1.50972
1.62 1.51461
1.623 1.51951
1.626 1.52444
1.629 1.52938
1.632 1.53433
1.635 1.53931
1.638 1.5443
1.641 1.54931
1.644 1.55434
1.647 1.55938
1.65 1.56444
1.653 1.56952
1.656 1.57462
1.659 1.57974
1.662 1.58487
1.665 1.59002
1.668 1.59519
1.671 1.60038
1.674 1.60559
1.677 1.61081
1.68 1.61605
1.683 1.62131
1.686 1.62659
1.689 1.63189
1.692 1.63721
1.695 1.64254
1.698 1.6479
1.701 1.65327
1.704 1.65866
1.707 1.66407
1.71 1.66951
1.713 1.67495
1.716 1.68042
1.719 1.68591
1.722 1.69142
1.725 1.69694
1.728 1.70249
1.731 1.70806
1.734 1.71364
1.737 1.71924
1.74 1.72487
1.743 1.73051
1.746 1.73618
1.749 1.74186
1.752 1.74756
1.755 1.75329
1.758 1.75903
1.761 1.76479
1.764 1.77058
1.767 1.77638
1.77 1.7822
1.773 1.78805
1.776 1.79391
1.779 1.79979
1.782 1.8057
1.785 1.81162
1.788 1.81757
1.791 1.82353
1.794 1.82952
1.797 1.83553
1.8 1.84155
1.803 1.8476
1.806 1.85367
1.809 1.85976
1.812 1.86587
1.815 1.872
1.818 1.87815
1.821 1.88432
1.824 1.89051
1.827 1.89672
1.83 1.90296
1.833 1.90921
1.836 1.91548
1.839 1.92178
1.842 1.9281
1.845 1.93443
1.848 1.94079
1.851 1.94717
1.854 1.95357
1.857 1.95999
1.86 1.96643
1.863 1.97289
1.866 1.97937
1.869 1.98587
1.872 1.9924
1.875 1.99894
1.878 2.0055
1.881 2.01209
1.884 2.01869
1.887 2.02532
1.89 2.03197
1.893 2.03863
1.896 2.04532
1.899 2.05203
1.902 2.05875
1.905 2.0655
1.908 2.07227
1.911 2.07906
1.914 2.08587
1.917 2.09269
1.92 2.09954
1.923 2.10641
1.926 2.1133
1.929 2.12021
1.932 2.12713
1.935 2.13408
1.938 2.14105
1.941 2.14803
1.944 2.15504
1.947 2.16206
1.95 2.1691
1.953 2.17616
1.956 2.18325
1.959 2.19034
1.962 2.19746
1.965 2.2046
1.968 2.21175
1.971 2.21893
1.974 2.22612
1.977 2.23333
1.98 2.24055
1.983 2.2478
1.986 2.25506
1.989 2.26234
1.992 2.26963
1.995 2.27695
1.998 2.28428
2.001 2.29162
2.004 2.29899
2.007 2.30637
2.01 2.31376
2.013 2.32117
2.016 2.3286
2.019 2.33604
2.022 2.3435
2.025 2.35097
2.028 2.35846
2.031 2.36596
2.034 2.37347
2.037 2.381
2.04 2.38855
2.043 2.3961
2.046 2.40367
2.049 2.41126
2.052 2.41885
2.055 2.42646
2.058 2.43408
2.061 2.44171
2.064 2.44936
2.067 2.45701
2.07 2.46468
2.073 2.47235
2.076 2.48004
2.079 2.48774
2.082 2.49544
2.085 2.50316
2.088 2.51088
2.091 2.51861
2.094 2.52636
2.097 2.5341
2.1 2.54186
2.103 2.54962
2.106 2.55739
2.109 2.56517
2.112 2.57295
2.115 2.58074
2.118 2.58853
2.121 2.59633
2.124 2.60413
2.127 2.61194
2.13 2.61975
2.133 2.62756
2.136 2.63537
2.139 2.64319
2.142 2.65101
2.145 2.65883
2.148 2.66665
2.151 2.67447
2.154 2.68229
2.157 2.69011
2.16 2.69793
2.163 2.70575
2.166 2.71356
2.169 2.72137
2.172 2.72918
2.175 2.73699
2.178 2.74479
2.181 2.75259
2.184 2.76038
2.187 2.76817
2.19 2.77595
2.193 2.78372
2.196 2.79149
2.199 2.79925
2.202 2.807
2.205 2.81474
2.208 2.82247
2.211 2.8302
2.214 2.83791
2.217 2.84561
2.22 2.8533
2.223 2.86098
2.226 2.86865
2.229 2.8763
2.232 2.88394
2.235 2.89157
2.238 2.89918
2.241 2.90678
2.244 2.91436
2.247 2.92192
2.25 2.92947
2.253 2.937
2.256 2.94451
2.259 2.95201
2.262 2.95948
2.265 2.96694
2.268 2.97438
2.271 2.98179
2.274 2.98919
2.277 2.99656
2.28 3.00392
2.283 3.01125
2.286 3.01855
2.289 3.02584
2.292 3.0331
2.295 3.04033
2.298 3.04754
2.301 3.05473
2.304 3.06189
2.307 3.06902
2.31 3.07613
2.313 3.08321
2.316 3.09026
2.319 3.09729
2.322 3.10428
2.325 3.11125
2.328 3.11819
2.331 3.12509
2.334 3.13197
2.337 3.13882
2.34 3.14563
2.343 3.15242
2.346 3.15917
2.349 3.16589
2.352 3.17258
2.355 3.17924
2.358 3.18586
2.361 3.19245
2.364 3.19901
2.367 3.20553
2.37 3.21201
2.373 3.21847
2.376 3.22488
2.379 3.23126
2.382 3.23761
2.385 3.24392
2.388 3.2502
2.391 3.25643
2.394 3.26263
2.397 3.2688
2.4 3.27493
2.403 3.28102
2.406 3.28707
2.409 3.29308
2.412 3.29906
2.415 3.305
2.418 3.3109
2.421 3.31676
2.424 3.32258
2.427 3.32837
2.43 3.33412
2.433 3.33982
2.436 3.34549
2.439 3.35112
2.442 3.35671
2.445 3.36226
2.448 3.36777
2.451 3.37324
2.454 3.37867
2.457 3.38406
2.46 3.38941
2.463 3.39473
2.466 3.4
2.469 3.40523
2.472 3.41042
2.475 3.41558
2.478 3.42069
2.481 3.42576
2.484 3.4308
2.487 3.43579
2.49 3.44075
2.493 3.44566
2.496 3.45053
2.499 3.45537
2.502 3.46016
2.505 3.46492
2.508 3.46964
2.511 3.47431
2.514 3.47895
2.517 3.48355
2.52 3.48811
2.523 3.49263
2.526 3.49711
2.529 3.50155
2.532 3.50596
2.535 3.51032
2.538 3.51465
2.541 3.51894
2.544 3.52319
2.547 3.5274
2.55 3.53158
2.553 3.53572
2.556 3.53982
2.559 3.54388
2.562 3.5479
2.565 3.55189
2.568 3.55584
2.571 3.55976
2.574 3.56364
2.577 3.56748
2.58 3.57128
2.583 3.57506
2.586 3.57879
2.589 3.58249
2.592 3.58615
2.595 3.58978
2.598 3.59338
2.601 3.59693
2.604 3.60046
2.607 3.60395
2.61 3.60741
2.613 3.61083
2.616 3.61422
2.619 3.61757
2.622 3.6209
2.625 3.62419
2.628 3.62744
2.631 3.63067
2.634 3.63386
2.637 3.63702
2.64 3.64015
2.643 3.64325
2.646 3.64631
2.649 3.64935
2.652 3.65235
2.655 3.65532
2.658 3.65827
2.661 3.66118
2.664 3.66406
2.667 3.66692
2.67 3.66974
2.673 3.67254
2.676 3.6753
2.679 3.67804
2.682 3.68075
2.685 3.68343
2.688 3.68608
2.691 3.68871
2.694 3.69131
2.697 3.69388
2.7 3.69642
2.703 3.69894
2.706 3.70143
2.709 3.70389
2.712 3.70633
2.715 3.70874
2.718 3.71113
2.721 3.71349
2.724 3.71583
2.727 3.71814
2.73 3.72043
2.733 3.72269
2.736 3.72493
2.739 3.72714
2.742 3.72933
2.745 3.7315
2.748 3.73365
2.751 3.73577
2.754 3.73787
2.757 3.73994
2.76 3.742
2.763 3.74403
2.766 3.74604
2.769 3.74802
2.772 3.74999
2.775 3.75194
2.778 3.75386
2.781 3.75576
2.784 3.75765
2.787 3.75951
2.79 3.76135
2.793 3.76317
2.796 3.76497
2.799 3.76676
2.802 3.76852
2.805 3.77027
2.808 3.77199
2.811 3.7737
2.814 3.77538
2.817 3.77705
2.82 3.77871
2.823 3.78034
2.826 3.78195
2.829 3.78355
2.832 3.78513
2.835 3.7867
2.838 3.78824
2.841 3.78977
2.844 3.79128
2.847 3.79278
2.85 3.79426
2.853 3.79572
2.856 3.79717
2.859 3.7986
2.862 3.80002
2.865 3.80142
2.868 3.8028
2.871 3.80417
2.874 3.80553
2.877 3.80687
2.88 3.80819
2.883 3.8095
2.886 3.8108
2.889 3.81208
2.892 3.81335
2.895 3.81461
2.898 3.81585
2.901 3.81707
2.904 3.81829
2.907 3.81949
2.91 3.82068
2.913 3.82185
2.916 3.82301
2.919 3.82416
2.922 3.8253
2.925 3.82642
2.928 3.82753
2.931 3.82863
2.934 3.82972
2.937 3.8308
2.94 3.83186
2.943 3.83291
2.946 3.83395
2.949 3.83498
2.952 3.836
2.955 3.83701
2.958 3.838
2.961 3.83899
2.964 3.83996
2.967 3.84093
2.97 3.84188
2.973 3.84282
2.976 3.84376
2.979 3.84468
2.982 3.84559
2.985 3.8465
2.988 3.84739
2.991 3.84827
2.994 3.84915
2.997 3.85001
3 3.85087
3.001 0
