0 -10
0.003 -6.92291
0.006 -6.9206
0.009 -6.91827
0.012 -6.91593
0.015 -6.91358
0.018 -6.91121
0.021 -6.90883
0.024 -6.90643
0.027 -6.90402
0.03 -6.9016
0.033 -6.89916
0.036 -6.89671
0.039 -6.89424
0.042 -6.89176
0.045 -6.88927
0.048 -6.88676
0.051 -6.88424
0.054 -6.8817
0.057 -6.87915
0.06 -6.87658
0.063 -6.874
0.066 -6.8714
0.069 -6.8688
0.072 -6.86617
0.075 -6.86353
0.078 -6.86088
0.081 -6.85821
0.084 -6.85553
0.087 -6.85283
0.09 -6.85012
0.093 -6.84739
0.096 -6.84465
0.099 -6.84189
0.102 -6.83911
0.105 -6.83633
0.108 -6.83352
0.111 -6.83071
0.114 -6.82787
0.117 -6.82502
0.12 -6.82216
0.123 -6.81928
0.126 -6.81639
0.129 -6.81348
0.132 -6.81055
0.135 -6.80761
0.138 -6.80466
0.141 -6.80168
0.144 -6.7987
0.147 -6.79569
0.15 -6.79268
0.153 -6.78964
0.156 -6.78659
0.159 -6.78353
0.162 -6.78045
0.165 -6.77735
0.168 -6.77424
0.171 -6.77111
0.174 -6.76797
0.177 -6.76481
0.18 -6.76164
0.183 -6.75845
0.186 -6.75524
0.189 -6.75202
0.192 -6.74878
0.195 -6.74553
0.198 -6.74226
0.201 -6.73897
0.204 -6.73567
0.207 -6.73235
0.21 -6.72902
0.213 -6.72567
0.216 -6.72231
0.219 -6.71893
0.222 -6.71553
0.225 -6.71212
0.228 -6.70869
0.231 -6.70524
0.234 -6.70178
0.237 -6.69831
0.24 -6.69482
0.243 -6.69131
0.246 -6.68778
0.249 -6.68424
0.252 -6.68069
0.255 -6.67712
0.258 -6.67353
0.261 -6.66993
0.264 -6.66631
0.267 -6.66267
0.27 -6.65902
0.273 -6.65536
0.276 -6.65168
0.279 -6.64798
0.282 -6.64427
0.285 -6.64054
0.288 -6.63679
0.291 -6.63303
0.294 -6.62926
0.297 -6.62547
0.3 -6.62166
0.303 -6.61784
0.306 -6.614
0.309 -6.61015
0.312 -6.60628
0.315 -6.60239
0.318 -6.5985
0.321 -6.59458
0.324 -6.59065
0.327 -6.58671
0.33 -6.58275
0.333 -6.57877
0.336 -6.57478
0.339 -6.57078
0.342 -6.56676
0.345 -6.56272
0.348 -6.55867
0.351 -6.55461
0.354 -6.55053
0.357 -6.54643
0.36 -6.54232
0.363 -6.5382
0.366 -6.53406
0.369 -6.52991
0.372 -6.52574
0.375 -6.52156
0.378 -6.51736
0.381 -6.51315
0.384 -6.50893
0.387 -6.50469
0.39 -6.50044
0.393 -6.49617
0.396 -6.49189
0.399 -6.4876
0.402 -6.48329
0.405 -6.47897
0.408 -6.47463
0.411 -6.47028
0.414 -6.46592
0.417 -6.46154
0.42 -6.45715
0.423 -6.45275
0.426 -6.44833
0.429 -6.4439
0.432 -6.43946
0.435 -6.43501
0.438 -6.43054
0.441 -6.42606
0.444 -6.42156
0.447 -6.41706
0.45 -6.41254
0.453 -6.40801
0.456 -6.40346
0.459 -6.3989
0.462 -6.39434
0.465 -6.38975
0.468 -6.38516
0.471 -6.38056
0.474 -6.37594
0.477 -6.37131
0.48 -6.36667
0.483 -6.36202
0.486 -6.35735
0.489 -6.35268
0.492 -6.34799
0.495 -6.34329
0.498 -6.33858
0.501 -6.33386
0.504 -6.32913
0.507 -6.32438
0.51 -6.31963
0.513 -6.31486
0.516 -6.31009
0.519 -6.3053
0.522 -6.3005
0.525 -6.2957
0.528 -6.29088
0.531 -6.28605
0.534 -6.28121
0.537 -6.27636
0.54 -6.2715
0.543 -6.26664
0.546 -6.26176
0.549 -6.25687
0.552 -6.25197
0.555 -6.24706
0.558 -6.24214
0.561 -6.23722
0.564 -6.23228
0.567 -6.22734
0.57 -6.22238
0.573 -6.21742
0.576 -6.21244
0.579 -6.20746
0.582 -6.20247
0.585 -6.19747
0.588 -6.19246
0.591 -6.18744
0.594 -6.18242
0.597 -6.17738
0.6 -6.17234
0.603 -6.16729
0.606 -6.16223
0.609 -6.15716
0.612 -6.15209
0.615 -6.147
0.618 -6.14191
0.621 -6.13681
0.624 -6.1317
0.627 -6.12659
0.63 -6.12146
0.633 -6.11633
0.636 -6.11119
0.639 -6.10605
0.642 -6.1009
0.645 -6.09574
0.648 -6.09057
0.651 -6.08539
0.654 -6.08021
0.657 -6.07502
0.66 -6.06982
0.663 -6.06462
0.666 -6.05941
0.669 -6.05419
0.672 -6.04897
0.675 -6.04374
0.678 -6.0385
0.681 -6.03326
0.684 -6.02801
0.687 -6.02275
0.69 -6.01749
0.693 -6.01222
0.696 -6.00694
0.699 -6.00166
0.702 -5.99637
0.705 -5.99108
0.708 -5.98578
0.711 -5.98047
0.714 -5.97516
0.717 -5.96984
0.72 -5.96451
0.723 -5.95918
0.726 -5.95385
0.729 -5.94851
0.732 -5.94316
0.735 -5.93781
0.738 -5.93245
0.741 -5.92708
0.744 -5.92171
0.747 -5.91634
0.75 -5.91096
0.753 -5.90557
0.756 -5.90018
0.759 -5.89478
0.762 -5.88938
0.765 -5.88397
0.768 -5.87856
0.771 -5.87314
0.774 -5.86772
0.777 -5.86229
0.78 -5.85686
0.783 -5.85142
0.786 -5.84597
0.789 -5.84053
0.792 -5.83507
0.795 -5.82962
0.798 -5.82415
0.801 -5.81868
0.804 -5.81321
0.807 -5.80774
0.81 -5.80225
0.813 -5.79677
0.816 -5.79128
0.819 -5.78578
0.822 -5.78028
0.825 -5.77477
0.828 -5.76926
0.831 -5.76375
0.834 -5.75823
0.837 -5.75271
0.84 -5.74718
0.843 -5.74165
0.846 -5.73611
0.849 -5.73057
0.852 -5.72503
0.855 -5.71948
0.858 -5.71393
0.861 -5.70837
0.864 -5.70281
0.867 -5.69724
0.87 -5.69167
0.873 -5.6861
0.876 -5.68052
0.879 -5.67494
0.882 -5.66935
0.885 -5.66376
0.888 -5.65816
0.891 -5.65256
0.894 -5.64696
0.897 -5.64136
0.9 -5.63574
0.903 -5.63013
0.906 -5.62451
0.909 -5.61889
0.912 -5.61326
0.915 -5.60763
0.918 -5.602
0.921 -5.59636
0.924 -5.59072
0.927 -5.58508
0.93 -5.57943
0.933 -5.57378
0.936 -5.56812
0.939 -5.56246
0.942 -5.5568
0.945 -5.55113
0.948 -5.54547
0.951 -5.53979
0.954 -5.53411
0.957 -5.52843
0.96 -5.52275
0.963 -5.51706
0.966 -5.51137
0.969 -5.50568
0.972 -5.49998
0.975 -5.49428
0.978 -5.48858
0.981 -5.48287
0.984 -5.47716
0.987 -5.47145
0.99 -5.46573
0.993 -5.46001
0.996 -5.45429
0.999 -5.44856
1.002 -5.44283
1.005 -5.4371
1.008 -5.43136
1.011 -5.42562
1.014 -5.41988
1.017 -5.41414
1.02 -5.40839
1.023 -5.40264
1.026 -5.39689
1.029 -5.39113
1.032 -5.38537
1.035 -5.37961
1.038 -5.37385
1.041 -5.36808
1.044 -5.36231
1.047 -5.35654
1.05 -5.35076
1.053 -5.34498
1.056 -5.3392
1.059 -5.33342
1.062 -5.32763
1.065 -5.32185
1.068 -5.31605
1.071 -5.31026
1.074 -5.30446
1.077 -5.29867
1.08 -5.29287
1.083 -5.28706
1.086 -5.28126
1.089 -5.27545
1.092 -5.26964
1.095 -5.26383
1.098 -5.25801
1.101 -5.2522
1.104 -5.24638
1.107 -5.24056
1.11 -5.23473
1.113 -5.22891
1.116 -5.22308
1.119 -5.21725
1.122 -5.21142
1.125 -5.20558
1.128 -5.19975
1.131 -5.19391
1.134 -5.18807
1.137 -5.18223
1.14 -5.17639
1.143 -5.17054
1.146 -5.1647
1.149 -5.15885
1.152 -5.153
1.155 -5.14715
1.158 -5.14129
1.161 -5.13544
1.164 -5.12958
1.167 -5.12372
1.17 -5.11786
1.173 -5.112
1.176 -5.10614
1.179 -5.10027
1.182 -5.09441
1.185 -5.08854
1.188 -5.08267
1.191 -5.0768
1.194 -5.07093
1.197 -5.06506
1.2 -5.05919
1.203 -5.05331
1.206 -5.04744
1.209 -5.04156
1.212 -5.03568
1.215 -5.0298
1.218 -5.02392
1.221 -5.01804
1.224 -5.01216
1.227 -5.00627
1.23 -5.00039
1.233 -4.9945
1.236 -4.98862
1.239 -4.98273
1.242 -4.97684
1.245 -4.97096
1.248 -4.96507
1.251 -4.95918
1.254 -4.95329
1.257 -4.94739
1.26 -4.9415
1.263 -4.93561
1.266 -4.92972
1.269 -4.92382
1.272 -4.91793
1.275 -4.91204
1.278 -4.90614
1.281 -4.90025
1.284 -4.89435
1.287 -4.88845
1.29 -4.88256
1.293 -4.87666
1.296 -4.87076
1.299 -4.86487
1.302 -4.85897
1.305 -4.85307
1.308 -4.84718
1.311 -4.84128
1.314 -4.83538
1.317 -4.82949
1.32 -4.82359
1.323 -4.81769
1.326 -4.81179
1.329 -4.8059
1.332 -4.8
1.335 -4.79411
1.338 -4.78821
1.341 -4.78231
1.344 -4.77642
1.347 -4.77052
1.35 -4.76463
1.353 -4.75874
1.356 -4.75284
1.359 -4.74695
1.362 -4.74106
1.365 -4.73517
1.368 -4.72927
1.371 -4.72338
1.374 -4.71749
1.377 -4.71161
1.38 -4.70572
1.383 -4.69983
1.386 -4.69395
1.389 -4.68806
1.392 -4.68218
1.395 -4.67629
1.398 -4.67041
1.401 -4.66453
1.404 -4.65865
1.407 -4.65277
1.41 -4.64689
1.413 -4.64102
1.416 -4.63514
1.419 -4.62927
1.422 -4.6234
1.425 -4.61753
1.428 -4.61166
1.431 -4.60579
1.434 -4.59993
1.437 -4.59406
1.44 -4.5882
1.443 -4.58234
1.446 -4.57648
1.449 -4.57062
1.452 -4.56477
1.455 -4.55892
1.458 -4.55307
1.461 -4.54722
1.464 -4.54137
1.467 -4.53553
1.47 -4.52968
1.473 -4.52384
1.476 -4.51801
1.479 -4.51217
1.482 -4.50634
1.485 -4.50051
1.488 -4.49468
1.491 -4.48886
1.494 -4.48303
1.497 -4.47721
1.5 -4.4714
1.503 -4.46558
1.506 -4.45977
1.509 -4.45396
1.512 -4.44816
1.515 -4.44235
1.518 -4.43656
1.521 -4.43076
1.524 -4.42497
1.527 -4.41918
1.53 -4.41339
1.533 -4.40761
1.536 -4.40183
1.539 -4.39605
1.542 -4.39028
1.545 -4.38451
1.548 -4.37875
1.551 -4.37299
1.554 -4.36723
1.557 -4.36148
1.56 -4.35573
1.563 -4.34999
1.566 -4.34424
1.569 -4.33851
1.572 -4.33278
1.575 -4.32705
1.578 -4.32133
1.581 -4.31561
1.584 -4.30989
1.587 -4.30418
1.59 -4.29848
1.593 -4.29278
1.596 -4.28708
1.599 -4.28139
1.602 -4.2757
1.605 -4.27002
1.608 -4.26435
1.611 -4.25868
1.614 -4.25301
1.617 -4.24735
1.62 -4.2417
1.623 -4.23605
1.626 -4.23041
1.629 -4.22477
1.632 -4.21914
1.635 -4.21351
1.638 -4.20789
1.641 -4.20228
1.644 -4.19667
1.647 -4.19106
1.65 -4.18547
1.653 -4.17988
1.656 -4.17429
1.659 -4.16871
1.662 -4.16314
1.665 -4.15758
1.668 -4.15202
1.671 -4.14647
1.674 -4.14092
1.677 -4.13539
1.68 -4.12985
1.683 -4.12433
1.686 -4.11881
1.689 -4.1133
1.692 -4.1078
1.695 -4.1023
1.698 -4.09681
1.701 -4.09133
1.704 -4.08586
1.707 -4.08039
1.71 -4.07493
1.713 -4.06948
1.716 -4.06404
1.719 -4.0586
1.722 -4.05317
1.725 -4.04775
1.728 -4.04234
1.731 -4.03694
1.734 -4.03154
1.737 -4.02616
1.74 -4.02078
1.743 -4.01541
1.746 -4.01004
1.749 -4.00469
1.752 -3.99934
1.755 -3.99401
1.758 -3.98868
1.761 -3.98336
1.764 -3.97805
1.767 -3.97275
1.77 -3.96746
1.773 -3.96217
1.776 -3.9569
1.779 -3.95163
1.782 -3.94638
1.785 -3.94113
1.788 -3.93589
1.791 -3.93066
1.794 -3.92545
1.797 -3.92024
1.8 -3.91504
1.803 -3.90985
1.806 -3.90467
1.809 -3.8995
1.812 -3.89434
1.815 -3.88919
1.818 -3.88405
1.821 -3.87892
1.824 -3.8738
1.827 -3.86869
1.83 -3.86359
1.833 -3.8585
1.836 -3.85342
1.839 -3.84835
1.842 -3.84329
1.845 -3.83825
1.848 -3.83321
1.851 -3.82818
1.854 -3.82317
1.857 -3.81816
1.86 -3.81317
1.863 -3.80818
1.866 -3.80321
1.869 -3.79825
1.872 -3.7933
1.875 -3.78836
1.878 -3.78343
1.881 -3.77851
1.884 -3.7736
1.887 -3.76871
1.89 -3.76383
1.893 -3.75895
1.896 -3.75409
1.899 -3.74924
1.902 -3.7444
1.905 -3.73958
1.908 -3.73476
1.911 -3.72996
1.914 -3.72517
1.917 -3.72039
1.92 -3.71562
1.923 -3.71086
1.926 -3.70612
1.929 -3.70138
1.932 -3.69666
1.935 -3.69195
1.938 -3.68726
1.941 -3.68257
1.944 -3.6779
1.947 -3.67324
1.95 -3.66859
1.953 -3.66396
1.956 -3.65933
1.959 -3.65472
1.962 -3.65012
1.965 -3.64554
1.968 -3.64096
1.971 -3.6364
1.974 -3.63185
1.977 -3.62732
1.98 -3.62279
1.983 -3.61828
1.986 -3.61378
1.989 -3.6093
1.992 -3.60483
1.995 -3.60037
1.998 -3.59592
2.001 -3.59149
2.004 -3.58707
2.007 -3.58266
2.01 -3.57827
2.013 -3.57389
2.016 -3.56952
2.019 -3.56517
2.022 -3.56083
2.025 -3.5565
2.028 -3.55219
2.031 -3.54789
2.034 -3.5436
2.037 -3.53933
2.04 -3.53507
2.043 -3.53083
2.046 -3.5266
2.049 -3.52238
2.052 -3.51818
2.055 -3.51399
2.058 -3.50981
2.061 -3.50565
2.064 -3.50151
2.067 -3.49737
2.07 -3.49326
2.073 -3.48915
2.076 -3.48507
2.079 -3.48099
2.082 -3.47693
2.085 -3.47289
2.088 -3.46886
2.091 -3.46484
2.094 -3.46084
2.097 -3.45686
2.1 -3.45289
2.103 -3.44893
2.106 -3.44499
2.109 -3.44107
2.112 -3.43716
2.115 -3.43327
2.118 -3.42939
2.121 -3.42553
2.124 -3.42168
2.127 -3.41785
2.13 -3.41403
2.133 -3.41024
2.136 -3.40645
2.139 -3.40269
2.142 -3.39894
2.145 -3.3952
2.148 -3.39148
2.151 -3.38778
2.154 -3.3841
2.157 -3.38043
2.16 -3.37678
2.163 -3.37314
2.166 -3.36953
2.169 -3.36593
2.172 -3.36234
2.175 -3.35878
2.178 -3.35523
2.181 -3.3517
2.184 -3.34818
2.187 -3.34469
2.19 -3.34121
2.193 -3.33775
2.196 -3.3343
2.199 -3.33088
2.202 -3.32747
2.205 -3.32408
2.208 -3.32071
2.211 -3.31736
2.214 -3.31403
2.217 -3.31071
2.22 -3.30741
2.223 -3.30414
2.226 -3.30088
2.229 -3.29764
2.232 -3.29442
2.235 -3.29121
2.238 -3.28803
2.241 -3.28487
2.244 -3.28172
2.247 -3.2786
2.25 -3.27549
2.253 -3.27241
2.256 -3.26934
2.259 -3.2663
2.262 -3.26327
2.265 -3.26026
2.268 -3.25728
2.271 -3.25431
2.274 -3.25136
2.277 -3.24844
2.28 -3.24553
2.283 -3.24265
2.286 -3.23978
2.289 -3.23694
2.292 -3.23412
2.295 -3.23132
2.298 -3.22853
2.301 -3.22577
2.304 -3.22303
2.307 -3.22032
2.31 -3.21762
2.313 -3.21494
2.316 -3.21229
2.319 -3.20965
2.322 -3.20704
2.325 -3.20445
2.328 -3.20188
2.331 -3.19933
2.334 -3.1968
2.337 -3.1943
2.34 -3.19181
2.343 -3.18935
2.346 -3.18691
2.349 -3.18449
2.352 -3.18209
2.355 -3.17972
2.358 -3.17736
2.361 -3.17503
2.364 -3.17272
2.367 -3.17043
2.37 -3.16816
2.373 -3.16592
2.376 -3.1637
2.379 -3.16149
2.382 -3.15931
2.385 -3.15716
2.388 -3.15502
2.391 -3.15291
2.394 -3.15081
2.397 -3.14874
2.4 -3.1467
2.403 -3.14467
2.406 -3.14266
2.409 -3.14068
2.412 -3.13872
2.415 -3.13678
2.418 -3.13486
2.421 -3.13297
2.424 -3.13109
2.427 -3.12924
2.43 -3.12741
2.433 -3.1256
2.436 -3.12381
2.439 -3.12204
2.442 -3.12029
2.445 -3.11857
2.448 -3.11687
2.451 -3.11518
2.454 -3.11352
2.457 -3.11188
2.46 -3.11027
2.463 -3.10867
2.466 -3.10709
2.469 -3.10553
2.472 -3.104
2.475 -3.10248
2.478 -3.10099
2.481 -3.09952
2.484 -3.09806
2.487 -3.09663
2.49 -3.09522
2.493 -3.09383
2.496 -3.09245
2.499 -3.0911
2.502 -3.08977
2.505 -3.08846
2.508 -3.08716
2.511 -3.08589
2.514 -3.08464
2.517 -3.0834
2.52 -3.08219
2.523 -3.08099
2.526 -3.07981
2.529 -3.07865
2.532 -3.07751
2.535 -3.07639
2.538 -3.07529
2.541 -3.07421
2.544 -3.07314
2.547 -3.0721
2.55 -3.07107
2.553 -3.07006
2.556 -3.06906
2.559 -3.06809
2.562 -3.06713
2.565 -3.06619
2.568 -3.06527
2.571 -3.06436
2.574 -3.06348
2.577 -3.0626
2.58 -3.06175
2.583 -3.06091
2.586 -3.06009
2.589 -3.05929
2.592 -3.0585
2.595 -3.05773
2.598 -3.05697
2.601 -3.05623
2.604 -3.05551
2.607 -3.0548
2.61 -3.0541
2.613 -3.05343
2.616 -3.05276
2.619 -3.05211
2.622 -3.05148
2.625 -3.05086
2.628 -3.05026
2.631 -3.04967
2.634 -3.0491
2.637 -3.04854
2.64 -3.04799
2.643 -3.04746
2.646 -3.04694
2.649 -3.04644
2.652 -3.04595
2.655 -3.04547
2.658 -3.045
2.661 -3.04455
2.664 -3.04412
2.667 -3.04369
2.67 -3.04328
2.673 -3.04288
2.676 -3.04249
2.679 -3.04211
2.682 -3.04175
2.685 -3.0414
2.688 -3.04106
2.691 -3.04073
2.694 -3.04042
2.697 -3.04011
2.7 -3.03982
2.703 -3.03954
2.706 -3.03927
2.709 -3.03901
2.712 -3.03876
2.715 -3.03852
2.718 -3.03829
2.721 -3.03808
2.724 -3.03787
2.727 -3.03767
2.73 -3.03748
2.733 -3.03731
2.736 -3.03714
2.739 -3.03698
2.742 -3.03683
2.745 -3.0367
2.748 -3.03657
2.751 -3.03645
2.754 -3.03633
2.757 -3.03623
2.76 -3.03614
2.763 -3.03605
2.766 -3.03598
2.769 -3.03591
2.772 -3.03585
2.775 -3.0358
2.778 -3.03575
2.781 -3.03572
2.784 -3.03569
2.787 -3.03567
2.79 -3.03566
2.793 -3.03565
2.796 -3.03566
2.799 -3.03566
2.802 -3.03568
2.805 -3.03571
2.808 -3.03574
2.811 -3.03577
2.814 -3.03582
2.817 -3.03587
2.82 -3.03593
2.823 -3.03599
2.826 -3.03606
2.829 -3.03614
2.832 -3.03622
2.835 -3.03631
2.838 -3.0364
2.841 -3.0365
2.844 -3.03661
2.847 -3.03672
2.85 -3.03684
2.853 -3.03696
2.856 -3.03709
2.859 -3.03722
2.862 -3.03736
2.865 -3.03751
2.868 -3.03765
2.871 -3.03781
2.874 -3.03797
2.877 -3.03813
2.88 -3.0383
2.883 -3.03847
2.886 -3.03865
2.889 -3.03883
2.892 -3.03901
2.895 -3.0392
2.898 -3.0394
2.901 -3.0396
2.904 -3.0398
2.907 -3.04
2.91 -3.04021
2.913 -3.04043
2.916 -3.04064
2.919 -3.04087
2.922 -3.04109
2.925 -3.04132
2.928 -3.04155
2.931 -3.04178
2.934 -3.04202
2.937 -3.04226
2.94 -3.04251
2.943 -3.04276
2.946 -3.04301
2.949 -3.04326
2.952 -3.04352
2.955 -3.04378
2.958 -3.04404
2.961 -3.0443
2.964 -3.04457
2.967 -3.04484
2.97 -3.04511
2.973 -3.04539
2.976 -3.04567
2.979 -3.04594
2.982 -3.04623
2.985 -3.04651
2.988 -3.0468
2.991 -3.04709
2.994 -3.04738
2.997 -3.04767
3 -3.04796
3.001 -10
