0 5
0.003 3.82405
0.006 3.82344
0.009 3.82283
0.012 3.82222
0.015 3.8216
0.018 3.82098
0.021 3.82036
0.024 3.81973
0.027 3.8191
0.03 3.81846
0.033 3.81782
0.036 3.81718
0.039 3.81653
0.042 3.81588
0.045 3.81523
0.048 3.81457
0.051 3.81391
0.054 3.81325
0.057 3.81258
0.06 3.8119
0.063 3.81123
0.066 3.81055
0.069 3.80986
0.072 3.80918
0.075 3.80848
0.078 3.80779
0.081 3.80709
0.084 3.80639
0.087 3.80568
0.09 3.80497
0.093 3.80425
0.096 3.80354
0.099 3.80281
0.102 3.80209
0.105 3.80136
0.108 3.80063
0.111 3.79989
0.114 3.79915
0.117 3.7984
0.12 3.79765
0.123 3.7969
0.126 3.79614
0.129 3.79538
0.132 3.79462
0.135 3.79385
0.138 3.79308
0.141 3.7923
0.144 3.79152
0.147 3.79074
0.15 3.78995
0.153 3.78916
0.156 3.78837
0.159 3.78757
0.162 3.78677
0.165 3.78596
0.168 3.78515
0.171 3.78433
0.174 3.78352
0.177 3.78269
0.18 3.78187
0.183 3.78104
0.186 3.78021
0.189 3.77937
0.192 3.77853
0.195 3.77768
0.198 3.77684
0.201 3.77598
0.204 3.77513
0.207 3.77427
0.21 3.7734
0.213 3.77254
0.216 3.77167
0.219 3.77079
0.222 3.76991
0.225 3.76903
0.228 3.76815
0.231 3.76726
0.234 3.76636
0.237 3.76547
0.24 3.76457
0.243 3.76366
0.246 3.76275
0.249 3.76184
0.252 3.76093
0.255 3.76001
0.258 3.75909
0.261 3.75816
0.264 3.75723
0.267 3.7563
0.27 3.75536
0.273 3.75442
0.276 3.75348
0.279 3.75253
0.282 3.75158
0.285 3.75063
0.288 3.74967
0.291 3.74871
0.294 3.74774
0.297 3.74677
0.3 3.7458
0.303 3.74483
0.306 3.74385
0.309 3.74287
0.312 3.74188
0.315 3.74089
0.318 3.7399
0.321 3.73891
0.324 3.73791
0.327 3.7369
0.33 3.7359
0.333 3.73489
0.336 3.73388
0.339 3.73286
0.342 3.73185
0.345 3.73082
0.348 3.7298
0.351 3.72877
0.354 3.72774
0.357 3.72671
0.36 3.72567
0.363 3.72463
0.366 3.72359
0.369 3.72254
0.372 3.72149
0.375 3.72044
0.378 3.71938
0.381 3.71832
0.384 3.71726
0.387 3.7162
0.39 3.71513
0.393 3.71406
0.396 3.71298
0.399 3.71191
0.402 3.71083
0.405 3.70975
0.408 3.70866
0.411 3.70757
0.414 3.70648
0.417 3.70539
0.42 3.70429
0.423 3.70319
0.426 3.70209
0.429 3.70098
0.432 3.69988
0.435 3.69877
0.438 3.69765
0.441 3.69654
0.444 3.69542
0.447 3.6943
0.45 3.69318
0.453 3.69205
0.456 3.69092
0.459 3.68979
0.462 3.68865
0.465 3.68752
0.468 3.68638
0.471 3.68524
0.474 3.68409
0.477 3.68295
0.48 3.6818
0.483 3.68064
0.486 3.67949
0.489 3.67833
0.492 3.67717
0.495 3.67601
0.498 3.67485
0.501 3.67368
0.504 3.67251
0.507 3.67134
0.51 3.67017
0.513 3.66899
0.516 3.66781
0.519 3.66663
0.522 3.66545
0.525 3.66427
0.528 3.66308
0.531 3.66189
0.534 3.6607
0.537 3.6595
0.54 3.65831
0.543 3.65711
0.546 3.65591
0.549 3.6547
0.552 3.6535
0.555 3.65229
0.558 3.65108
0.561 3.64987
0.564 3.64866
0.567 3.64744
0.57 3.64622
0.573 3.645
0.576 3.64378
0.579 3.64256
0.582 3.64133
0.585 3.6401
0.588 3.63887
0.591 3.63764
0.594 3.6364
0.597 3.63517
0.6 3.63393
0.603 3.63269
0.606 3.63145
0.609 3.6302
0.612 3.62895
0.615 3.62771
0.618 3.62645
0.621 3.6252
0.624 3.62395
0.627 3.62269
0.63 3.62143
0.633 3.62017
0.636 3.61891
0.639 3.61764
0.642 3.61638
0.645 3.61511
0.648 3.61384
0.651 3.61257
0.654 3.61129
0.657 3.61002
0.66 3.60874
0.663 3.60746
0.666 3.60618
0.669 3.6049
0.672 3.60361
0.675 3.60232
0.678 3.60103
0.681 3.59974
0.684 3.59845
0.687 3.59716
0.69 3.59586
0.693 3.59456
0.696 3.59326
0.699 3.59196
0.702 3.59066
0.705 3.58935
0.708 3.58804
0.711 3.58674
0.714 3.58542
0.717 3.58411
0.72 3.5828
0.723 3.58148
0.726 3.58016
0.729 3.57884
0.732 3.57752
0.735 3.5762
0.738 3.57487
0.741 3.57355
0.744 3.57222
0.747 3.57089
0.75 3.56955
0.753 3.56822
0.756 3.56688
0.759 3.56555
0.762 3.56421
0.765 3.56287
0.768 3.56152
0.771 3.56018
0.774 3.55883
0.777 3.55748
0.78 3.55613
0.783 3.55478
0.786 3.55343
0.789 3.55207
0.792 3.55072
0.795 3.54936
0.798 3.548
0.801 3.54664
0.804 3.54527
0.807 3.54391
0.81 3.54254
0.813 3.54117
0.816 3.5398
0.819 3.53843
0.822 3.53705
0.825 3.53568
0.828 3.5343
0.831 3.53292
0.834 3.53154
0.837 3.53016
0.84 3.52877
0.843 3.52739
0.846 3.526
0.849 3.52461
0.852 3.52322
0.855 3.52183
0.858 3.52043
0.861 3.51904
0.864 3.51764
0.867 3.51624
0.87 3.51484
0.873 3.51344
0.876 3.51203
0.879 3.51063
0.882 3.50922
0.885 3.50781
0.888 3.5064
0.891 3.50498
0.894 3.50357
0.897 3.50215
0.9 3.50073
0.903 3.49932
0.906 3.49789
0.909 3.49647
0.912 3.49505
0.915 3.49362
0.918 3.49219
0.921 3.49076
0.924 3.48933
0.927 3.4879
0.93 3.48646
0.933 3.48503
0.936 3.48359
0.939 3.48215
0.942 3.48071
0.945 3.47927
0.948 3.47782
0.951 3.47638
0.954 3.47493
0.957 3.47348
0.96 3.47203
0.963 3.47058
0.966 3.46912
0.969 3.46767
0.972 3.46621
0.975 3.46475
0.978 3.46329
0.981 3.46183
0.984 3.46037
0.987 3.4589
0.99 3.45743
0.993 3.45597
0.996 3.4545
0.999 3.45302
1.002 3.45155
1.005 3.45008
1.008 3.4486
1.011 3.44712
1.014 3.44564
1.017 3.44416
1.02 3.44268
1.023 3.4412
1.026 3.43971
1.029 3.43822
1.032 3.43673
1.035 3.43524
1.038 3.43375
1.041 3.43226
1.044 3.43076
1.047 3.42927
1.05 3.42777
1.053 3.42627
1.056 3.42477
1.059 3.42327
1.062 3.42176
1.065 3.42026
1.068 3.41875
1.071 3.41724
1.074 3.41573
1.077 3.41422
1.08 3.41271
1.083 3.41119
1.086 3.40968
1.089 3.40816
1.092 3.40664
1.095 3.40512
1.098 3.4036
1.101 3.40208
1.104 3.40055
1.107 3.39903
1.11 3.3975
1.113 3.39597
1.116 3.39444
1.119 3.39291
1.122 3.39137
1.125 3.38984
1.128 3.3883
1.131 3.38676
1.134 3.38523
1.137 3.38368
1.14 3.38214
1.143 3.3806
1.146 3.37905
1.149 3.37751
1.152 3.37596
1.155 3.37441
1.158 3.37286
1.161 3.37131
1.164 3.36976
1.167 3.3682
1.17 3.36665
1.173 3.36509
1.176 3.36353
1.179 3.36197
1.182 3.36041
1.185 3.35885
1.188 3.35729
1.191 3.35572
1.194 3.35415
1.197 3.35259
1.2 3.35102
1.203 3.34945
1.206 3.34788
1.209 3.3463
1.212 3.34473
1.215 3.34315
1.218 3.34158
1.221 3.34
1.224 3.33842
1.227 3.33684
1.23 3.33526
1.233 3.33367
1.236 3.33209
1.239 3.3305
1.242 3.32892
1.245 3.32733
1.248 3.32574
1.251 3.32415
1.254 3.32256
1.257 3.32096
1.26 3.31937
1.263 3.31777
1.266 3.31618
1.269 3.31458
1.272 3.31298
1.275 3.31138
1.278 3.30978
1.281 3.30817
1.284 3.30657
1.287 3.30497
1.29 3.30336
1.293 3.30175
1.296 3.30014
1.299 3.29853
1.302 3.29692
1.305 3.29531
1.308 3.2937
1.311 3.29208
1.314 3.29047
1.317 3.28885
1.32 3.28723
1.323 3.28561
1.326 3.28399
1.329 3.28237
1.332 3.28075
1.335 3.27913
1.338 3.2775
1.341 3.27588
1.344 3.27425
1.347 3.27262
1.35 3.27099
1.353 3.26936
1.356 3.26773
1.359 3.2661
1.362 3.26447
1.365 3.26283
1.368 3.2612
1.371 3.25956
1.374 3.25792
1.377 3.25628
1.38 3.25464
1.383 3.253
1.386 3.25136
1.389 3.24972
1.392 3.24808
1.395 3.24643
1.398 3.24479
1.401 3.24314
1.404 3.24149
1.407 3.23984
1.41 3.23819
1.413 3.23654
1.416 3.23489
1.419 3.23324
1.422 3.23158
1.425 3.22993
1.428 3.22827
1.431 3.22662
1.434 3.22496
1.437 3.2233
1.44 3.22164
1.443 3.21998
1.446 3.21832
1.449 3.21666
1.452 3.21499
1.455 3.21333
1.458 3.21166
1.461 3.21
1.464 3.20833
1.467 3.20666
1.47 3.20499
1.473 3.20332
1.476 3.20165
1.479 3.19998
1.482 3.19831
1.485 3.19663
1.488 3.19496
1.491 3.19328
1.494 3.19161
1.497 3.18993
1.5 3.18825
1.503 3.18658
1.506 3.1849
1.509 3.18322
1.512 3.18153
1.515 3.17985
1.518 3.17817
1.521 3.17649
1.524 3.1748
1.527 3.17312
1.53 3.17143
1.533 3.16974
1.536 3.16806
1.539 3.16637
1.542 3.16468
1.545 3.16299
1.548 3.1613
1.551 3.1596
1.554 3.15791
1.557 3.15622
1.56 3.15453
1.563 3.15283
1.566 3.15114
1.569 3.14944
1.572 3.14774
1.575 3.14605
1.578 3.14435
1.581 3.14265
1.584 3.14095
1.587 3.13925
1.59 3.13755
1.593 3.13585
1.596 3.13414
1.599 3.13244
1.602 3.13074
1.605 3.12903
1.608 3.12733
1.611 3.12562
1.614 3.12392
1.617 3.12221
1.62 3.1205
1.623 3.1188
1.626 3.11709
1.629 3.11538
1.632 3.11367
1.635 3.11196
1.638 3.11025
1.641 3.10854
1.644 3.10683
1.647 3.10511
1.65 3.1034
1.653 3.10169
1.656 3.09998
1.659 3.09826
1.662 3.09655
1.665 3.09483
1.668 3.09312
1.671 3.0914
1.674 3.08969
1.677 3.08797
1.68 3.08626
1.683 3.08454
1.686 3.08282
1.689 3.0811
1.692 3.07939
1.695 3.07767
1.698 3.07595
1.701 3.07423
1.704 3.07251
1.707 3.07079
1.71 3.06907
1.713 3.06735
1.716 3.06564
1.719 3.06392
1.722 3.0622
1.725 3.06048
1.728 3.05876
1.731 3.05704
1.734 3.05532
1.737 3.0536
1.74 3.05188
1.743 3.05016
1.746 3.04843
1.749 3.04671
1.752 3.04499
1.755 3.04327
1.758 3.04155
1.761 3.03983
1.764 3.03812
1.767 3.0364
1.77 3.03468
1.773 3.03296
1.776 3.03124
1.779 3.02952
1.782 3.0278
1.785 3.02608
1.788 3.02437
1.791 3.02265
1.794 3.02093
1.797 3.01921
1.8 3.0175
1.803 3.01578
1.806 3.01407
1.809 3.01235
1.812 3.01064
1.815 3.00892
1.818 3.00721
1.821 3.0055
1.824 3.00379
1.827 3.00207
1.83 3.00036
1.833 2.99865
1.836 2.99695
1.839 2.99524
1.842 2.99353
1.845 2.99182
1.848 2.99012
1.851 2.98841
1.854 2.98671
1.857 2.98501
1.86 2.9833
1.863 2.9816
1.866 2.9799
1.869 2.9782
1.872 2.97651
1.875 2.97481
1.878 2.97312
1.881 2.97142
1.884 2.96973
1.887 2.96804
1.89 2.96635
1.893 2.96466
1.896 2.96297
1.899 2.96129
1.902 2.9596
1.905 2.95792
1.908 2.95624
1.911 2.95456
1.914 2.95288
1.917 2.95121
1.92 2.94953
1.923 2.94786
1.926 2.94619
1.929 2.94452
1.932 2.94285
1.935 2.94119
1.938 2.93952
1.941 2.93786
1.944 2.9362
1.947 2.93455
1.95 2.93289
1.953 2.93124
1.956 2.92959
1.959 2.92794
1.962 2.9263
1.965 2.92465
1.968 2.92301
1.971 2.92138
1.974 2.91974
1.977 2.91811
1.98 2.91648
1.983 2.91485
1.986 2.91322
1.989 2.9116
1.992 2.90998
1.995 2.90837
1.998 2.90675
2.001 2.90514
2.004 2.90353
2.007 2.90193
2.01 2.90033
2.013 2.89873
2.016 2.89713
2.019 2.89554
2.022 2.89395
2.025 2.89237
2.028 2.89079
2.031 2.88921
2.034 2.88763
2.037 2.88606
2.04 2.88449
2.043 2.88293
2.046 2.88137
2.049 2.87981
2.052 2.87826
2.055 2.87671
2.058 2.87517
2.061 2.87363
2.064 2.87209
2.067 2.87056
2.07 2.86903
2.073 2.8675
2.076 2.86598
2.079 2.86447
2.082 2.86295
2.085 2.86145
2.088 2.85994
2.091 2.85845
2.094 2.85695
2.097 2.85546
2.1 2.85398
2.103 2.8525
2.106 2.85102
2.109 2.84955
2.112 2.84809
2.115 2.84663
2.118 2.84517
2.121 2.84372
2.124 2.84227
2.127 2.84083
2.13 2.8394
2.133 2.83797
2.136 2.83654
2.139 2.83513
2.142 2.83371
2.145 2.8323
2.148 2.8309
2.151 2.8295
2.154 2.82811
2.157 2.82672
2.16 2.82534
2.163 2.82397
2.166 2.8226
2.169 2.82124
2.172 2.81988
2.175 2.81853
2.178 2.81718
2.181 2.81584
2.184 2.81451
2.187 2.81318
2.19 2.81186
2.193 2.81055
2.196 2.80924
2.199 2.80794
2.202 2.80664
2.205 2.80535
2.208 2.80407
2.211 2.80279
2.214 2.80152
2.217 2.80026
2.22 2.799
2.223 2.79776
2.226 2.79651
2.229 2.79528
2.232 2.79405
2.235 2.79282
2.238 2.79161
2.241 2.7904
2.244 2.7892
2.247 2.788
2.25 2.78681
2.253 2.78563
2.256 2.78446
2.259 2.78329
2.262 2.78213
2.265 2.78098
2.268 2.77984
2.271 2.7787
2.274 2.77757
2.277 2.77645
2.28 2.77533
2.283 2.77422
2.286 2.77312
2.289 2.77203
2.292 2.77094
2.295 2.76987
2.298 2.7688
2.301 2.76773
2.304 2.76668
2.307 2.76563
2.31 2.76459
2.313 2.76356
2.316 2.76253
2.319 2.76152
2.322 2.76051
2.325 2.75951
2.328 2.75852
2.331 2.75753
2.334 2.75655
2.337 2.75558
2.34 2.75462
2.343 2.75367
2.346 2.75272
2.349 2.75179
2.352 2.75086
2.355 2.74994
2.358 2.74902
2.361 2.74812
2.364 2.74722
2.367 2.74633
2.37 2.74545
2.373 2.74458
2.376 2.74371
2.379 2.74286
2.382 2.74201
2.385 2.74117
2.388 2.74033
2.391 2.73951
2.394 2.73869
2.397 2.73789
2.4 2.73709
2.403 2.7363
2.406 2.73551
2.409 2.73474
2.412 2.73397
2.415 2.73321
2.418 2.73246
2.421 2.73172
2.424 2.73098
2.427 2.73026
2.43 2.72954
2.433 2.72883
2.436 2.72813
2.439 2.72744
2.442 2.72675
2.445 2.72608
2.448 2.72541
2.451 2.72475
2.454 2.72409
2.457 2.72345
2.46 2.72281
2.463 2.72219
2.466 2.72157
2.469 2.72095
2.472 2.72035
2.475 2.71976
2.478 2.71917
2.481 2.71859
2.484 2.71802
2.487 2.71745
2.49 2.7169
2.493 2.71635
2.496 2.71581
2.499 2.71528
2.502 2.71476
2.505 2.71424
2.508 2.71373
2.511 2.71323
2.514 2.71274
2.517 2.71226
2.52 2.71178
2.523 2.71131
2.526 2.71085
2.529 2.7104
2.532 2.70995
2.535 2.70951
2.538 2.70908
2.541 2.70866
2.544 2.70824
2.547 2.70784
2.55 2.70744
2.553 2.70704
2.556 2.70666
2.559 2.70628
2.562 2.70591
2.565 2.70555
2.568 2.70519
2.571 2.70484
2.574 2.7045
2.577 2.70417
2.58 2.70384
2.583 2.70352
2.586 2.70321
2.589 2.7029
2.592 2.7026
2.595 2.70231
2.598 2.70203
2.601 2.70175
2.604 2.70148
2.607 2.70122
2.61 2.70096
2.613 2.70071
2.616 2.70047
2.619 2.70023
2.622 2.7
2.625 2.69978
2.628 2.69956
2.631 2.69935
2.634 2.69915
2.637 2.69895
2.64 2.69876
2.643 2.69857
2.646 2.6984
2.649 2.69822
2.652 2.69806
2.655 2.6979
2.658 2.69775
2.661 2.6976
2.664 2.69746
2.667 2.69732
2.67 2.69719
2.673 2.69707
2.676 2.69695
2.679 2.69684
2.682 2.69674
2.685 2.69664
2.688 2.69654
2.691 2.69646
2.694 2.69637
2.697 2.6963
2.7 2.69622
2.703 2.69616
2.706 2.6961
2.709 2.69604
2.712 2.69599
2.715 2.69595
2.718 2.69591
2.721 2.69587
2.724 2.69584
2.727 2.69582
2.73 2.6958
2.733 2.69578
2.736 2.69577
2.739 2.69577
2.742 2.69577
2.745 2.69578
2.748 2.69579
2.751 2.6958
2.754 2.69582
2.757 2.69584
2.76 2.69587
2.763 2.69591
2.766 2.69594
2.769 2.69599
2.772 2.69603
2.775 2.69608
2.778 2.69614
2.781 2.6962
2.784 2.69626
2.787 2.69633
2.79 2.6964
2.793 2.69648
2.796 2.69656
2.799 2.69664
2.802 2.69673
2.805 2.69682
2.808 2.69691
2.811 2.69701
2.814 2.69712
2.817 2.69722
2.82 2.69733
2.823 2.69745
2.826 2.69756
2.829 2.69768
2.832 2.69781
2.835 2.69793
2.838 2.69807
2.841 2.6982
2.844 2.69834
2.847 2.69848
2.85 2.69862
2.853 2.69877
2.856 2.69892
2.859 2.69907
2.862 2.69923
2.865 2.69939
2.868 2.69955
2.871 2.69972
2.874 2.69988
2.877 2.70005
2.88 2.70023
2.883 2.7004
2.886 2.70058
2.889 2.70076
2.892 2.70095
2.895 2.70114
2.898 2.70132
2.901 2.70152
2.904 2.70171
2.907 2.70191
2.91 2.70211
2.913 2.70231
2.916 2.70251
2.919 2.70272
2.922 2.70293
2.925 2.70314
2.928 2.70335
2.931 2.70356
2.934 2.70378
2.937 2.704
2.94 2.70422
2.943 2.70444
2.946 2.70466
2.949 2.70489
2.952 2.70512
2.955 2.70535
2.958 2.70558
2.961 2.70581
2.964 2.70605
2.967 2.70629
2.97 2.70653
2.973 2.70677
2.976 2.70701
2.979 2.70725
2.982 2.7075
2.985 2.70774
2.988 2.70799
2.991 2.70824
2.994 2.70849
2.997 2.70874
3 2.709
3.001 5
