0 0
0.003 0.451789
0.006 0.453531
0.009 0.455286
0.012 0.457053
0.015 0.458833
0.018 0.460626
0.021 0.462433
0.024 0.464252
0.027 0.466085
0.03 0.467931
0.033 0.46979
0.036 0.471662
0.039 0.473548
0.042 0.475448
0.045 0.477361
0.048 0.479288
0.051 0.481228
0.054 0.483183
0.057 0.485151
0.06 0.487133
0.063 0.489129
0.066 0.491139
0.069 0.493163
0.072 0.495202
0.075 0.497255
0.078 0.499321
0.081 0.501403
0.084 0.503498
0.087 0.505609
0.09 0.507733
0.093 0.509873
0.096 0.512027
0.099 0.514195
0.102 0.516379
0.105 0.518577
0.108 0.52079
0.111 0.523018
0.114 0.525261
0.117 0.527519
0.12 0.529792
0.123 0.532081
0.126 0.534384
0.129 0.536703
0.132 0.539037
0.135 0.541386
0.138 0.543751
0.141 0.546131
0.144 0.548527
0.147 0.550938
0.15 0.553365
0.153 0.555807
0.156 0.558266
0.159 0.560739
0.162 0.563229
0.165 0.565734
0.168 0.568255
0.171 0.570792
0.174 0.573345
0.177 0.575913
0.18 0.578498
0.183 0.581099
0.186 0.583715
0.189 0.586348
0.192 0.588997
0.195 0.591661
0.198 0.594342
0.201 0.597039
0.204 0.599753
0.207 0.602482
0.21 0.605228
0.213 0.607989
0.216 0.610767
0.219 0.613562
0.222 0.616372
0.225 0.619199
0.228 0.622042
0.231 0.624901
0.234 0.627777
0.237 0.630669
0.24 0.633577
0.243 0.636502
0.246 0.639443
0.249 0.6424
0.252 0.645373
0.255 0.648363
0.258 0.651369
0.261 0.654392
0.264 0.65743
0.267 0.660485
0.27 0.663556
0.273 0.666644
0.276 0.669747
0.279 0.672867
0.282 0.676003
0.285 0.679156
0.288 0.682324
0.291 0.685508
0.294 0.688709
0.297 0.691926
0.3 0.695158
0.303 0.698407
0.306 0.701672
0.309 0.704952
0.312 0.708249
0.315 0.711561
0.318 0.714889
0.321 0.718233
0.324 0.721593
0.327 0.724968
0.33 0.72836
0.333 0.731766
0.336 0.735188
0.339 0.738626
0.342 0.742079
0.345 0.745548
0.348 0.749032
0.351 0.752531
0.354 0.756045
0.357 0.759574
0.36 0.763119
0.363 0.766678
0.366 0.770253
0.369 0.773842
0.372 0.777447
0.375 0.781065
0.378 0.784699
0.381 0.788347
0.384 0.79201
0.387 0.795687
0.39 0.799378
0.393 0.803084
0.396 0.806804
0.399 0.810538
0.402 0.814286
0.405 0.818048
0.408 0.821824
0.411 0.825613
0.414 0.829416
0.417 0.833233
0.42 0.837063
0.423 0.840907
0.426 0.844764
0.429 0.848634
0.432 0.852517
0.435 0.856413
0.438 0.860322
0.441 0.864244
0.444 0.868179
0.447 0.872126
0.45 0.876085
0.453 0.880057
0.456 0.884041
0.459 0.888038
0.462 0.892046
0.465 0.896067
0.468 0.900099
0.471 0.904143
0.474 0.908199
0.477 0.912266
0.48 0.916344
0.483 0.920434
0.486 0.924535
0.489 0.928647
0.492 0.93277
0.495 0.936904
0.498 0.941049
0.501 0.945204
0.504 0.94937
0.507 0.953546
0.51 0.957732
0.513 0.961929
0.516 0.966135
0.519 0.970351
0.522 0.974578
0.525 0.978814
0.528 0.983059
0.531 0.987314
0.534 0.991579
0.537 0.995852
0.54 1.00013
0.543 1.00443
0.546 1.00873
0.549 1.01304
0.552 1.01735
0.555 1.02168
0.558 1.02602
0.561 1.03036
0.564 1.03471
0.567 1.03907
0.57 1.04344
0.573 1.04781
0.576 1.0522
0.579 1.05659
0.582 1.06099
0.585 1.06539
0.588 1.06981
0.591 1.07423
0.594 1.07865
0.597 1.08309
0.6 1.08753
0.603 1.09198
0.606 1.09643
0.609 1.10089
0.612 1.10536
0.615 1.10984
0.618 1.11432
0.621 1.1188
0.624 1.1233
0.627 1.1278
0.63 1.1323
0.633 1.13681
0.636 1.14133
0.639 1.14585
0.642 1.15038
0.645 1.15491
0.648 1.15945
0.651 1.16399
0.654 1.16854
0.657 1.1731
0.66 1.17766
0.663 1.18222
0.666 1.18679
0.669 1.19136
0.672 1.19594
0.675 1.20052
0.678 1.20511
0.681 1.2097
0.684 1.2143
0.687 1.2189
0.69 1.2235
0.693 1.22811
0.696 1.23272
0.699 1.23734
0.702 1.24196
0.705 1.24659
0.708 1.25121
0.711 1.25585
0.714 1.26048
0.717 1.26512
0.72 1.26976
0.723 1.27441
0.726 1.27906
0.729 1.28371
0.732 1.28837
0.735 1.29303
0.738 1.29769
0.741 1.30236
0.744 1.30703
0.747 1.3117
0.75 1.31637
0.753 1.32105
0.756 1.32573
0.759 1.33041
0.762 1.3351
0.765 1.33979
0.768 1.34448
0.771 1.34918
0.774 1.35387
0.777 1.35857
0.78 1.36327
0.783 1.36798
0.786 1.37269
0.789 1.3774
0.792 1.38211
0.795 1.38682
0.798 1.39154
0.801 1.39626
0.804 1.40098
0.807 1.4057
0.81 1.41043
0.813 1.41515
0.816 1.41988
0.819 1.42461
0.822 1.42935
0.825 1.43408
0.828 1.43882
0.831 1.44356
0.834 1.4483
0.837 1.45305
0.84 1.45779
0.843 1.46254
0.846 1.46729
0.849 1.47204
0.852 1.47679
0.855 1.48155
0.858 1.4863
0.861 1.49106
0.864 1.49582
0.867 1.50059
0.87 1.50535
0.873 1.51011
0.876 1.51488
0.879 1.51965
0.882 1.52442
0.885 1.52919
0.888 1.53397
0.891 1.53874
0.894 1.54352
0.897 1.5483
0.9 1.55308
0.903 1.55786
0.906 1.56265
0.909 1.56743
0.912 1.57222
0.915 1.57701
0.918 1.5818
0.921 1.58659
0.924 1.59138
0.927 1.59618
0.93 1.60097
0.933 1.60577
0.936 1.61057
0.939 1.61537
0.942 1.62017
0.945 1.62498
0.948 1.62978
0.951 1.63459
0.954 1.6394
0.957 1.64421
0.96 1.64902
0.963 1.65383
0.966 1.65865
0.969 1.66346
0.972 1.66828
0.975 1.6731
0.978 1.67792
0.981 1.68274
0.984 1.68756
0.987 1.69239
0.99 1.69722
0.993 1.70204
0.996 1.70687
0.999 1.71171
1.002 1.71654
1.005 1.72137
1.008 1.72621
1.011 1.73104
1.014 1.73588
1.017 1.74072
1.02 1.74556
1.023 1.75041
1.026 1.75525
1.029 1.7601
1.032 1.76495
1.035 1.76979
1.038 1.77465
1.041 1.7795
1.044 1.78435
1.047 1.78921
1.05 1.79406
1.053 1.79892
1.056 1.80378
1.059 1.80864
1.062 1.8135
1.065 1.81837
1.068 1.82323
1.071 1.8281
1.074 1.83297
1.077 1.83784
1.08 1.84271
1.083 1.84758
1.086 1.85246
1.089 1.85733
1.092 1.86221
1.095 1.86709
1.098 1.87197
1.101 1.87685
1.104 1.88174
1.107 1.88662
1.11 1.89151
1.113 1.8964
1.116 1.90129
1.119 1.90618
1.122 1.91107
1.125 1.91597
1.128 1.92086
1.131 1.92576
1.134 1.93066
1.137 1.93556
1.14 1.94046
1.143 1.94536
1.146 1.95027
1.149 1.95517
1.152 1.96008
1.155 1.96499
1.158 1.9699
1.161 1.97482
1.164 1.97973
1.167 1.98464
1.17 1.98956
1.173 1.99448
1.176 1.9994
1.179 2.00432
1.182 2.00924
1.185 2.01417
1.188 2.01909
1.191 2.02402
1.194 2.02895
1.197 2.03388
1.2 2.03881
1.203 2.04375
1.206 2.04868
1.209 2.05362
1.212 2.05855
1.215 2.06349
1.218 2.06843
1.221 2.07338
1.224 2.07832
1.227 2.08326
1.23 2.08821
1.233 2.09316
1.236 2.09811
1.239 2.10306
1.242 2.10801
1.245 2.11296
1.248 2.11792
1.251 2.12288
1.254 2.12783
1.257 2.13279
1.26 2.13775
1.263 2.14272
1.266 2.14768
1.269 2.15264
1.272 2.15761
1.275 2.16258
1.278 2.16755
1.281 2.17252
1.284 2.17749
1.287 2.18246
1.29 2.18744
1.293 2.19241
1.296 2.19739
1.299 2.20237
1.302 2.20735
1.305 2.21233
1.308 2.21731
1.311 2.2223
1.314 2.22728
1.317 2.23227
1.32 2.23726
1.323 2.24225
1.326 2.24724
1.329 2.25223
1.332 2.25722
1.335 2.26222
1.338 2.26721
1.341 2.27221
1.344 2.27721
1.347 2.28221
1.35 2.28721
1.353 2.29221
1.356 2.29721
1.359 2.30222
1.362 2.30723
1.365 2.31223
1.368 2.31724
1.371 2.32225
1.374 2.32726
1.377 2.33227
1.38 2.33729
1.383 2.3423
1.386 2.34732
1.389 2.35233
1.392 2.35735
1.395 2.36237
1.398 2.36739
1.401 2.37241
1.404 2.37744
1.407 2.38246
1.41 2.38748
1.413 2.39251
1.416 2.39754
1.419 2.40257
1.422 2.4076
1.425 2.41263
1.428 2.41766
1.431 2.42269
1.434 2.42772
1.437 2.43276
1.44 2.43779
1.443 2.44283
1.446 2.44787
1.449 2.45291
1.452 2.45795
1.455 2.46299
1.458 2.46803
1.461 2.47307
1.464 2.47812
1.467 2.48316
1.47 2.48821
1.473 2.49325
1.476 2.4983
1.479 2.50335
1.482 2.5084
1.485 2.51345
1.488 2.5185
1.491 2.52355
1.494 2.52861
1.497 2.53366
1.5 2.53871
1.503 2.54377
1.506 2.54883
1.509 2.55388
1.512 2.55894
1.515 2.564
1.518 2.56906
1.521 2.57412
1.524 2.57918
1.527 2.58424
1.53 2.5893
1.533 2.59436
1.536 2.59943
1.539 2.60449
1.542 2.60956
1.545 2.61462
1.548 2.61969
1.551 2.62475
1.554 2.62982
1.557 2.63489
1.56 2.63996
1.563 2.64502
1.566 2.65009
1.569 2.65516
1.572 2.66023
1.575 2.6653
1.578 2.67037
1.581 2.67544
1.584 2.68051
1.587 2.68559
1.59 2.69066
1.593 2.69573
1.596 2.7008
1.599 2.70587
1.602 2.71095
1.605 2.71602
1.608 2.72109
1.611 2.72617
1.614 2.73124
1.617 2.73631
1.62 2.74139
1.623 2.74646
1.626 2.75153
1.629 2.7566
1.632 2.76168
1.635 2.76675
1.638 2.77182
1.641 2.7769
1.644 2.78197
1.647 2.78704
1.65 2.79211
1.653 2.79718
1.656 2.80225
1.659 2.80732
1.662 2.81239
1.665 2.81746
1.668 2.82253
1.671 2.8276
1.674 2.83267
1.677 2.83774
1.68 2.8428
1.683 2.84787
1.686 2.85293
1.689 2.858
1.692 2.86306
1.695 2.86812
1.698 2.87319
1.701 2.87825
1.704 2.88331
1.707 2.88836
1.71 2.89342
1.713 2.89848
1.716 2.90353
1.719 2.90859
1.722 2.91364
1.725 2.91869
1.728 2.92374
1.731 2.92878
1.734 2.93383
1.737 2.93888
1.74 2.94392
1.743 2.94896
1.746 2.954
1.749 2.95904
1.752 2.96407
1.755 2.9691
1.758 2.97414
1.761 2.97916
1.764 2.98419
1.767 2.98922
1.77 2.99424
1.773 2.99926
1.776 3.00428
1.779 3.00929
1.782 3.0143
1.785 3.01931
1.788 3.02432
1.791 3.02932
1.794 3.03433
1.797 3.03932
1.8 3.04432
1.803 3.04931
1.806 3.0543
1.809 3.05929
1.812 3.06427
1.815 3.06925
1.818 3.07422
1.821 3.07919
1.824 3.08416
1.827 3.08913
1.83 3.09409
1.833 3.09904
1.836 3.10399
1.839 3.10894
1.842 3.11388
1.845 3.11882
1.848 3.12376
1.851 3.12869
1.854 3.13362
1.857 3.13854
1.86 3.14345
1.863 3.14836
1.866 3.15327
1.869 3.15817
1.872 3.16307
1.875 3.16796
1.878 3.17284
1.881 3.17772
1.884 3.1826
1.887 3.18747
1.89 3.19233
1.893 3.19718
1.896 3.20204
1.899 3.20688
1.902 3.21172
1.905 3.21655
1.908 3.22137
1.911 3.22619
1.914 3.231
1.917 3.23581
1.92 3.24061
1.923 3.2454
1.926 3.25018
1.929 3.25496
1.932 3.25973
1.935 3.26449
1.938 3.26924
1.941 3.27399
1.944 3.27873
1.947 3.28346
1.95 3.28818
1.953 3.29289
1.956 3.2976
1.959 3.3023
1.962 3.30698
1.965 3.31166
1.968 3.31633
1.971 3.321
1.974 3.32565
1.977 3.33029
1.98 3.33492
1.983 3.33955
1.986 3.34416
1.989 3.34877
1.992 3.35336
1.995 3.35795
1.998 3.36252
2.001 3.36709
2.004 3.37164
2.007 3.37618
2.01 3.38072
2.013 3.38524
2.016 3.38975
2.019 3.39425
2.022 3.39874
2.025 3.40321
2.028 3.40768
2.031 3.41213
2.034 3.41657
2.037 3.421
2.04 3.42542
2.043 3.42983
2.046 3.43422
2.049 3.4386
2.052 3.44297
2.055 3.44733
2.058 3.45167
2.061 3.456
2.064 3.46032
2.067 3.46462
2.07 3.46891
2.073 3.47319
2.076 3.47745
2.079 3.4817
2.082 3.48594
2.085 3.49016
2.088 3.49437
2.091 3.49856
2.094 3.50274
2.097 3.5069
2.1 3.51105
2.103 3.51519
2.106 3.51931
2.109 3.52341
2.112 3.5275
2.115 3.53158
2.118 3.53564
2.121 3.53968
2.124 3.54371
2.127 3.54772
2.13 3.55172
2.133 3.5557
2.136 3.55967
2.139 3.56362
2.142 3.56755
2.145 3.57147
2.148 3.57536
2.151 3.57925
2.154 3.58311
2.157 3.58696
2.16 3.5908
2.163 3.59461
2.166 3.59841
2.169 3.60219
2.172 3.60595
2.175 3.6097
2.178 3.61343
2.181 3.61714
2.184 3.62083
2.187 3.62451
2.19 3.62817
2.193 3.63181
2.196 3.63543
2.199 3.63903
2.202 3.64261
2.205 3.64618
2.208 3.64973
2.211 3.65326
2.214 3.65677
2.217 3.66026
2.22 3.66374
2.223 3.66719
2.226 3.67063
2.229 3.67404
2.232 3.67744
2.235 3.68082
2.238 3.68418
2.241 3.68752
2.244 3.69084
2.247 3.69414
2.25 3.69742
2.253 3.70069
2.256 3.70393
2.259 3.70715
2.262 3.71036
2.265 3.71354
2.268 3.71671
2.271 3.71985
2.274 3.72298
2.277 3.72608
2.28 3.72917
2.283 3.73223
2.286 3.73528
2.289 3.7383
2.292 3.74131
2.295 3.7443
2.298 3.74726
2.301 3.75021
2.304 3.75313
2.307 3.75604
2.31 3.75892
2.313 3.76179
2.316 3.76463
2.319 3.76746
2.322 3.77026
2.325 3.77305
2.328 3.77581
2.331 3.77855
2.334 3.78128
2.337 3.78398
2.34 3.78667
2.343 3.78933
2.346 3.79197
2.349 3.79459
2.352 3.7972
2.355 3.79978
2.358 3.80234
2.361 3.80488
2.364 3.80741
2.367 3.80991
2.37 3.81239
2.373 3.81485
2.376 3.81729
2.379 3.81971
2.382 3.82212
2.385 3.8245
2.388 3.82686
2.391 3.8292
2.394 3.83152
2.397 3.83383
2.4 3.83611
2.403 3.83837
2.406 3.84062
2.409 3.84284
2.412 3.84504
2.415 3.84723
2.418 3.84939
2.421 3.85154
2.424 3.85367
2.427 3.85577
2.43 3.85786
2.433 3.85993
2.436 3.86198
2.439 3.86401
2.442 3.86602
2.445 3.86801
2.448 3.86998
2.451 3.87194
2.454 3.87387
2.457 3.87579
2.46 3.87769
2.463 3.87957
2.466 3.88143
2.469 3.88327
2.472 3.8851
2.475 3.8869
2.478 3.88869
2.481 3.89046
2.484 3.89221
2.487 3.89394
2.49 3.89566
2.493 3.89736
2.496 3.89904
2.499 3.9007
2.502 3.90234
2.505 3.90397
2.508 3.90558
2.511 3.90717
2.514 3.90875
2.517 3.91031
2.52 3.91185
2.523 3.91337
2.526 3.91488
2.529 3.91637
2.532 3.91784
2.535 3.9193
2.538 3.92074
2.541 3.92216
2.544 3.92357
2.547 3.92496
2.55 3.92634
2.553 3.9277
2.556 3.92904
2.559 3.93037
2.562 3.93168
2.565 3.93298
2.568 3.93426
2.571 3.93552
2.574 3.93677
2.577 3.93801
2.58 3.93923
2.583 3.94043
2.586 3.94162
2.589 3.94279
2.592 3.94395
2.595 3.9451
2.598 3.94623
2.601 3.94735
2.604 3.94845
2.607 3.94953
2.61 3.95061
2.613 3.95167
2.616 3.95271
2.619 3.95374
2.622 3.95476
2.625 3.95577
2.628 3.95676
2.631 3.95773
2.634 3.9587
2.637 3.95965
2.64 3.96059
2.643 3.96151
2.646 3.96242
2.649 3.96332
2.652 3.96421
2.655 3.96508
2.658 3.96594
2.661 3.96679
2.664 3.96762
2.667 3.96845
2.67 3.96926
2.673 3.97006
2.676 3.97085
2.679 3.97162
2.682 3.97239
2.685 3.97314
2.688 3.97388
2.691 3.97461
2.694 3.97533
2.697 3.97604
2.7 3.97674
2.703 3.97742
2.706 3.9781
2.709 3.97876
2.712 3.97941
2.715 3.98005
2.718 3.98069
2.721 3.98131
2.724 3.98192
2.727 3.98252
2.73 3.98311
2.733 3.98369
2.736 3.98426
2.739 3.98482
2.742 3.98537
2.745 3.98591
2.748 3.98645
2.751 3.98697
2.754 3.98748
2.757 3.98799
2.76 3.98848
2.763 3.98897
2.766 3.98944
2.769 3.98991
2.772 3.99037
2.775 3.99082
2.778 3.99126
2.781 3.99169
2.784 3.99212
2.787 3.99253
2.79 3.99294
2.793 3.99334
2.796 3.99373
2.799 3.99411
2.802 3.99449
2.805 3.99485
2.808 3.99521
2.811 3.99557
2.814 3.99591
2.817 3.99625
2.82 3.99658
2.823 3.9969
2.826 3.99721
2.829 3.99752
2.832 3.99782
2.835 3.99811
2.838 3.9984
2.841 3.99868
2.844 3.99895
2.847 3.99921
2.85 3.99947
2.853 3.99972
2.856 3.99997
2.859 4.00021
2.862 4.00044
2.865 4.00067
2.868 4.00089
2.871 4.0011
2.874 4.00131
2.877 4.00151
2.88 4.00171
2.883 4.0019
2.886 4.00208
2.889 4.00226
2.892 4.00243
2.895 4.0026
2.898 4.00276
2.901 4.00292
2.904 4.00307
2.907 4.00321
2.91 4.00335
2.913 4.00349
2.916 4.00362
2.919 4.00374
2.922 4.00386
2.925 4.00397
2.928 4.00408
2.931 4.00419
2.934 4.00429
2.937 4.00438
2.94 4.00447
2.943 4.00456
2.946 4.00464
2.949 4.00472
2.952 4.00479
2.955 4.00486
2.958 4.00492
2.961 4.00498
2.964 4.00503
2.967 4.00509
2.97 4.00513
2.973 4.00517
2.976 4.00521
2.979 4.00525
2.982 4.00528
2.985 4.00531
2.988 4.00533
2.991 4.00535
2.994 4.00536
2.997 4.00538
3 4.00538
3.001 0
