0 -10
0.003 -6.49172
0.006 -6.48736
0.009 -6.48297
0.012 -6.47855
0.015 -6.4741
0.018 -6.46962
0.021 -6.46511
0.024 -6.46058
0.027 -6.45601
0.03 -6.45142
0.033 -6.44679
0.036 -6.44214
0.039 -6.43746
0.042 -6.43274
0.045 -6.428
0.048 -6.42323
0.051 -6.41843
0.054 -6.4136
0.057 -6.40874
0.06 -6.40385
0.063 -6.39893
0.066 -6.39398
0.069 -6.389
0.072 -6.38398
0.075 -6.37894
0.078 -6.37387
0.081 -6.36877
0.084 -6.36364
0.087 -6.35847
0.09 -6.35328
0.093 -6.34805
0.096 -6.3428
0.099 -6.33751
0.102 -6.33219
0.105 -6.32685
0.108 -6.32147
0.111 -6.31606
0.114 -6.31062
0.117 -6.30515
0.12 -6.29964
0.123 -6.29411
0.126 -6.28855
0.129 -6.28295
0.132 -6.27732
0.135 -6.27167
0.138 -6.26598
0.141 -6.26026
0.144 -6.25451
0.147 -6.24872
0.15 -6.24291
0.153 -6.23707
0.156 -6.23119
0.159 -6.22529
0.162 -6.21935
0.165 -6.21338
0.168 -6.20738
0.171 -6.20135
0.174 -6.19529
0.177 -6.1892
0.18 -6.18308
0.183 -6.17692
0.186 -6.17074
0.189 -6.16452
0.192 -6.15828
0.195 -6.152
0.198 -6.1457
0.201 -6.13936
0.204 -6.13299
0.207 -6.1266
0.21 -6.12017
0.213 -6.11371
0.216 -6.10722
0.219 -6.10071
0.222 -6.09416
0.225 -6.08758
0.228 -6.08098
0.231 -6.07434
0.234 -6.06768
0.237 -6.06098
0.24 -6.05426
0.243 -6.04751
0.246 -6.04073
0.249 -6.03392
0.252 -6.02708
0.255 -6.02021
0.258 -6.01332
0.261 -6.0064
0.264 -5.99945
0.267 -5.99247
0.27 -5.98546
0.273 -5.97843
0.276 -5.97137
0.279 -5.96428
0.282 -5.95717
0.285 -5.95003
0.288 -5.94286
0.291 -5.93567
0.294 -5.92845
0.297 -5.9212
0.3 -5.91393
0.303 -5.90663
0.306 -5.89931
0.309 -5.89197
0.312 -5.8846
0.315 -5.8772
0.318 -5.86978
0.321 -5.86234
0.324 -5.85487
0.327 -5.84738
0.33 -5.83987
0.333 -5.83233
0.336 -5.82478
0.339 -5.81719
0.342 -5.80959
0.345 -5.80197
0.348 -5.79432
0.351 -5.78665
0.354 -5.77897
0.357 -5.77126
0.36 -5.76353
0.363 -5.75578
0.366 -5.74801
0.369 -5.74022
0.372 -5.73242
0.375 -5.72459
0.378 -5.71675
0.381 -5.70888
0.384 -5.701
0.387 -5.69311
0.39 -5.68519
0.393 -5.67726
0.396 -5.66932
0.399 -5.66135
0.402 -5.65337
0.405 -5.64538
0.408 -5.63737
0.411 -5.62935
0.414 -5.62131
0.417 -5.61326
0.42 -5.60519
0.423 -5.59711
0.426 -5.58902
0.429 -5.58092
0.432 -5.57281
0.435 -5.56468
0.438 -5.55654
0.441 -5.54839
0.444 -5.54023
0.447 -5.53206
0.45 -5.52388
0.453 -5.51569
0.456 -5.5075
0.459 -5.49929
0.462 -5.49108
0.465 -5.48285
0.468 -5.47462
0.471 -5.46639
0.474 -5.45815
0.477 -5.4499
0.48 -5.44164
0.483 -5.43338
0.486 -5.42511
0.489 -5.41684
0.492 -5.40857
0.495 -5.40029
0.498 -5.39201
0.501 -5.38372
0.504 -5.37544
0.507 -5.36715
0.51 -5.35886
0.513 -5.35056
0.516 -5.34227
0.519 -5.33397
0.522 -5.32568
0.525 -5.31738
0.528 -5.30909
0.531 -5.30079
0.534 -5.2925
0.537 -5.28421
0.54 -5.27592
0.543 -5.26763
0.546 -5.25935
0.549 -5.25107
0.552 -5.24279
0.555 -5.23452
0.558 -5.22625
0.561 -5.21798
0.564 -5.20972
0.567 -5.20147
0.57 -5.19322
0.573 -5.18497
0.576 -5.17674
0.579 -5.16851
0.582 -5.16028
0.585 -5.15207
0.588 -5.14386
0.591 -5.13566
0.594 -5.12747
0.597 -5.11929
0.6 -5.11111
0.603 -5.10295
0.606 -5.0948
0.609 -5.08665
0.612 -5.07852
0.615 -5.07039
0.618 -5.06228
0.621 -5.05418
0.624 -5.04609
0.627 -5.03802
0.63 -5.02995
0.633 -5.0219
0.636 -5.01386
0.639 -5.00583
0.642 -4.99782
0.645 -4.98982
0.648 -4.98184
0.651 -4.97386
0.654 -4.96591
0.657 -4.95797
0.66 -4.95004
0.663 -4.94213
0.666 -4.93423
0.669 -4.92635
0.672 -4.91849
0.675 -4.91064
0.678 -4.90281
0.681 -4.89499
0.684 -4.8872
0.687 -4.87941
0.69 -4.87165
0.693 -4.86391
0.696 -4.85618
0.699 -4.84847
0.702 -4.84078
0.705 -4.8331
0.708 -4.82545
0.711 -4.81781
0.714 -4.8102
0.717 -4.8026
0.72 -4.79502
0.723 -4.78746
0.726 -4.77993
0.729 -4.77241
0.732 -4.76491
0.735 -4.75743
0.738 -4.74997
0.741 -4.74253
0.744 -4.73512
0.747 -4.72772
0.75 -4.72035
0.753 -4.71299
0.756 -4.70566
0.759 -4.69835
0.762 -4.69106
0.765 -4.68379
0.768 -4.67654
0.771 -4.66932
0.774 -4.66212
0.777 -4.65493
0.78 -4.64778
0.783 -4.64064
0.786 -4.63353
0.789 -4.62643
0.792 -4.61937
0.795 -4.61232
0.798 -4.6053
0.801 -4.59829
0.804 -4.59132
0.807 -4.58436
0.81 -4.57743
0.813 -4.57052
0.816 -4.56363
0.819 -4.55677
0.822 -4.54993
0.825 -4.54312
0.828 -4.53632
0.831 -4.52955
0.834 -4.52281
0.837 -4.51609
0.84 -4.50939
0.843 -4.50271
0.846 -4.49606
0.849 -4.48943
0.852 -4.48283
0.855 -4.47625
0.858 -4.46969
0.861 -4.46316
0.864 -4.45665
0.867 -4.45016
0.87 -4.4437
0.873 -4.43726
0.876 -4.43085
0.879 -4.42446
0.882 -4.41809
0.885 -4.41175
0.888 -4.40543
0.891 -4.39913
0.894 -4.39286
0.897 -4.38661
0.9 -4.38039
0.903 -4.37418
0.906 -4.36801
0.909 -4.36185
0.912 -4.35572
0.915 -4.34962
0.918 -4.34354
0.921 -4.33748
0.924 -4.33144
0.927 -4.32543
0.93 -4.31944
0.933 -4.31348
0.936 -4.30754
0.939 -4.30162
0.942 -4.29572
0.945 -4.28985
0.948 -4.28401
0.951 -4.27818
0.954 -4.27238
0.957 -4.2666
0.96 -4.26085
0.963 -4.25512
0.966 -4.24941
0.969 -4.24372
0.972 -4.23806
0.975 -4.23242
0.978 -4.2268
0.981 -4.22121
0.984 -4.21563
0.987 -4.21009
0.99 -4.20456
0.993 -4.19905
0.996 -4.19357
0.999 -4.18811
1.002 -4.18268
1.005 -4.17726
1.008 -4.17187
1.011 -4.1665
1.014 -4.16115
1.017 -4.15583
1.02 -4.15052
1.023 -4.14524
1.026 -4.13998
1.029 -4.13474
1.032 -4.12953
1.035 -4.12433
1.038 -4.11916
1.041 -4.114
1.044 -4.10887
1.047 -4.10376
1.05 -4.09868
1.053 -4.09361
1.056 -4.08856
1.059 -4.08354
1.062 -4.07853
1.065 -4.07355
1.068 -4.06859
1.071 -4.06365
1.074 -4.05872
1.077 -4.05382
1.08 -4.04894
1.083 -4.04408
1.086 -4.03924
1.089 -4.03442
1.092 -4.02963
1.095 -4.02485
1.098 -4.02009
1.101 -4.01535
1.104 -4.01063
1.107 -4.00593
1.11 -4.00125
1.113 -3.99659
1.116 -3.99195
1.119 -3.98733
1.122 -3.98272
1.125 -3.97814
1.128 -3.97358
1.131 -3.96903
1.134 -3.96451
1.137 -3.96
1.14 -3.95551
1.143 -3.95104
1.146 -3.94659
1.149 -3.94216
1.152 -3.93774
1.155 -3.93335
1.158 -3.92897
1.161 -3.92461
1.164 -3.92027
1.167 -3.91595
1.17 -3.91164
1.173 -3.90736
1.176 -3.90309
1.179 -3.89884
1.182 -3.8946
1.185 -3.89039
1.188 -3.88619
1.191 -3.88201
1.194 -3.87784
1.197 -3.87369
1.2 -3.86956
1.203 -3.86545
1.206 -3.86136
1.209 -3.85728
1.212 -3.85321
1.215 -3.84917
1.218 -3.84514
1.221 -3.84113
1.224 -3.83713
1.227 -3.83315
1.23 -3.82919
1.233 -3.82524
1.236 -3.82131
1.239 -3.81739
1.242 -3.81349
1.245 -3.80961
1.248 -3.80574
1.251 -3.80189
1.254 -3.79805
1.257 -3.79423
1.26 -3.79043
1.263 -3.78664
1.266 -3.78286
1.269 -3.77911
1.272 -3.77536
1.275 -3.77163
1.278 -3.76792
1.281 -3.76422
1.284 -3.76053
1.287 -3.75686
1.29 -3.75321
1.293 -3.74957
1.296 -3.74594
1.299 -3.74233
1.302 -3.73873
1.305 -3.73515
1.308 -3.73158
1.311 -3.72803
1.314 -3.72449
1.317 -3.72096
1.32 -3.71745
1.323 -3.71395
1.326 -3.71046
1.329 -3.70699
1.332 -3.70353
1.335 -3.70009
1.338 -3.69666
1.341 -3.69324
1.344 -3.68984
1.347 -3.68645
1.35 -3.68307
1.353 -3.6797
1.356 -3.67635
1.359 -3.67301
1.362 -3.66969
1.365 -3.66638
1.368 -3.66308
1.371 -3.65979
1.374 -3.65651
1.377 -3.65325
1.38 -3.65
1.383 -3.64676
1.386 -3.64354
1.389 -3.64033
1.392 -3.63713
1.395 -3.63394
1.398 -3.63076
1.401 -3.6276
1.404 -3.62444
1.407 -3.6213
1.41 -3.61817
1.413 -3.61506
1.416 -3.61195
1.419 -3.60886
1.422 -3.60578
1.425 -3.60271
1.428 -3.59965
1.431 -3.5966
1.434 -3.59356
1.437 -3.59054
1.44 -3.58752
1.443 -3.58452
1.446 -3.58153
1.449 -3.57855
1.452 -3.57558
1.455 -3.57262
1.458 -3.56967
1.461 -3.56674
1.464 -3.56381
1.467 -3.56089
1.47 -3.55799
1.473 -3.55509
1.476 -3.55221
1.479 -3.54934
1.482 -3.54647
1.485 -3.54362
1.488 -3.54078
1.491 -3.53795
1.494 -3.53513
1.497 -3.53231
1.5 -3.52951
1.503 -3.52672
1.506 -3.52394
1.509 -3.52117
1.512 -3.51841
1.515 -3.51566
1.518 -3.51291
1.521 -3.51018
1.524 -3.50746
1.527 -3.50475
1.53 -3.50204
1.533 -3.49935
1.536 -3.49667
1.539 -3.49399
1.542 -3.49133
1.545 -3.48867
1.548 -3.48602
1.551 -3.48339
1.554 -3.48076
1.557 -3.47814
1.56 -3.47553
1.563 -3.47293
1.566 -3.47034
1.569 -3.46776
1.572 -3.46519
1.575 -3.46262
1.578 -3.46007
1.581 -3.45752
1.584 -3.45499
1.587 -3.45246
1.59 -3.44994
1.593 -3.44743
1.596 -3.44493
1.599 -3.44243
1.602 -3.43995
1.605 -3.43747
1.608 -3.43501
1.611 -3.43255
1.614 -3.4301
1.617 -3.42766
1.62 -3.42522
1.623 -3.4228
1.626 -3.42038
1.629 -3.41798
1.632 -3.41558
1.635 -3.41319
1.638 -3.4108
1.641 -3.40843
1.644 -3.40607
1.647 -3.40371
1.65 -3.40136
1.653 -3.39902
1.656 -3.39668
1.659 -3.39436
1.662 -3.39204
1.665 -3.38973
1.668 -3.38743
1.671 -3.38514
1.674 -3.38286
1.677 -3.38058
1.68 -3.37831
1.683 -3.37605
1.686 -3.3738
1.689 -3.37155
1.692 -3.36932
1.695 -3.36709
1.698 -3.36487
1.701 -3.36266
1.704 -3.36045
1.707 -3.35825
1.71 -3.35606
1.713 -3.35388
1.716 -3.35171
1.719 -3.34954
1.722 -3.34738
1.725 -3.34523
1.728 -3.34309
1.731 -3.34096
1.734 -3.33883
1.737 -3.33671
1.74 -3.3346
1.743 -3.3325
1.746 -3.3304
1.749 -3.32831
1.752 -3.32623
1.755 -3.32416
1.758 -3.32209
1.761 -3.32003
1.764 -3.31798
1.767 -3.31594
1.77 -3.31391
1.773 -3.31188
1.776 -3.30986
1.779 -3.30785
1.782 -3.30585
1.785 -3.30385
1.788 -3.30186
1.791 -3.29988
1.794 -3.29791
1.797 -3.29594
1.8 -3.29398
1.803 -3.29203
1.806 -3.29009
1.809 -3.28816
1.812 -3.28623
1.815 -3.28431
1.818 -3.2824
1.821 -3.28049
1.824 -3.2786
1.827 -3.27671
1.83 -3.27483
1.833 -3.27296
1.836 -3.27109
1.839 -3.26923
1.842 -3.26739
1.845 -3.26554
1.848 -3.26371
1.851 -3.26188
1.854 -3.26007
1.857 -3.25826
1.86 -3.25645
1.863 -3.25466
1.866 -3.25287
1.869 -3.25109
1.872 -3.24932
1.875 -3.24756
1.878 -3.2458
1.881 -3.24406
1.884 -3.24232
1.887 -3.24059
1.89 -3.23887
1.893 -3.23715
1.896 -3.23544
1.899 -3.23375
1.902 -3.23206
1.905 -3.23037
1.908 -3.2287
1.911 -3.22703
1.914 -3.22538
1.917 -3.22373
1.92 -3.22209
1.923 -3.22045
1.926 -3.21883
1.929 -3.21721
1.932 -3.21561
1.935 -3.21401
1.938 -3.21242
1.941 -3.21083
1.944 -3.20926
1.947 -3.20769
1.95 -3.20614
1.953 -3.20459
1.956 -3.20305
1.959 -3.20152
1.962 -3.2
1.965 -3.19848
1.968 -3.19698
1.971 -3.19548
1.974 -3.194
1.977 -3.19252
1.98 -3.19105
1.983 -3.18959
1.986 -3.18814
1.989 -3.18669
1.992 -3.18526
1.995 -3.18384
1.998 -3.18242
2.001 -3.18102
2.004 -3.17962
2.007 -3.17823
2.01 -3.17685
2.013 -3.17548
2.016 -3.17412
2.019 -3.17277
2.022 -3.17143
2.025 -3.1701
2.028 -3.16878
2.031 -3.16746
2.034 -3.16616
2.037 -3.16487
2.04 -3.16358
2.043 -3.16231
2.046 -3.16105
2.049 -3.15979
2.052 -3.15855
2.055 -3.15731
2.058 -3.15609
2.061 -3.15487
2.064 -3.15366
2.067 -3.15247
2.07 -3.15128
2.073 -3.15011
2.076 -3.14894
2.079 -3.14779
2.082 -3.14664
2.085 -3.14551
2.088 -3.14439
2.091 -3.14327
2.094 -3.14217
2.097 -3.14107
2.1 -3.13999
2.103 -3.13892
2.106 -3.13786
2.109 -3.13681
2.112 -3.13577
2.115 -3.13474
2.118 -3.13372
2.121 -3.13271
2.124 -3.13171
2.127 -3.13073
2.13 -3.12975
2.133 -3.12879
2.136 -3.12783
2.139 -3.12689
2.142 -3.12596
2.145 -3.12504
2.148 -3.12413
2.151 -3.12323
2.154 -3.12234
2.157 -3.12147
2.16 -3.1206
2.163 -3.11975
2.166 -3.11891
2.169 -3.11808
2.172 -3.11726
2.175 -3.11645
2.178 -3.11566
2.181 -3.11487
2.184 -3.1141
2.187 -3.11334
2.19 -3.11259
2.193 -3.11185
2.196 -3.11113
2.199 -3.11041
2.202 -3.10971
2.205 -3.10902
2.208 -3.10834
2.211 -3.10767
2.214 -3.10702
2.217 -3.10637
2.22 -3.10574
2.223 -3.10512
2.226 -3.10452
2.229 -3.10392
2.232 -3.10334
2.235 -3.10277
2.238 -3.10221
2.241 -3.10167
2.244 -3.10113
2.247 -3.10061
2.25 -3.1001
2.253 -3.0996
2.256 -3.09912
2.259 -3.09865
2.262 -3.09819
2.265 -3.09774
2.268 -3.0973
2.271 -3.09688
2.274 -3.09647
2.277 -3.09607
2.28 -3.09569
2.283 -3.09532
2.286 -3.09496
2.289 -3.09461
2.292 -3.09427
2.295 -3.09395
2.298 -3.09364
2.301 -3.09334
2.304 -3.09306
2.307 -3.09279
2.31 -3.09253
2.313 -3.09228
2.316 -3.09204
2.319 -3.09182
2.322 -3.09161
2.325 -3.09142
2.328 -3.09123
2.331 -3.09106
2.334 -3.0909
2.337 -3.09076
2.34 -3.09062
2.343 -3.0905
2.346 -3.0904
2.349 -3.0903
2.352 -3.09022
2.355 -3.09015
2.358 -3.09009
2.361 -3.09005
2.364 -3.09001
2.367 -3.08999
2.37 -3.08999
2.373 -3.08999
2.376 -3.09001
2.379 -3.09004
2.382 -3.09008
2.385 -3.09014
2.388 -3.09021
2.391 -3.09029
2.394 -3.09038
2.397 -3.09049
2.4 -3.0906
2.403 -3.09073
2.406 -3.09088
2.409 -3.09103
2.412 -3.0912
2.415 -3.09138
2.418 -3.09157
2.421 -3.09177
2.424 -3.09199
2.427 -3.09222
2.43 -3.09246
2.433 -3.09271
2.436 -3.09298
2.439 -3.09325
2.442 -3.09354
2.445 -3.09384
2.448 -3.09416
2.451 -3.09448
2.454 -3.09482
2.457 -3.09516
2.46 -3.09552
2.463 -3.0959
2.466 -3.09628
2.469 -3.09667
2.472 -3.09708
2.475 -3.0975
2.478 -3.09793
2.481 -3.09837
2.484 -3.09882
2.487 -3.09928
2.49 -3.09976
2.493 -3.10024
2.496 -3.10074
2.499 -3.10125
2.502 -3.10177
2.505 -3.1023
2.508 -3.10284
2.511 -3.10339
2.514 -3.10395
2.517 -3.10453
2.52 -3.10511
2.523 -3.10571
2.526 -3.10631
2.529 -3.10693
2.532 -3.10755
2.535 -3.10819
2.538 -3.10884
2.541 -3.10949
2.544 -3.11016
2.547 -3.11084
2.55 -3.11152
2.553 -3.11222
2.556 -3.11293
2.559 -3.11365
2.562 -3.11437
2.565 -3.11511
2.568 -3.11585
2.571 -3.11661
2.574 -3.11737
2.577 -3.11815
2.58 -3.11893
2.583 -3.11972
2.586 -3.12052
2.589 -3.12133
2.592 -3.12215
2.595 -3.12298
2.598 -3.12382
2.601 -3.12467
2.604 -3.12552
2.607 -3.12638
2.61 -3.12725
2.613 -3.12813
2.616 -3.12902
2.619 -3.12992
2.622 -3.13082
2.625 -3.13174
2.628 -3.13266
2.631 -3.13359
2.634 -3.13452
2.637 -3.13547
2.64 -3.13642
2.643 -3.13738
2.646 -3.13834
2.649 -3.13932
2.652 -3.1403
2.655 -3.14129
2.658 -3.14228
2.661 -3.14328
2.664 -3.14429
2.667 -3.14531
2.67 -3.14633
2.673 -3.14736
2.676 -3.1484
2.679 -3.14944
2.682 -3.15049
2.685 -3.15155
2.688 -3.15261
2.691 -3.15368
2.694 -3.15475
2.697 -3.15583
2.7 -3.15692
2.703 -3.15801
2.706 -3.15911
2.709 -3.16021
2.712 -3.16132
2.715 -3.16243
2.718 -3.16355
2.721 -3.16468
2.724 -3.16581
2.727 -3.16694
2.73 -3.16808
2.733 -3.16923
2.736 -3.17037
2.739 -3.17153
2.742 -3.17269
2.745 -3.17385
2.748 -3.17502
2.751 -3.17619
2.754 -3.17737
2.757 -3.17855
2.76 -3.17974
2.763 -3.18093
2.766 -3.18212
2.769 -3.18332
2.772 -3.18452
2.775 -3.18572
2.778 -3.18693
2.781 -3.18814
2.784 -3.18936
2.787 -3.19058
2.79 -3.1918
2.793 -3.19303
2.796 -3.19426
2.799 -3.19549
2.802 -3.19672
2.805 -3.19796
2.808 -3.1992
2.811 -3.20045
2.814 -3.20169
2.817 -3.20294
2.82 -3.20419
2.823 -3.20545
2.826 -3.2067
2.829 -3.20796
2.832 -3.20922
2.835 -3.21049
2.838 -3.21175
2.841 -3.21302
2.844 -3.21429
2.847 -3.21556
2.85 -3.21683
2.853 -3.21811
2.856 -3.21938
2.859 -3.22066
2.862 -3.22194
2.865 -3.22322
2.868 -3.2245
2.871 -3.22579
2.874 -3.22707
2.877 -3.22836
2.88 -3.22965
2.883 -3.23093
2.886 -3.23222
2.889 -3.23351
2.892 -3.23481
2.895 -3.2361
2.898 -3.23739
2.901 -3.23868
2.904 -3.23998
2.907 -3.24127
2.91 -3.24257
2.913 -3.24386
2.916 -3.24516
2.919 -3.24646
2.922 -3.24775
2.925 -3.24905
2.928 -3.25035
2.931 -3.25164
2.934 -3.25294
2.937 -3.25424
2.94 -3.25553
2.943 -3.25683
2.946 -3.25813
2.949 -3.25942
2.952 -3.26072
2.955 -3.26202
2.958 -3.26331
2.961 -3.26461
2.964 -3.2659
2.967 -3.2672
2.97 -3.26849
2.973 -3.26978
2.976 -3.27107
2.979 -3.27237
2.982 -3.27366
2.985 -3.27495
2.988 -3.27624
2.991 -3.27752
2.994 -3.27881
2.997 -3.2801
3 -3.28138
3.001 -10
