0 5
0.003 3.81477
0.006 3.81391
0.009 3.81304
0.012 3.81217
0.015 3.81129
0.018 3.81041
0.021 3.80952
0.024 3.80863
0.027 3.80774
0.03 3.80683
0.033 3.80592
0.036 3.80501
0.039 3.80409
0.042 3.80317
0.045 3.80224
0.048 3.8013
0.051 3.80036
0.054 3.79942
0.057 3.79847
0.06 3.79751
0.063 3.79655
0.066 3.79558
0.069 3.7946
0.072 3.79363
0.075 3.79264
0.078 3.79165
0.081 3.79066
0.084 3.78965
0.087 3.78865
0.09 3.78763
0.093 3.78662
0.096 3.78559
0.099 3.78456
0.102 3.78353
0.105 3.78249
0.108 3.78144
0.111 3.78039
0.114 3.77933
0.117 3.77826
0.12 3.77719
0.123 3.77612
0.126 3.77504
0.129 3.77395
0.132 3.77286
0.135 3.77176
0.138 3.77065
0.141 3.76954
0.144 3.76843
0.147 3.7673
0.15 3.76618
0.153 3.76504
0.156 3.7639
0.159 3.76276
0.162 3.7616
0.165 3.76045
0.168 3.75928
0.171 3.75811
0.174 3.75694
0.177 3.75575
0.18 3.75457
0.183 3.75337
0.186 3.75217
0.189 3.75097
0.192 3.74975
0.195 3.74853
0.198 3.74731
0.201 3.74608
0.204 3.74484
0.207 3.7436
0.21 3.74235
0.213 3.7411
0.216 3.73984
0.219 3.73857
0.222 3.73729
0.225 3.73602
0.228 3.73473
0.231 3.73344
0.234 3.73214
0.237 3.73083
0.24 3.72952
0.243 3.72821
0.246 3.72688
0.249 3.72555
0.252 3.72422
0.255 3.72288
0.258 3.72153
0.261 3.72017
0.264 3.71881
0.267 3.71745
0.27 3.71607
0.273 3.71469
0.276 3.71331
0.279 3.71191
0.282 3.71052
0.285 3.70911
0.288 3.7077
0.291 3.70628
0.294 3.70486
0.297 3.70343
0.3 3.70199
0.303 3.70055
0.306 3.6991
0.309 3.69764
0.312 3.69618
0.315 3.69471
0.318 3.69324
0.321 3.69175
0.324 3.69027
0.327 3.68877
0.33 3.68727
0.333 3.68576
0.336 3.68425
0.339 3.68273
0.342 3.6812
0.345 3.67967
0.348 3.67813
0.351 3.67659
0.354 3.67504
0.357 3.67348
0.36 3.67191
0.363 3.67034
0.366 3.66877
0.369 3.66718
0.372 3.66559
0.375 3.664
0.378 3.6624
0.381 3.66079
0.384 3.65917
0.387 3.65755
0.39 3.65592
0.393 3.65429
0.396 3.65265
0.399 3.65101
0.402 3.64936
0.405 3.6477
0.408 3.64603
0.411 3.64436
0.414 3.64269
0.417 3.64101
0.42 3.63932
0.423 3.63762
0.426 3.63592
0.429 3.63422
0.432 3.63251
0.435 3.63079
0.438 3.62907
0.441 3.62734
0.444 3.6256
0.447 3.62386
0.45 3.62211
0.453 3.62036
0.456 3.61861
0.459 3.61684
0.462 3.61507
0.465 3.6133
0.468 3.61152
0.471 3.60974
0.474 3.60795
0.477 3.60615
0.48 3.60435
0.483 3.60255
0.486 3.60073
0.489 3.59892
0.492 3.5971
0.495 3.59527
0.498 3.59344
0.501 3.59161
0.504 3.58977
0.507 3.58792
0.51 3.58607
0.513 3.58422
0.516 3.58236
0.519 3.5805
0.522 3.57863
0.525 3.57676
0.528 3.57488
0.531 3.573
0.534 3.57112
0.537 3.56923
0.54 3.56733
0.543 3.56544
0.546 3.56354
0.549 3.56163
0.552 3.55973
0.555 3.55781
0.558 3.5559
0.561 3.55398
0.564 3.55206
0.567 3.55013
0.57 3.5482
0.573 3.54627
0.576 3.54434
0.579 3.5424
0.582 3.54046
0.585 3.53851
0.588 3.53657
0.591 3.53462
0.594 3.53267
0.597 3.53071
0.6 3.52875
0.603 3.52679
0.606 3.52483
0.609 3.52287
0.612 3.5209
0.615 3.51893
0.618 3.51696
0.621 3.51499
0.624 3.51302
0.627 3.51104
0.63 3.50906
0.633 3.50708
0.636 3.5051
0.639 3.50312
0.642 3.50114
0.645 3.49915
0.648 3.49716
0.651 3.49518
0.654 3.49319
0.657 3.4912
0.66 3.48921
0.663 3.48722
0.666 3.48523
0.669 3.48323
0.672 3.48124
0.675 3.47925
0.678 3.47725
0.681 3.47526
0.684 3.47326
0.687 3.47127
0.69 3.46927
0.693 3.46727
0.696 3.46528
0.699 3.46328
0.702 3.46129
0.705 3.45929
0.708 3.4573
0.711 3.4553
0.714 3.45331
0.717 3.45132
0.72 3.44932
0.723 3.44733
0.726 3.44534
0.729 3.44335
0.732 3.44136
0.735 3.43937
0.738 3.43738
0.741 3.43539
0.744 3.43341
0.747 3.43142
0.75 3.42944
0.753 3.42745
0.756 3.42547
0.759 3.42349
0.762 3.42151
0.765 3.41954
0.768 3.41756
0.771 3.41559
0.774 3.41361
0.777 3.41164
0.78 3.40967
0.783 3.40771
0.786 3.40574
0.789 3.40378
0.792 3.40182
0.795 3.39986
0.798 3.3979
0.801 3.39594
0.804 3.39399
0.807 3.39204
0.81 3.39009
0.813 3.38814
0.816 3.3862
0.819 3.38426
0.822 3.38232
0.825 3.38038
0.828 3.37844
0.831 3.37651
0.834 3.37458
0.837 3.37265
0.84 3.37073
0.843 3.36881
0.846 3.36689
0.849 3.36497
0.852 3.36306
0.855 3.36114
0.858 3.35924
0.861 3.35733
0.864 3.35543
0.867 3.35353
0.87 3.35163
0.873 3.34974
0.876 3.34784
0.879 3.34596
0.882 3.34407
0.885 3.34219
0.888 3.34031
0.891 3.33843
0.894 3.33656
0.897 3.33469
0.9 3.33282
0.903 3.33096
0.906 3.3291
0.909 3.32724
0.912 3.32539
0.915 3.32354
0.918 3.32169
0.921 3.31984
0.924 3.318
0.927 3.31617
0.93 3.31433
0.933 3.3125
0.936 3.31067
0.939 3.30885
0.942 3.30703
0.945 3.30521
0.948 3.30339
0.951 3.30158
0.954 3.29977
0.957 3.29797
0.96 3.29617
0.963 3.29437
0.966 3.29257
0.969 3.29078
0.972 3.289
0.975 3.28721
0.978 3.28543
0.981 3.28365
0.984 3.28188
0.987 3.28011
0.99 3.27834
0.993 3.27658
0.996 3.27482
0.999 3.27306
1.002 3.27131
1.005 3.26956
1.008 3.26781
1.011 3.26607
1.014 3.26433
1.017 3.26259
1.02 3.26085
1.023 3.25913
1.026 3.2574
1.029 3.25568
1.032 3.25396
1.035 3.25224
1.038 3.25053
1.041 3.24882
1.044 3.24711
1.047 3.24541
1.05 3.24371
1.053 3.24201
1.056 3.24032
1.059 3.23863
1.062 3.23694
1.065 3.23526
1.068 3.23358
1.071 3.2319
1.074 3.23023
1.077 3.22856
1.08 3.22689
1.083 3.22522
1.086 3.22356
1.089 3.22191
1.092 3.22025
1.095 3.2186
1.098 3.21695
1.101 3.21531
1.104 3.21366
1.107 3.21202
1.11 3.21039
1.113 3.20876
1.116 3.20713
1.119 3.2055
1.122 3.20388
1.125 3.20226
1.128 3.20064
1.131 3.19902
1.134 3.19741
1.137 3.1958
1.14 3.1942
1.143 3.19259
1.146 3.19099
1.149 3.18939
1.152 3.1878
1.155 3.18621
1.158 3.18462
1.161 3.18303
1.164 3.18145
1.167 3.17987
1.17 3.17829
1.173 3.17671
1.176 3.17514
1.179 3.17357
1.182 3.172
1.185 3.17044
1.188 3.16888
1.191 3.16732
1.194 3.16576
1.197 3.16421
1.2 3.16265
1.203 3.1611
1.206 3.15956
1.209 3.15801
1.212 3.15647
1.215 3.15493
1.218 3.15339
1.221 3.15186
1.224 3.15032
1.227 3.14879
1.23 3.14726
1.233 3.14574
1.236 3.14421
1.239 3.14269
1.242 3.14117
1.245 3.13965
1.248 3.13814
1.251 3.13663
1.254 3.13511
1.257 3.13361
1.26 3.1321
1.263 3.13059
1.266 3.12909
1.269 3.12759
1.272 3.12609
1.275 3.12459
1.278 3.1231
1.281 3.1216
1.284 3.12011
1.287 3.11862
1.29 3.11713
1.293 3.11565
1.296 3.11416
1.299 3.11268
1.302 3.1112
1.305 3.10972
1.308 3.10824
1.311 3.10676
1.314 3.10529
1.317 3.10381
1.32 3.10234
1.323 3.10087
1.326 3.0994
1.329 3.09793
1.332 3.09647
1.335 3.095
1.338 3.09354
1.341 3.09208
1.344 3.09062
1.347 3.08916
1.35 3.0877
1.353 3.08624
1.356 3.08478
1.359 3.08333
1.362 3.08188
1.365 3.08042
1.368 3.07897
1.371 3.07752
1.374 3.07607
1.377 3.07462
1.38 3.07318
1.383 3.07173
1.386 3.07028
1.389 3.06884
1.392 3.0674
1.395 3.06595
1.398 3.06451
1.401 3.06307
1.404 3.06163
1.407 3.06019
1.41 3.05875
1.413 3.05731
1.416 3.05588
1.419 3.05444
1.422 3.053
1.425 3.05157
1.428 3.05013
1.431 3.0487
1.434 3.04726
1.437 3.04583
1.44 3.0444
1.443 3.04296
1.446 3.04153
1.449 3.0401
1.452 3.03867
1.455 3.03724
1.458 3.03581
1.461 3.03438
1.464 3.03295
1.467 3.03152
1.47 3.03009
1.473 3.02866
1.476 3.02723
1.479 3.02581
1.482 3.02438
1.485 3.02295
1.488 3.02152
1.491 3.02009
1.494 3.01867
1.497 3.01724
1.5 3.01581
1.503 3.01438
1.506 3.01296
1.509 3.01153
1.512 3.0101
1.515 3.00867
1.518 3.00725
1.521 3.00582
1.524 3.00439
1.527 3.00296
1.53 3.00154
1.533 3.00011
1.536 2.99868
1.539 2.99725
1.542 2.99583
1.545 2.9944
1.548 2.99297
1.551 2.99154
1.554 2.99011
1.557 2.98868
1.56 2.98725
1.563 2.98582
1.566 2.98439
1.569 2.98296
1.572 2.98153
1.575 2.9801
1.578 2.97867
1.581 2.97724
1.584 2.97581
1.587 2.97438
1.59 2.97295
1.593 2.97152
1.596 2.97009
1.599 2.96865
1.602 2.96722
1.605 2.96579
1.608 2.96435
1.611 2.96292
1.614 2.96149
1.617 2.96005
1.62 2.95862
1.623 2.95718
1.626 2.95575
1.629 2.95431
1.632 2.95288
1.635 2.95144
1.638 2.95001
1.641 2.94857
1.644 2.94713
1.647 2.9457
1.65 2.94426
1.653 2.94282
1.656 2.94138
1.659 2.93995
1.662 2.93851
1.665 2.93707
1.668 2.93563
1.671 2.93419
1.674 2.93276
1.677 2.93132
1.68 2.92988
1.683 2.92844
1.686 2.927
1.689 2.92556
1.692 2.92412
1.695 2.92268
1.698 2.92124
1.701 2.91981
1.704 2.91837
1.707 2.91693
1.71 2.91549
1.713 2.91405
1.716 2.91261
1.719 2.91117
1.722 2.90974
1.725 2.9083
1.728 2.90686
1.731 2.90542
1.734 2.90399
1.737 2.90255
1.74 2.90111
1.743 2.89968
1.746 2.89824
1.749 2.89681
1.752 2.89537
1.755 2.89394
1.758 2.89251
1.761 2.89107
1.764 2.88964
1.767 2.88821
1.77 2.88678
1.773 2.88535
1.776 2.88392
1.779 2.8825
1.782 2.88107
1.785 2.87964
1.788 2.87822
1.791 2.8768
1.794 2.87537
1.797 2.87395
1.8 2.87253
1.803 2.87112
1.806 2.8697
1.809 2.86828
1.812 2.86687
1.815 2.86546
1.818 2.86404
1.821 2.86263
1.824 2.86123
1.827 2.85982
1.83 2.85842
1.833 2.85701
1.836 2.85561
1.839 2.85421
1.842 2.85282
1.845 2.85142
1.848 2.85003
1.851 2.84864
1.854 2.84725
1.857 2.84587
1.86 2.84448
1.863 2.8431
1.866 2.84172
1.869 2.84035
1.872 2.83897
1.875 2.8376
1.878 2.83624
1.881 2.83487
1.884 2.83351
1.887 2.83215
1.89 2.83079
1.893 2.82944
1.896 2.82809
1.899 2.82675
1.902 2.8254
1.905 2.82406
1.908 2.82273
1.911 2.8214
1.914 2.82007
1.917 2.81874
1.92 2.81742
1.923 2.8161
1.926 2.81479
1.929 2.81348
1.932 2.81217
1.935 2.81087
1.938 2.80958
1.941 2.80828
1.944 2.80699
1.947 2.80571
1.95 2.80443
1.953 2.80316
1.956 2.80188
1.959 2.80062
1.962 2.79936
1.965 2.7981
1.968 2.79685
1.971 2.7956
1.974 2.79436
1.977 2.79313
1.98 2.79189
1.983 2.79067
1.986 2.78945
1.989 2.78823
1.992 2.78702
1.995 2.78582
1.998 2.78462
2.001 2.78343
2.004 2.78224
2.007 2.78106
2.01 2.77988
2.013 2.77871
2.016 2.77755
2.019 2.77639
2.022 2.77524
2.025 2.77409
2.028 2.77295
2.031 2.77182
2.034 2.77069
2.037 2.76957
2.04 2.76846
2.043 2.76735
2.046 2.76625
2.049 2.76515
2.052 2.76407
2.055 2.76298
2.058 2.76191
2.061 2.76084
2.064 2.75978
2.067 2.75873
2.07 2.75768
2.073 2.75664
2.076 2.75561
2.079 2.75458
2.082 2.75356
2.085 2.75255
2.088 2.75155
2.091 2.75055
2.094 2.74956
2.097 2.74858
2.1 2.7476
2.103 2.74664
2.106 2.74568
2.109 2.74472
2.112 2.74378
2.115 2.74284
2.118 2.74191
2.121 2.74099
2.124 2.74007
2.127 2.73916
2.13 2.73826
2.133 2.73737
2.136 2.73649
2.139 2.73561
2.142 2.73474
2.145 2.73388
2.148 2.73303
2.151 2.73218
2.154 2.73134
2.157 2.73051
2.16 2.72969
2.163 2.72888
2.166 2.72807
2.169 2.72727
2.172 2.72648
2.175 2.7257
2.178 2.72492
2.181 2.72416
2.184 2.7234
2.187 2.72265
2.19 2.7219
2.193 2.72117
2.196 2.72044
2.199 2.71972
2.202 2.71901
2.205 2.7183
2.208 2.7176
2.211 2.71692
2.214 2.71623
2.217 2.71556
2.22 2.7149
2.223 2.71424
2.226 2.71359
2.229 2.71295
2.232 2.71231
2.235 2.71168
2.238 2.71107
2.241 2.71045
2.244 2.70985
2.247 2.70925
2.25 2.70866
2.253 2.70808
2.256 2.70751
2.259 2.70694
2.262 2.70639
2.265 2.70583
2.268 2.70529
2.271 2.70475
2.274 2.70423
2.277 2.7037
2.28 2.70319
2.283 2.70268
2.286 2.70218
2.289 2.70169
2.292 2.7012
2.295 2.70072
2.298 2.70025
2.301 2.69979
2.304 2.69933
2.307 2.69888
2.31 2.69844
2.313 2.698
2.316 2.69757
2.319 2.69715
2.322 2.69673
2.325 2.69632
2.328 2.69592
2.331 2.69552
2.334 2.69513
2.337 2.69475
2.34 2.69437
2.343 2.694
2.346 2.69364
2.349 2.69328
2.352 2.69293
2.355 2.69258
2.358 2.69224
2.361 2.69191
2.364 2.69158
2.367 2.69126
2.37 2.69095
2.373 2.69064
2.376 2.69034
2.379 2.69004
2.382 2.68975
2.385 2.68946
2.388 2.68918
2.391 2.68891
2.394 2.68864
2.397 2.68837
2.4 2.68812
2.403 2.68786
2.406 2.68762
2.409 2.68737
2.412 2.68714
2.415 2.6869
2.418 2.68668
2.421 2.68646
2.424 2.68624
2.427 2.68603
2.43 2.68582
2.433 2.68562
2.436 2.68542
2.439 2.68523
2.442 2.68505
2.445 2.68486
2.448 2.68468
2.451 2.68451
2.454 2.68434
2.457 2.68418
2.46 2.68402
2.463 2.68386
2.466 2.68371
2.469 2.68356
2.472 2.68342
2.475 2.68328
2.478 2.68315
2.481 2.68302
2.484 2.68289
2.487 2.68277
2.49 2.68265
2.493 2.68253
2.496 2.68242
2.499 2.68232
2.502 2.68221
2.505 2.68211
2.508 2.68201
2.511 2.68192
2.514 2.68183
2.517 2.68175
2.52 2.68166
2.523 2.68158
2.526 2.68151
2.529 2.68144
2.532 2.68137
2.535 2.6813
2.538 2.68124
2.541 2.68118
2.544 2.68112
2.547 2.68107
2.55 2.68101
2.553 2.68097
2.556 2.68092
2.559 2.68088
2.562 2.68084
2.565 2.6808
2.568 2.68077
2.571 2.68074
2.574 2.68071
2.577 2.68068
2.58 2.68066
2.583 2.68063
2.586 2.68062
2.589 2.6806
2.592 2.68059
2.595 2.68057
2.598 2.68056
2.601 2.68056
2.604 2.68055
2.607 2.68055
2.61 2.68055
2.613 2.68055
2.616 2.68055
2.619 2.68056
2.622 2.68056
2.625 2.68057
2.628 2.68059
2.631 2.6806
2.634 2.68061
2.637 2.68063
2.64 2.68065
2.643 2.68067
2.646 2.68069
2.649 2.68072
2.652 2.68074
2.655 2.68077
2.658 2.6808
2.661 2.68083
2.664 2.68086
2.667 2.68089
2.67 2.68093
2.673 2.68096
2.676 2.681
2.679 2.68104
2.682 2.68108
2.685 2.68112
2.688 2.68117
2.691 2.68121
2.694 2.68126
2.697 2.6813
2.7 2.68135
2.703 2.6814
2.706 2.68145
2.709 2.6815
2.712 2.68156
2.715 2.68161
2.718 2.68167
2.721 2.68172
2.724 2.68178
2.727 2.68184
2.73 2.6819
2.733 2.68196
2.736 2.68202
2.739 2.68208
2.742 2.68214
2.745 2.68221
2.748 2.68227
2.751 2.68234
2.754 2.6824
2.757 2.68247
2.76 2.68254
2.763 2.68261
2.766 2.68268
2.769 2.68275
2.772 2.68282
2.775 2.68289
2.778 2.68296
2.781 2.68303
2.784 2.68311
2.787 2.68318
2.79 2.68325
2.793 2.68333
2.796 2.6834
2.799 2.68348
2.802 2.68356
2.805 2.68363
2.808 2.68371
2.811 2.68379
2.814 2.68387
2.817 2.68395
2.82 2.68403
2.823 2.68411
2.826 2.68419
2.829 2.68427
2.832 2.68435
2.835 2.68443
2.838 2.68451
2.841 2.6846
2.844 2.68468
2.847 2.68476
2.85 2.68484
2.853 2.68493
2.856 2.68501
2.859 2.6851
2.862 2.68518
2.865 2.68527
2.868 2.68535
2.871 2.68544
2.874 2.68552
2.877 2.68561
2.88 2.68569
2.883 2.68578
2.886 2.68586
2.889 2.68595
2.892 2.68604
2.895 2.68612
2.898 2.68621
2.901 2.6863
2.904 2.68638
2.907 2.68647
2.91 2.68656
2.913 2.68665
2.916 2.68673
2.919 2.68682
2.922 2.68691
2.925 2.687
2.928 2.68708
2.931 2.68717
2.934 2.68726
2.937 2.68735
2.94 2.68744
2.943 2.68752
2.946 2.68761
2.949 2.6877
2.952 2.68779
2.955 2.68788
2.958 2.68796
2.961 2.68805
2.964 2.68814
2.967 2.68823
2.97 2.68832
2.973 2.6884
2.976 2.68849
2.979 2.68858
2.982 2.68867
2.985 2.68875
2.988 2.68884
2.991 2.68893
2.994 2.68902
2.997 2.6891
3 2.68919
3.001 5
