0 0
0.003 0.672546
0.006 0.675901
0.009 0.679281
0.012 0.682684
0.015 0.686113
0.018 0.689566
0.021 0.693043
0.024 0.696546
0.027 0.700074
0.03 0.703627
0.033 0.707204
0.036 0.710808
0.039 0.714436
0.042 0.71809
0.045 0.72177
0.048 0.725475
0.051 0.729206
0.054 0.732963
0.057 0.736746
0.06 0.740555
0.063 0.744389
0.066 0.748251
0.069 0.752138
0.072 0.756051
0.075 0.759991
0.078 0.763958
0.081 0.767951
0.084 0.77197
0.087 0.776016
0.09 0.780089
0.093 0.784188
0.096 0.788315
0.099 0.792468
0.102 0.796648
0.105 0.800854
0.108 0.805088
0.111 0.809349
0.114 0.813637
0.117 0.817952
0.12 0.822294
0.123 0.826663
0.126 0.831059
0.129 0.835482
0.132 0.839933
0.135 0.84441
0.138 0.848915
0.141 0.853446
0.144 0.858005
0.147 0.862591
0.15 0.867204
0.153 0.871845
0.156 0.876512
0.159 0.881206
0.162 0.885928
0.165 0.890676
0.168 0.895451
0.171 0.900253
0.174 0.905082
0.177 0.909938
0.18 0.91482
0.183 0.91973
0.186 0.924665
0.189 0.929628
0.192 0.934617
0.195 0.939632
0.198 0.944674
0.201 0.949742
0.204 0.954836
0.207 0.959956
0.21 0.965102
0.213 0.970274
0.216 0.975472
0.219 0.980695
0.222 0.985944
0.225 0.991218
0.228 0.996518
0.231 1.00184
0.234 1.00719
0.237 1.01257
0.24 1.01797
0.243 1.02339
0.246 1.02884
0.249 1.03431
0.252 1.03981
0.255 1.04533
0.258 1.05088
0.261 1.05645
0.264 1.06204
0.267 1.06765
0.27 1.07329
0.273 1.07895
0.276 1.08464
0.279 1.09035
0.282 1.09608
0.285 1.10183
0.288 1.1076
0.291 1.1134
0.294 1.11922
0.297 1.12505
0.3 1.13092
0.303 1.1368
0.306 1.1427
0.309 1.14862
0.312 1.15456
0.315 1.16053
0.318 1.16651
0.321 1.17251
0.324 1.17853
0.327 1.18457
0.33 1.19064
0.333 1.19671
0.336 1.20281
0.339 1.20893
0.342 1.21506
0.345 1.22121
0.348 1.22738
0.351 1.23357
0.354 1.23977
0.357 1.24599
0.36 1.25222
0.363 1.25848
0.366 1.26474
0.369 1.27103
0.372 1.27733
0.375 1.28364
0.378 1.28997
0.381 1.29632
0.384 1.30267
0.387 1.30905
0.39 1.31543
0.393 1.32183
0.396 1.32824
0.399 1.33467
0.402 1.34111
0.405 1.34756
0.408 1.35402
0.411 1.3605
0.414 1.36699
0.417 1.37348
0.42 1.37999
0.423 1.38651
0.426 1.39304
0.429 1.39959
0.432 1.40614
0.435 1.4127
0.438 1.41927
0.441 1.42585
0.444 1.43243
0.447 1.43903
0.45 1.44564
0.453 1.45225
0.456 1.45887
0.459 1.4655
0.462 1.47214
0.465 1.47878
0.468 1.48543
0.471 1.49208
0.474 1.49875
0.477 1.50541
0.48 1.51209
0.483 1.51877
0.486 1.52545
0.489 1.53214
0.492 1.53883
0.495 1.54553
0.498 1.55223
0.501 1.55894
0.504 1.56565
0.507 1.57236
0.51 1.57908
0.513 1.5858
0.516 1.59252
0.519 1.59924
0.522 1.60597
0.525 1.61269
0.528 1.61942
0.531 1.62615
0.534 1.63288
0.537 1.63962
0.54 1.64635
0.543 1.65308
0.546 1.65981
0.549 1.66655
0.552 1.67328
0.555 1.68001
0.558 1.68674
0.561 1.69347
0.564 1.7002
0.567 1.70692
0.57 1.71365
0.573 1.72037
0.576 1.72709
0.579 1.73381
0.582 1.74052
0.585 1.74724
0.588 1.75394
0.591 1.76065
0.594 1.76735
0.597 1.77405
0.6 1.78074
0.603 1.78743
0.606 1.79412
0.609 1.8008
0.612 1.80748
0.615 1.81415
0.618 1.82081
0.621 1.82747
0.624 1.83413
0.627 1.84077
0.63 1.84742
0.633 1.85405
0.636 1.86068
0.639 1.86731
0.642 1.87392
0.645 1.88053
0.648 1.88713
0.651 1.89373
0.654 1.90032
0.657 1.9069
0.66 1.91347
0.663 1.92003
0.666 1.92659
0.669 1.93314
0.672 1.93967
0.675 1.9462
0.678 1.95273
0.681 1.95924
0.684 1.96574
0.687 1.97224
0.69 1.97872
0.693 1.9852
0.696 1.99166
0.699 1.99812
0.702 2.00456
0.705 2.011
0.708 2.01742
0.711 2.02384
0.714 2.03024
0.717 2.03663
0.72 2.04302
0.723 2.04939
0.726 2.05575
0.729 2.0621
0.732 2.06844
0.735 2.07476
0.738 2.08108
0.741 2.08738
0.744 2.09368
0.747 2.09996
0.75 2.10623
0.753 2.11248
0.756 2.11873
0.759 2.12496
0.762 2.13118
0.765 2.13739
0.768 2.14358
0.771 2.14977
0.774 2.15594
0.777 2.16209
0.78 2.16824
0.783 2.17437
0.786 2.18049
0.789 2.1866
0.792 2.19269
0.795 2.19877
0.798 2.20483
0.801 2.21089
0.804 2.21693
0.807 2.22295
0.81 2.22897
0.813 2.23497
0.816 2.24095
0.819 2.24693
0.822 2.25289
0.825 2.25883
0.828 2.26476
0.831 2.27068
0.834 2.27658
0.837 2.28248
0.84 2.28835
0.843 2.29421
0.846 2.30006
0.849 2.3059
0.852 2.31172
0.855 2.31752
0.858 2.32332
0.861 2.3291
0.864 2.33486
0.867 2.34061
0.87 2.34635
0.873 2.35207
0.876 2.35778
0.879 2.36347
0.882 2.36915
0.885 2.37481
0.888 2.38047
0.891 2.3861
0.894 2.39173
0.897 2.39733
0.9 2.40293
0.903 2.40851
0.906 2.41408
0.909 2.41963
0.912 2.42516
0.915 2.43069
0.918 2.4362
0.921 2.44169
0.924 2.44717
0.927 2.45264
0.93 2.45809
0.933 2.46353
0.936 2.46896
0.939 2.47437
0.942 2.47976
0.945 2.48515
0.948 2.49051
0.951 2.49587
0.954 2.50121
0.957 2.50654
0.96 2.51185
0.963 2.51715
0.966 2.52243
0.969 2.5277
0.972 2.53296
0.975 2.53821
0.978 2.54344
0.981 2.54865
0.984 2.55385
0.987 2.55904
0.99 2.56422
0.993 2.56938
0.996 2.57453
0.999 2.57967
1.002 2.58479
1.005 2.5899
1.008 2.59499
1.011 2.60007
1.014 2.60514
1.017 2.6102
1.02 2.61524
1.023 2.62027
1.026 2.62528
1.029 2.63029
1.032 2.63528
1.035 2.64026
1.038 2.64522
1.041 2.65017
1.044 2.65511
1.047 2.66004
1.05 2.66495
1.053 2.66985
1.056 2.67474
1.059 2.67962
1.062 2.68448
1.065 2.68933
1.068 2.69417
1.071 2.699
1.074 2.70382
1.077 2.70862
1.08 2.71341
1.083 2.71819
1.086 2.72296
1.089 2.72771
1.092 2.73246
1.095 2.73719
1.098 2.74191
1.101 2.74662
1.104 2.75131
1.107 2.756
1.11 2.76067
1.113 2.76534
1.116 2.76999
1.119 2.77463
1.122 2.77926
1.125 2.78388
1.128 2.78849
1.131 2.79308
1.134 2.79767
1.137 2.80225
1.14 2.80681
1.143 2.81136
1.146 2.81591
1.149 2.82044
1.152 2.82496
1.155 2.82948
1.158 2.83398
1.161 2.83847
1.164 2.84295
1.167 2.84743
1.17 2.85189
1.173 2.85634
1.176 2.86078
1.179 2.86522
1.182 2.86964
1.185 2.87405
1.188 2.87846
1.191 2.88285
1.194 2.88724
1.197 2.89161
1.2 2.89598
1.203 2.90034
1.206 2.90469
1.209 2.90903
1.212 2.91336
1.215 2.91768
1.218 2.92199
1.221 2.9263
1.224 2.9306
1.227 2.93488
1.23 2.93916
1.233 2.94344
1.236 2.9477
1.239 2.95195
1.242 2.9562
1.245 2.96044
1.248 2.96467
1.251 2.96889
1.254 2.97311
1.257 2.97732
1.26 2.98152
1.263 2.98571
1.266 2.9899
1.269 2.99407
1.272 2.99825
1.275 3.00241
1.278 3.00657
1.281 3.01072
1.284 3.01486
1.287 3.01899
1.29 3.02312
1.293 3.02724
1.296 3.03136
1.299 3.03547
1.302 3.03957
1.305 3.04367
1.308 3.04776
1.311 3.05184
1.314 3.05592
1.317 3.05999
1.32 3.06406
1.323 3.06812
1.326 3.07217
1.329 3.07622
1.332 3.08026
1.335 3.0843
1.338 3.08833
1.341 3.09235
1.344 3.09638
1.347 3.10039
1.35 3.1044
1.353 3.10841
1.356 3.11241
1.359 3.1164
1.362 3.12039
1.365 3.12438
1.368 3.12836
1.371 3.13233
1.374 3.1363
1.377 3.14027
1.38 3.14423
1.383 3.14819
1.386 3.15214
1.389 3.15609
1.392 3.16004
1.395 3.16398
1.398 3.16792
1.401 3.17185
1.404 3.17578
1.407 3.17971
1.41 3.18363
1.413 3.18755
1.416 3.19146
1.419 3.19538
1.422 3.19928
1.425 3.20319
1.428 3.20709
1.431 3.21099
1.434 3.21488
1.437 3.21877
1.44 3.22266
1.443 3.22655
1.446 3.23043
1.449 3.23431
1.452 3.23819
1.455 3.24207
1.458 3.24594
1.461 3.24981
1.464 3.25367
1.467 3.25754
1.47 3.2614
1.473 3.26526
1.476 3.26912
1.479 3.27297
1.482 3.27683
1.485 3.28068
1.488 3.28453
1.491 3.28837
1.494 3.29222
1.497 3.29606
1.5 3.2999
1.503 3.30374
1.506 3.30758
1.509 3.31141
1.512 3.31525
1.515 3.31908
1.518 3.32291
1.521 3.32674
1.524 3.33057
1.527 3.33439
1.53 3.33822
1.533 3.34204
1.536 3.34586
1.539 3.34968
1.542 3.3535
1.545 3.35732
1.548 3.36114
1.551 3.36495
1.554 3.36877
1.557 3.37258
1.56 3.37639
1.563 3.3802
1.566 3.38401
1.569 3.38782
1.572 3.39163
1.575 3.39544
1.578 3.39924
1.581 3.40304
1.584 3.40685
1.587 3.41065
1.59 3.41445
1.593 3.41825
1.596 3.42205
1.599 3.42585
1.602 3.42965
1.605 3.43344
1.608 3.43724
1.611 3.44103
1.614 3.44483
1.617 3.44862
1.62 3.45241
1.623 3.4562
1.626 3.45999
1.629 3.46378
1.632 3.46757
1.635 3.47135
1.638 3.47514
1.641 3.47892
1.644 3.48271
1.647 3.48649
1.65 3.49027
1.653 3.49405
1.656 3.49783
1.659 3.5016
1.662 3.50538
1.665 3.50915
1.668 3.51293
1.671 3.5167
1.674 3.52047
1.677 3.52424
1.68 3.528
1.683 3.53177
1.686 3.53553
1.689 3.53929
1.692 3.54305
1.695 3.54681
1.698 3.55057
1.701 3.55432
1.704 3.55808
1.707 3.56183
1.71 3.56557
1.713 3.56932
1.716 3.57306
1.719 3.57681
1.722 3.58054
1.725 3.58428
1.728 3.58802
1.731 3.59175
1.734 3.59547
1.737 3.5992
1.74 3.60292
1.743 3.60664
1.746 3.61036
1.749 3.61407
1.752 3.61778
1.755 3.62149
1.758 3.62519
1.761 3.62889
1.764 3.63259
1.767 3.63628
1.77 3.63997
1.773 3.64365
1.776 3.64733
1.779 3.65101
1.782 3.65468
1.785 3.65834
1.788 3.662
1.791 3.66566
1.794 3.66931
1.797 3.67296
1.8 3.6766
1.803 3.68024
1.806 3.68387
1.809 3.6875
1.812 3.69112
1.815 3.69473
1.818 3.69834
1.821 3.70194
1.824 3.70554
1.827 3.70913
1.83 3.71272
1.833 3.71629
1.836 3.71986
1.839 3.72343
1.842 3.72698
1.845 3.73053
1.848 3.73407
1.851 3.73761
1.854 3.74113
1.857 3.74465
1.86 3.74816
1.863 3.75167
1.866 3.75516
1.869 3.75865
1.872 3.76213
1.875 3.7656
1.878 3.76906
1.881 3.77251
1.884 3.77595
1.887 3.77938
1.89 3.78281
1.893 3.78622
1.896 3.78962
1.899 3.79302
1.902 3.7964
1.905 3.79977
1.908 3.80314
1.911 3.80649
1.914 3.80983
1.917 3.81316
1.92 3.81648
1.923 3.81979
1.926 3.82309
1.929 3.82637
1.932 3.82965
1.935 3.83291
1.938 3.83616
1.941 3.8394
1.944 3.84262
1.947 3.84584
1.95 3.84904
1.953 3.85222
1.956 3.8554
1.959 3.85856
1.962 3.86171
1.965 3.86485
1.968 3.86797
1.971 3.87108
1.974 3.87417
1.977 3.87725
1.98 3.88032
1.983 3.88337
1.986 3.88641
1.989 3.88943
1.992 3.89244
1.995 3.89544
1.998 3.89842
2.001 3.90138
2.004 3.90433
2.007 3.90727
2.01 3.91019
2.013 3.91309
2.016 3.91598
2.019 3.91885
2.022 3.92171
2.025 3.92455
2.028 3.92737
2.031 3.93018
2.034 3.93297
2.037 3.93575
2.04 3.93851
2.043 3.94125
2.046 3.94398
2.049 3.94669
2.052 3.94938
2.055 3.95206
2.058 3.95472
2.061 3.95736
2.064 3.95999
2.067 3.9626
2.07 3.96519
2.073 3.96776
2.076 3.97032
2.079 3.97286
2.082 3.97538
2.085 3.97788
2.088 3.98037
2.091 3.98284
2.094 3.98529
2.097 3.98772
2.1 3.99014
2.103 3.99253
2.106 3.99491
2.109 3.99727
2.112 3.99962
2.115 4.00194
2.118 4.00425
2.121 4.00654
2.124 4.00881
2.127 4.01107
2.13 4.0133
2.133 4.01552
2.136 4.01772
2.139 4.0199
2.142 4.02206
2.145 4.02421
2.148 4.02633
2.151 4.02844
2.154 4.03053
2.157 4.0326
2.16 4.03466
2.163 4.03669
2.166 4.03871
2.169 4.04071
2.172 4.04269
2.175 4.04466
2.178 4.0466
2.181 4.04853
2.184 4.05044
2.187 4.05233
2.19 4.05421
2.193 4.05606
2.196 4.0579
2.199 4.05972
2.202 4.06153
2.205 4.06331
2.208 4.06508
2.211 4.06683
2.214 4.06856
2.217 4.07028
2.22 4.07198
2.223 4.07366
2.226 4.07532
2.229 4.07697
2.232 4.0786
2.235 4.08021
2.238 4.0818
2.241 4.08338
2.244 4.08494
2.247 4.08649
2.25 4.08802
2.253 4.08953
2.256 4.09102
2.259 4.0925
2.262 4.09396
2.265 4.09541
2.268 4.09684
2.271 4.09825
2.274 4.09965
2.277 4.10103
2.28 4.1024
2.283 4.10375
2.286 4.10508
2.289 4.1064
2.292 4.10771
2.295 4.10899
2.298 4.11027
2.301 4.11153
2.304 4.11277
2.307 4.114
2.31 4.11521
2.313 4.11641
2.316 4.11759
2.319 4.11876
2.322 4.11991
2.325 4.12105
2.328 4.12218
2.331 4.12329
2.334 4.12439
2.337 4.12547
2.34 4.12654
2.343 4.1276
2.346 4.12864
2.349 4.12967
2.352 4.13069
2.355 4.13169
2.358 4.13268
2.361 4.13365
2.364 4.13462
2.367 4.13557
2.37 4.1365
2.373 4.13743
2.376 4.13834
2.379 4.13924
2.382 4.14013
2.385 4.14101
2.388 4.14187
2.391 4.14272
2.394 4.14356
2.397 4.14439
2.4 4.14521
2.403 4.14601
2.406 4.1468
2.409 4.14759
2.412 4.14836
2.415 4.14912
2.418 4.14987
2.421 4.1506
2.424 4.15133
2.427 4.15205
2.43 4.15275
2.433 4.15345
2.436 4.15414
2.439 4.15481
2.442 4.15548
2.445 4.15613
2.448 4.15678
2.451 4.15741
2.454 4.15804
2.457 4.15865
2.46 4.15926
2.463 4.15986
2.466 4.16045
2.469 4.16102
2.472 4.16159
2.475 4.16215
2.478 4.16271
2.481 4.16325
2.484 4.16378
2.487 4.16431
2.49 4.16483
2.493 4.16534
2.496 4.16584
2.499 4.16633
2.502 4.16681
2.505 4.16729
2.508 4.16776
2.511 4.16822
2.514 4.16867
2.517 4.16912
2.52 4.16955
2.523 4.16998
2.526 4.17041
2.529 4.17082
2.532 4.17123
2.535 4.17163
2.538 4.17203
2.541 4.17241
2.544 4.17279
2.547 4.17317
2.55 4.17353
2.553 4.17389
2.556 4.17425
2.559 4.1746
2.562 4.17494
2.565 4.17527
2.568 4.1756
2.571 4.17592
2.574 4.17624
2.577 4.17655
2.58 4.17686
2.583 4.17715
2.586 4.17745
2.589 4.17773
2.592 4.17802
2.595 4.17829
2.598 4.17856
2.601 4.17883
2.604 4.17909
2.607 4.17935
2.61 4.1796
2.613 4.17984
2.616 4.18008
2.619 4.18031
2.622 4.18054
2.625 4.18077
2.628 4.18099
2.631 4.18121
2.634 4.18142
2.637 4.18162
2.64 4.18183
2.643 4.18202
2.646 4.18222
2.649 4.18241
2.652 4.18259
2.655 4.18277
2.658 4.18295
2.661 4.18312
2.664 4.18329
2.667 4.18345
2.67 4.18361
2.673 4.18377
2.676 4.18392
2.679 4.18407
2.682 4.18422
2.685 4.18436
2.688 4.1845
2.691 4.18463
2.694 4.18476
2.697 4.18489
2.7 4.18501
2.703 4.18513
2.706 4.18525
2.709 4.18537
2.712 4.18548
2.715 4.18558
2.718 4.18569
2.721 4.18579
2.724 4.18589
2.727 4.18599
2.73 4.18608
2.733 4.18617
2.736 4.18626
2.739 4.18634
2.742 4.18642
2.745 4.1865
2.748 4.18658
2.751 4.18665
2.754 4.18672
2.757 4.18679
2.76 4.18686
2.763 4.18692
2.766 4.18698
2.769 4.18704
2.772 4.1871
2.775 4.18715
2.778 4.1872
2.781 4.18725
2.784 4.1873
2.787 4.18734
2.79 4.18739
2.793 4.18743
2.796 4.18747
2.799 4.1875
2.802 4.18754
2.805 4.18757
2.808 4.1876
2.811 4.18763
2.814 4.18766
2.817 4.18768
2.82 4.18771
2.823 4.18773
2.826 4.18775
2.829 4.18777
2.832 4.18778
2.835 4.1878
2.838 4.18781
2.841 4.18782
2.844 4.18783
2.847 4.18784
2.85 4.18784
2.853 4.18785
2.856 4.18785
2.859 4.18786
2.862 4.18786
2.865 4.18786
2.868 4.18785
2.871 4.18785
2.874 4.18784
2.877 4.18784
2.88 4.18783
2.883 4.18782
2.886 4.18781
2.889 4.1878
2.892 4.18779
2.895 4.18777
2.898 4.18776
2.901 4.18774
2.904 4.18772
2.907 4.18771
2.91 4.18769
2.913 4.18767
2.916 4.18764
2.919 4.18762
2.922 4.1876
2.925 4.18757
2.928 4.18755
2.931 4.18752
2.934 4.18749
2.937 4.18746
2.94 4.18744
2.943 4.18741
2.946 4.18737
2.949 4.18734
2.952 4.18731
2.955 4.18727
2.958 4.18724
2.961 4.1872
2.964 4.18717
2.967 4.18713
2.97 4.18709
2.973 4.18706
2.976 4.18702
2.979 4.18698
2.982 4.18694
2.985 4.18689
2.988 4.18685
2.991 4.18681
2.994 4.18677
2.997 4.18672
3 4.18668
3.001 0
