0 -10
0.003 -6.06856
0.006 -6.06179
0.009 -6.05498
0.012 -6.04812
0.015 -6.04123
0.018 -6.0343
0.021 -6.02733
0.024 -6.02031
0.027 -6.01326
0.03 -6.00616
0.033 -5.99903
0.036 -5.99185
0.039 -5.98464
0.042 -5.97738
0.045 -5.97009
0.048 -5.96275
0.051 -5.95537
0.054 -5.94796
0.057 -5.9405
0.06 -5.93301
0.063 -5.92547
0.066 -5.9179
0.069 -5.91028
0.072 -5.90263
0.075 -5.89493
0.078 -5.8872
0.081 -5.87943
0.084 -5.87162
0.087 -5.86377
0.09 -5.85588
0.093 -5.84796
0.096 -5.83999
0.099 -5.83199
0.102 -5.82395
0.105 -5.81587
0.108 -5.80776
0.111 -5.79961
0.114 -5.79142
0.117 -5.78319
0.12 -5.77493
0.123 -5.76663
0.126 -5.7583
0.129 -5.74993
0.132 -5.74153
0.135 -5.73309
0.138 -5.72462
0.141 -5.71611
0.144 -5.70757
0.147 -5.69899
0.15 -5.69039
0.153 -5.68175
0.156 -5.67307
0.159 -5.66437
0.162 -5.65563
0.165 -5.64687
0.168 -5.63807
0.171 -5.62924
0.174 -5.62038
0.177 -5.6115
0.18 -5.60258
0.183 -5.59363
0.186 -5.58466
0.189 -5.57566
0.192 -5.56664
0.195 -5.55758
0.198 -5.5485
0.201 -5.5394
0.204 -5.53027
0.207 -5.52112
0.21 -5.51194
0.213 -5.50274
0.216 -5.49352
0.219 -5.48427
0.222 -5.475
0.225 -5.46572
0.228 -5.45641
0.231 -5.44708
0.234 -5.43774
0.237 -5.42838
0.24 -5.41899
0.243 -5.4096
0.246 -5.40018
0.249 -5.39075
0.252 -5.38131
0.255 -5.37185
0.258 -5.36237
0.261 -5.35289
0.264 -5.34339
0.267 -5.33388
0.27 -5.32436
0.273 -5.31483
0.276 -5.30529
0.279 -5.29574
0.282 -5.28618
0.285 -5.27662
0.288 -5.26705
0.291 -5.25747
0.294 -5.24789
0.297 -5.2383
0.3 -5.22871
0.303 -5.21912
0.306 -5.20953
0.309 -5.19993
0.312 -5.19033
0.315 -5.18074
0.318 -5.17114
0.321 -5.16155
0.324 -5.15196
0.327 -5.14237
0.33 -5.13278
0.333 -5.1232
0.336 -5.11363
0.339 -5.10406
0.342 -5.0945
0.345 -5.08494
0.348 -5.0754
0.351 -5.06586
0.354 -5.05633
0.357 -5.04682
0.36 -5.03731
0.363 -5.02782
0.366 -5.01833
0.369 -5.00887
0.372 -4.99941
0.375 -4.98997
0.378 -4.98055
0.381 -4.97114
0.384 -4.96175
0.387 -4.95237
0.39 -4.94301
0.393 -4.93368
0.396 -4.92436
0.399 -4.91506
0.402 -4.90578
0.405 -4.89652
0.408 -4.88729
0.411 -4.87807
0.414 -4.86888
0.417 -4.85972
0.42 -4.85057
0.423 -4.84145
0.426 -4.83236
0.429 -4.82329
0.432 -4.81425
0.435 -4.80524
0.438 -4.79625
0.441 -4.78729
0.444 -4.77836
0.447 -4.76946
0.45 -4.76058
0.453 -4.75174
0.456 -4.74293
0.459 -4.73415
0.462 -4.72539
0.465 -4.71667
0.468 -4.70798
0.471 -4.69933
0.474 -4.69071
0.477 -4.68211
0.48 -4.67356
0.483 -4.66503
0.486 -4.65654
0.489 -4.64809
0.492 -4.63967
0.495 -4.63128
0.498 -4.62293
0.501 -4.61462
0.504 -4.60634
0.507 -4.5981
0.51 -4.58989
0.513 -4.58172
0.516 -4.57359
0.519 -4.5655
0.522 -4.55744
0.525 -4.54942
0.528 -4.54143
0.531 -4.53349
0.534 -4.52558
0.537 -4.51771
0.54 -4.50988
0.543 -4.50209
0.546 -4.49433
0.549 -4.48662
0.552 -4.47894
0.555 -4.47131
0.558 -4.46371
0.561 -4.45615
0.564 -4.44863
0.567 -4.44115
0.57 -4.43371
0.573 -4.4263
0.576 -4.41894
0.579 -4.41162
0.582 -4.40433
0.585 -4.39709
0.588 -4.38988
0.591 -4.38272
0.594 -4.37559
0.597 -4.3685
0.6 -4.36146
0.603 -4.35445
0.606 -4.34748
0.609 -4.34055
0.612 -4.33366
0.615 -4.32681
0.618 -4.31999
0.621 -4.31322
0.624 -4.30649
0.627 -4.29979
0.63 -4.29313
0.633 -4.28652
0.636 -4.27994
0.639 -4.2734
0.642 -4.26689
0.645 -4.26043
0.648 -4.254
0.651 -4.24761
0.654 -4.24126
0.657 -4.23495
0.66 -4.22868
0.663 -4.22244
0.666 -4.21624
0.669 -4.21008
0.672 -4.20395
0.675 -4.19786
0.678 -4.19181
0.681 -4.18579
0.684 -4.17981
0.687 -4.17387
0.69 -4.16796
0.693 -4.16209
0.696 -4.15626
0.699 -4.15046
0.702 -4.14469
0.705 -4.13896
0.708 -4.13327
0.711 -4.12761
0.714 -4.12199
0.717 -4.1164
0.72 -4.11084
0.723 -4.10532
0.726 -4.09983
0.729 -4.09438
0.732 -4.08895
0.735 -4.08357
0.738 -4.07821
0.741 -4.07289
0.744 -4.0676
0.747 -4.06235
0.75 -4.05712
0.753 -4.05193
0.756 -4.04677
0.759 -4.04164
0.762 -4.03654
0.765 -4.03148
0.768 -4.02644
0.771 -4.02144
0.774 -4.01647
0.777 -4.01152
0.78 -4.00661
0.783 -4.00173
0.786 -3.99687
0.789 -3.99205
0.792 -3.98726
0.795 -3.98249
0.798 -3.97776
0.801 -3.97305
0.804 -3.96837
0.807 -3.96372
0.81 -3.9591
0.813 -3.9545
0.816 -3.94994
0.819 -3.9454
0.822 -3.94089
0.825 -3.9364
0.828 -3.93195
0.831 -3.92752
0.834 -3.92311
0.837 -3.91873
0.84 -3.91438
0.843 -3.91006
0.846 -3.90576
0.849 -3.90148
0.852 -3.89723
0.855 -3.89301
0.858 -3.88881
0.861 -3.88464
0.864 -3.88049
0.867 -3.87636
0.87 -3.87226
0.873 -3.86818
0.876 -3.86413
0.879 -3.8601
0.882 -3.85609
0.885 -3.85211
0.888 -3.84815
0.891 -3.84421
0.894 -3.84029
0.897 -3.8364
0.9 -3.83253
0.903 -3.82868
0.906 -3.82486
0.909 -3.82105
0.912 -3.81727
0.915 -3.81351
0.918 -3.80977
0.921 -3.80605
0.924 -3.80235
0.927 -3.79867
0.93 -3.79502
0.933 -3.79138
0.936 -3.78776
0.939 -3.78417
0.942 -3.78059
0.945 -3.77703
0.948 -3.7735
0.951 -3.76998
0.954 -3.76648
0.957 -3.763
0.96 -3.75954
0.963 -3.7561
0.966 -3.75267
0.969 -3.74927
0.972 -3.74588
0.975 -3.74251
0.978 -3.73916
0.981 -3.73583
0.984 -3.73251
0.987 -3.72921
0.99 -3.72593
0.993 -3.72267
0.996 -3.71942
0.999 -3.71619
1.002 -3.71298
1.005 -3.70978
1.008 -3.7066
1.011 -3.70344
1.014 -3.70029
1.017 -3.69716
1.02 -3.69404
1.023 -3.69094
1.026 -3.68786
1.029 -3.68479
1.032 -3.68174
1.035 -3.6787
1.038 -3.67567
1.041 -3.67267
1.044 -3.66967
1.047 -3.66669
1.05 -3.66373
1.053 -3.66078
1.056 -3.65784
1.059 -3.65492
1.062 -3.65201
1.065 -3.64912
1.068 -3.64624
1.071 -3.64338
1.074 -3.64052
1.077 -3.63768
1.08 -3.63486
1.083 -3.63205
1.086 -3.62925
1.089 -3.62646
1.092 -3.62369
1.095 -3.62092
1.098 -3.61818
1.101 -3.61544
1.104 -3.61272
1.107 -3.61001
1.11 -3.60731
1.113 -3.60462
1.116 -3.60194
1.119 -3.59928
1.122 -3.59663
1.125 -3.59399
1.128 -3.59136
1.131 -3.58874
1.134 -3.58614
1.137 -3.58354
1.14 -3.58096
1.143 -3.57839
1.146 -3.57583
1.149 -3.57328
1.152 -3.57074
1.155 -3.56821
1.158 -3.56569
1.161 -3.56318
1.164 -3.56068
1.167 -3.55819
1.17 -3.55571
1.173 -3.55325
1.176 -3.55079
1.179 -3.54834
1.182 -3.5459
1.185 -3.54347
1.188 -3.54105
1.191 -3.53864
1.194 -3.53624
1.197 -3.53385
1.2 -3.53147
1.203 -3.5291
1.206 -3.52673
1.209 -3.52438
1.212 -3.52203
1.215 -3.51969
1.218 -3.51737
1.221 -3.51505
1.224 -3.51273
1.227 -3.51043
1.23 -3.50814
1.233 -3.50585
1.236 -3.50357
1.239 -3.5013
1.242 -3.49904
1.245 -3.49679
1.248 -3.49454
1.251 -3.4923
1.254 -3.49007
1.257 -3.48785
1.26 -3.48563
1.263 -3.48342
1.266 -3.48122
1.269 -3.47903
1.272 -3.47684
1.275 -3.47466
1.278 -3.47249
1.281 -3.47033
1.284 -3.46817
1.287 -3.46602
1.29 -3.46388
1.293 -3.46174
1.296 -3.45961
1.299 -3.45748
1.302 -3.45537
1.305 -3.45326
1.308 -3.45115
1.311 -3.44905
1.314 -3.44696
1.317 -3.44488
1.32 -3.4428
1.323 -3.44072
1.326 -3.43866
1.329 -3.4366
1.332 -3.43454
1.335 -3.43249
1.338 -3.43045
1.341 -3.42841
1.344 -3.42638
1.347 -3.42435
1.35 -3.42233
1.353 -3.42032
1.356 -3.41831
1.359 -3.4163
1.362 -3.41431
1.365 -3.41231
1.368 -3.41032
1.371 -3.40834
1.374 -3.40636
1.377 -3.40439
1.38 -3.40242
1.383 -3.40046
1.386 -3.3985
1.389 -3.39655
1.392 -3.3946
1.395 -3.39266
1.398 -3.39072
1.401 -3.38879
1.404 -3.38686
1.407 -3.38493
1.41 -3.38301
1.413 -3.3811
1.416 -3.37918
1.419 -3.37728
1.422 -3.37538
1.425 -3.37348
1.428 -3.37158
1.431 -3.3697
1.434 -3.36781
1.437 -3.36593
1.44 -3.36405
1.443 -3.36218
1.446 -3.36031
1.449 -3.35845
1.452 -3.35659
1.455 -3.35473
1.458 -3.35288
1.461 -3.35103
1.464 -3.34918
1.467 -3.34734
1.47 -3.3455
1.473 -3.34367
1.476 -3.34184
1.479 -3.34001
1.482 -3.33819
1.485 -3.33637
1.488 -3.33456
1.491 -3.33275
1.494 -3.33094
1.497 -3.32913
1.5 -3.32733
1.503 -3.32553
1.506 -3.32374
1.509 -3.32195
1.512 -3.32016
1.515 -3.31838
1.518 -3.3166
1.521 -3.31482
1.524 -3.31304
1.527 -3.31127
1.53 -3.30951
1.533 -3.30774
1.536 -3.30598
1.539 -3.30422
1.542 -3.30247
1.545 -3.30072
1.548 -3.29897
1.551 -3.29722
1.554 -3.29548
1.557 -3.29374
1.56 -3.29201
1.563 -3.29028
1.566 -3.28855
1.569 -3.28682
1.572 -3.2851
1.575 -3.28338
1.578 -3.28166
1.581 -3.27995
1.584 -3.27824
1.587 -3.27653
1.59 -3.27483
1.593 -3.27313
1.596 -3.27143
1.599 -3.26974
1.602 -3.26804
1.605 -3.26636
1.608 -3.26467
1.611 -3.26299
1.614 -3.26131
1.617 -3.25963
1.62 -3.25796
1.623 -3.25629
1.626 -3.25463
1.629 -3.25296
1.632 -3.2513
1.635 -3.24965
1.638 -3.24799
1.641 -3.24634
1.644 -3.2447
1.647 -3.24305
1.65 -3.24141
1.653 -3.23978
1.656 -3.23814
1.659 -3.23651
1.662 -3.23489
1.665 -3.23326
1.668 -3.23164
1.671 -3.23003
1.674 -3.22842
1.677 -3.22681
1.68 -3.2252
1.683 -3.2236
1.686 -3.222
1.689 -3.22041
1.692 -3.21882
1.695 -3.21723
1.698 -3.21565
1.701 -3.21407
1.704 -3.21249
1.707 -3.21092
1.71 -3.20935
1.713 -3.20779
1.716 -3.20623
1.719 -3.20467
1.722 -3.20312
1.725 -3.20157
1.728 -3.20003
1.731 -3.19849
1.734 -3.19696
1.737 -3.19543
1.74 -3.1939
1.743 -3.19238
1.746 -3.19086
1.749 -3.18935
1.752 -3.18784
1.755 -3.18634
1.758 -3.18484
1.761 -3.18335
1.764 -3.18186
1.767 -3.18038
1.77 -3.1789
1.773 -3.17742
1.776 -3.17595
1.779 -3.17449
1.782 -3.17303
1.785 -3.17158
1.788 -3.17013
1.791 -3.16869
1.794 -3.16725
1.797 -3.16582
1.8 -3.1644
1.803 -3.16298
1.806 -3.16156
1.809 -3.16015
1.812 -3.15875
1.815 -3.15735
1.818 -3.15596
1.821 -3.15458
1.824 -3.1532
1.827 -3.15183
1.83 -3.15046
1.833 -3.1491
1.836 -3.14775
1.839 -3.1464
1.842 -3.14506
1.845 -3.14373
1.848 -3.14241
1.851 -3.14109
1.854 -3.13977
1.857 -3.13847
1.86 -3.13717
1.863 -3.13588
1.866 -3.1346
1.869 -3.13332
1.872 -3.13205
1.875 -3.13079
1.878 -3.12954
1.881 -3.12829
1.884 -3.12705
1.887 -3.12582
1.89 -3.1246
1.893 -3.12339
1.896 -3.12218
1.899 -3.12098
1.902 -3.11979
1.905 -3.11861
1.908 -3.11744
1.911 -3.11627
1.914 -3.11512
1.917 -3.11397
1.92 -3.11283
1.923 -3.1117
1.926 -3.11058
1.929 -3.10947
1.932 -3.10836
1.935 -3.10727
1.938 -3.10619
1.941 -3.10511
1.944 -3.10404
1.947 -3.10299
1.95 -3.10194
1.953 -3.1009
1.956 -3.09988
1.959 -3.09886
1.962 -3.09785
1.965 -3.09685
1.968 -3.09586
1.971 -3.09489
1.974 -3.09392
1.977 -3.09296
1.98 -3.09201
1.983 -3.09107
1.986 -3.09015
1.989 -3.08923
1.992 -3.08833
1.995 -3.08743
1.998 -3.08655
2.001 -3.08567
2.004 -3.08481
2.007 -3.08396
2.01 -3.08312
2.013 -3.08229
2.016 -3.08147
2.019 -3.08066
2.022 -3.07986
2.025 -3.07907
2.028 -3.0783
2.031 -3.07754
2.034 -3.07678
2.037 -3.07604
2.04 -3.07531
2.043 -3.07459
2.046 -3.07389
2.049 -3.07319
2.052 -3.07251
2.055 -3.07184
2.058 -3.07118
2.061 -3.07053
2.064 -3.06989
2.067 -3.06927
2.07 -3.06865
2.073 -3.06805
2.076 -3.06746
2.079 -3.06688
2.082 -3.06632
2.085 -3.06576
2.088 -3.06522
2.091 -3.06469
2.094 -3.06417
2.097 -3.06366
2.1 -3.06317
2.103 -3.06269
2.106 -3.06222
2.109 -3.06176
2.112 -3.06131
2.115 -3.06088
2.118 -3.06045
2.121 -3.06004
2.124 -3.05964
2.127 -3.05926
2.13 -3.05888
2.133 -3.05852
2.136 -3.05817
2.139 -3.05783
2.142 -3.0575
2.145 -3.05718
2.148 -3.05688
2.151 -3.05659
2.154 -3.05631
2.157 -3.05604
2.16 -3.05578
2.163 -3.05554
2.166 -3.0553
2.169 -3.05508
2.172 -3.05487
2.175 -3.05468
2.178 -3.05449
2.181 -3.05431
2.184 -3.05415
2.187 -3.054
2.19 -3.05386
2.193 -3.05373
2.196 -3.05361
2.199 -3.0535
2.202 -3.05341
2.205 -3.05332
2.208 -3.05325
2.211 -3.05319
2.214 -3.05313
2.217 -3.05309
2.22 -3.05306
2.223 -3.05304
2.226 -3.05304
2.229 -3.05304
2.232 -3.05305
2.235 -3.05308
2.238 -3.05311
2.241 -3.05315
2.244 -3.05321
2.247 -3.05327
2.25 -3.05335
2.253 -3.05343
2.256 -3.05353
2.259 -3.05363
2.262 -3.05375
2.265 -3.05388
2.268 -3.05401
2.271 -3.05415
2.274 -3.05431
2.277 -3.05447
2.28 -3.05464
2.283 -3.05483
2.286 -3.05502
2.289 -3.05522
2.292 -3.05543
2.295 -3.05565
2.298 -3.05587
2.301 -3.05611
2.304 -3.05635
2.307 -3.05661
2.31 -3.05687
2.313 -3.05714
2.316 -3.05742
2.319 -3.05771
2.322 -3.058
2.325 -3.0583
2.328 -3.05861
2.331 -3.05893
2.334 -3.05926
2.337 -3.05959
2.34 -3.05994
2.343 -3.06029
2.346 -3.06064
2.349 -3.06101
2.352 -3.06138
2.355 -3.06176
2.358 -3.06214
2.361 -3.06253
2.364 -3.06293
2.367 -3.06334
2.37 -3.06375
2.373 -3.06417
2.376 -3.06459
2.379 -3.06503
2.382 -3.06546
2.385 -3.06591
2.388 -3.06636
2.391 -3.06681
2.394 -3.06727
2.397 -3.06774
2.4 -3.06821
2.403 -3.06869
2.406 -3.06918
2.409 -3.06967
2.412 -3.07016
2.415 -3.07066
2.418 -3.07117
2.421 -3.07168
2.424 -3.07219
2.427 -3.07271
2.43 -3.07323
2.433 -3.07376
2.436 -3.0743
2.439 -3.07483
2.442 -3.07538
2.445 -3.07592
2.448 -3.07647
2.451 -3.07703
2.454 -3.07759
2.457 -3.07815
2.46 -3.07871
2.463 -3.07928
2.466 -3.07986
2.469 -3.08043
2.472 -3.08102
2.475 -3.0816
2.478 -3.08219
2.481 -3.08278
2.484 -3.08337
2.487 -3.08397
2.49 -3.08457
2.493 -3.08517
2.496 -3.08577
2.499 -3.08638
2.502 -3.08699
2.505 -3.08761
2.508 -3.08822
2.511 -3.08884
2.514 -3.08946
2.517 -3.09008
2.52 -3.09071
2.523 -3.09133
2.526 -3.09196
2.529 -3.09259
2.532 -3.09323
2.535 -3.09386
2.538 -3.0945
2.541 -3.09514
2.544 -3.09578
2.547 -3.09642
2.55 -3.09706
2.553 -3.0977
2.556 -3.09835
2.559 -3.099
2.562 -3.09964
2.565 -3.10029
2.568 -3.10094
2.571 -3.1016
2.574 -3.10225
2.577 -3.1029
2.58 -3.10356
2.583 -3.10421
2.586 -3.10487
2.589 -3.10552
2.592 -3.10618
2.595 -3.10684
2.598 -3.1075
2.601 -3.10815
2.604 -3.10881
2.607 -3.10947
2.61 -3.11013
2.613 -3.11079
2.616 -3.11145
2.619 -3.11211
2.622 -3.11278
2.625 -3.11344
2.628 -3.1141
2.631 -3.11476
2.634 -3.11542
2.637 -3.11608
2.64 -3.11674
2.643 -3.1174
2.646 -3.11806
2.649 -3.11872
2.652 -3.11938
2.655 -3.12004
2.658 -3.1207
2.661 -3.12136
2.664 -3.12202
2.667 -3.12267
2.67 -3.12333
2.673 -3.12399
2.676 -3.12464
2.679 -3.1253
2.682 -3.12595
2.685 -3.12661
2.688 -3.12726
2.691 -3.12791
2.694 -3.12856
2.697 -3.12921
2.7 -3.12986
2.703 -3.13051
2.706 -3.13116
2.709 -3.13181
2.712 -3.13245
2.715 -3.1331
2.718 -3.13374
2.721 -3.13439
2.724 -3.13503
2.727 -3.13567
2.73 -3.13631
2.733 -3.13695
2.736 -3.13758
2.739 -3.13822
2.742 -3.13885
2.745 -3.13949
2.748 -3.14012
2.751 -3.14075
2.754 -3.14138
2.757 -3.14201
2.76 -3.14264
2.763 -3.14326
2.766 -3.14389
2.769 -3.14451
2.772 -3.14513
2.775 -3.14575
2.778 -3.14637
2.781 -3.14699
2.784 -3.1476
2.787 -3.14822
2.79 -3.14883
2.793 -3.14944
2.796 -3.15005
2.799 -3.15066
2.802 -3.15126
2.805 -3.15187
2.808 -3.15247
2.811 -3.15307
2.814 -3.15367
2.817 -3.15427
2.82 -3.15487
2.823 -3.15546
2.826 -3.15605
2.829 -3.15664
2.832 -3.15723
2.835 -3.15782
2.838 -3.15841
2.841 -3.15899
2.844 -3.15958
2.847 -3.16016
2.85 -3.16074
2.853 -3.16131
2.856 -3.16189
2.859 -3.16246
2.862 -3.16304
2.865 -3.16361
2.868 -3.16418
2.871 -3.16474
2.874 -3.16531
2.877 -3.16587
2.88 -3.16643
2.883 -3.16699
2.886 -3.16755
2.889 -3.1681
2.892 -3.16866
2.895 -3.16921
2.898 -3.16976
2.901 -3.17031
2.904 -3.17086
2.907 -3.1714
2.91 -3.17194
2.913 -3.17249
2.916 -3.17303
2.919 -3.17356
2.922 -3.1741
2.925 -3.17463
2.928 -3.17516
2.931 -3.17569
2.934 -3.17622
2.937 -3.17675
2.94 -3.17727
2.943 -3.17779
2.946 -3.17831
2.949 -3.17883
2.952 -3.17935
2.955 -3.17987
2.958 -3.18038
2.961 -3.18089
2.964 -3.1814
2.967 -3.18191
2.97 -3.18241
2.973 -3.18292
2.976 -3.18342
2.979 -3.18392
2.982 -3.18442
2.985 -3.18491
2.988 -3.18541
2.991 -3.1859
2.994 -3.18639
2.997 -3.18688
3 -3.18736
3.001 -10
