0 -10
0.003 -6.42717
0.006 -6.42212
0.009 -6.41704
0.012 -6.41193
0.015 -6.40678
0.018 -6.40159
0.021 -6.39637
0.024 -6.39111
0.027 -6.38582
0.03 -6.38048
0.033 -6.37512
0.036 -6.36971
0.039 -6.36427
0.042 -6.35879
0.045 -6.35327
0.048 -6.34772
0.051 -6.34213
0.054 -6.3365
0.057 -6.33084
0.06 -6.32513
0.063 -6.31939
0.066 -6.31362
0.069 -6.3078
0.072 -6.30194
0.075 -6.29605
0.078 -6.29012
0.081 -6.28415
0.084 -6.27814
0.087 -6.2721
0.09 -6.26601
0.093 -6.25989
0.096 -6.25373
0.099 -6.24753
0.102 -6.24129
0.105 -6.23501
0.108 -6.2287
0.111 -6.22234
0.114 -6.21595
0.117 -6.20952
0.12 -6.20305
0.123 -6.19654
0.126 -6.18999
0.129 -6.18341
0.132 -6.17678
0.135 -6.17012
0.138 -6.16341
0.141 -6.15667
0.144 -6.14989
0.147 -6.14308
0.15 -6.13622
0.153 -6.12933
0.156 -6.12239
0.159 -6.11542
0.162 -6.10842
0.165 -6.10137
0.168 -6.09429
0.171 -6.08716
0.174 -6.08
0.177 -6.07281
0.18 -6.06558
0.183 -6.05831
0.186 -6.051
0.189 -6.04365
0.192 -6.03627
0.195 -6.02886
0.198 -6.02141
0.201 -6.01392
0.204 -6.00639
0.207 -5.99883
0.21 -5.99124
0.213 -5.98361
0.216 -5.97595
0.219 -5.96825
0.222 -5.96052
0.225 -5.95275
0.228 -5.94495
0.231 -5.93712
0.234 -5.92926
0.237 -5.92136
0.24 -5.91343
0.243 -5.90547
0.246 -5.89748
0.249 -5.88945
0.252 -5.8814
0.255 -5.87331
0.258 -5.8652
0.261 -5.85706
0.264 -5.84888
0.267 -5.84068
0.27 -5.83245
0.273 -5.8242
0.276 -5.81591
0.279 -5.8076
0.282 -5.79926
0.285 -5.7909
0.288 -5.78251
0.291 -5.7741
0.294 -5.76566
0.297 -5.7572
0.3 -5.74872
0.303 -5.74021
0.306 -5.73168
0.309 -5.72313
0.312 -5.71456
0.315 -5.70596
0.318 -5.69735
0.321 -5.68872
0.324 -5.68007
0.327 -5.6714
0.33 -5.66271
0.333 -5.65401
0.336 -5.64529
0.339 -5.63655
0.342 -5.6278
0.345 -5.61904
0.348 -5.61026
0.351 -5.60147
0.354 -5.59266
0.357 -5.58385
0.36 -5.57502
0.363 -5.56618
0.366 -5.55734
0.369 -5.54848
0.372 -5.53961
0.375 -5.53074
0.378 -5.52186
0.381 -5.51297
0.384 -5.50408
0.387 -5.49518
0.39 -5.48628
0.393 -5.47738
0.396 -5.46847
0.399 -5.45955
0.402 -5.45064
0.405 -5.44173
0.408 -5.43281
0.411 -5.4239
0.414 -5.41499
0.417 -5.40608
0.42 -5.39717
0.423 -5.38826
0.426 -5.37936
0.429 -5.37047
0.432 -5.36157
0.435 -5.35269
0.438 -5.34381
0.441 -5.33494
0.444 -5.32607
0.447 -5.31722
0.45 -5.30837
0.453 -5.29954
0.456 -5.29071
0.459 -5.2819
0.462 -5.27309
0.465 -5.2643
0.468 -5.25553
0.471 -5.24676
0.474 -5.23801
0.477 -5.22928
0.48 -5.22056
0.483 -5.21186
0.486 -5.20317
0.489 -5.19451
0.492 -5.18586
0.495 -5.17722
0.498 -5.16861
0.501 -5.16002
0.504 -5.15144
0.507 -5.14289
0.51 -5.13436
0.513 -5.12585
0.516 -5.11736
0.519 -5.1089
0.522 -5.10046
0.525 -5.09204
0.528 -5.08365
0.531 -5.07528
0.534 -5.06694
0.537 -5.05862
0.54 -5.05033
0.543 -5.04206
0.546 -5.03382
0.549 -5.02561
0.552 -5.01743
0.555 -5.00927
0.558 -5.00115
0.561 -4.99305
0.564 -4.98498
0.567 -4.97694
0.57 -4.96893
0.573 -4.96095
0.576 -4.953
0.579 -4.94508
0.582 -4.93719
0.585 -4.92934
0.588 -4.92152
0.591 -4.91372
0.594 -4.90596
0.597 -4.89824
0.6 -4.89054
0.603 -4.88288
0.606 -4.87525
0.609 -4.86766
0.612 -4.86009
0.615 -4.85257
0.618 -4.84507
0.621 -4.83761
0.624 -4.83019
0.627 -4.8228
0.63 -4.81544
0.633 -4.80812
0.636 -4.80083
0.639 -4.79358
0.642 -4.78636
0.645 -4.77918
0.648 -4.77204
0.651 -4.76493
0.654 -4.75785
0.657 -4.75081
0.66 -4.74381
0.663 -4.73684
0.666 -4.7299
0.669 -4.72301
0.672 -4.71615
0.675 -4.70932
0.678 -4.70253
0.681 -4.69578
0.684 -4.68906
0.687 -4.68238
0.69 -4.67573
0.693 -4.66912
0.696 -4.66254
0.699 -4.656
0.702 -4.6495
0.705 -4.64303
0.708 -4.6366
0.711 -4.6302
0.714 -4.62384
0.717 -4.61752
0.72 -4.61123
0.723 -4.60497
0.726 -4.59875
0.729 -4.59256
0.732 -4.58642
0.735 -4.5803
0.738 -4.57422
0.741 -4.56817
0.744 -4.56216
0.747 -4.55619
0.75 -4.55025
0.753 -4.54434
0.756 -4.53846
0.759 -4.53263
0.762 -4.52682
0.765 -4.52105
0.768 -4.51531
0.771 -4.50961
0.774 -4.50393
0.777 -4.4983
0.78 -4.49269
0.783 -4.48712
0.786 -4.48158
0.789 -4.47607
0.792 -4.4706
0.795 -4.46516
0.798 -4.45975
0.801 -4.45437
0.804 -4.44902
0.807 -4.44371
0.81 -4.43842
0.813 -4.43317
0.816 -4.42795
0.819 -4.42276
0.822 -4.4176
0.825 -4.41247
0.828 -4.40737
0.831 -4.4023
0.834 -4.39727
0.837 -4.39226
0.84 -4.38728
0.843 -4.38233
0.846 -4.37741
0.849 -4.37252
0.852 -4.36765
0.855 -4.36282
0.858 -4.35801
0.861 -4.35324
0.864 -4.34849
0.867 -4.34376
0.87 -4.33907
0.873 -4.3344
0.876 -4.32977
0.879 -4.32515
0.882 -4.32057
0.885 -4.31601
0.888 -4.31148
0.891 -4.30697
0.894 -4.30249
0.897 -4.29804
0.9 -4.29361
0.903 -4.28921
0.906 -4.28483
0.909 -4.28048
0.912 -4.27615
0.915 -4.27185
0.918 -4.26757
0.921 -4.26332
0.924 -4.25909
0.927 -4.25489
0.93 -4.2507
0.933 -4.24655
0.936 -4.24241
0.939 -4.2383
0.942 -4.23421
0.945 -4.23015
0.948 -4.2261
0.951 -4.22208
0.954 -4.21808
0.957 -4.21411
0.96 -4.21015
0.963 -4.20622
0.966 -4.20231
0.969 -4.19842
0.972 -4.19455
0.975 -4.1907
0.978 -4.18688
0.981 -4.18307
0.984 -4.17928
0.987 -4.17552
0.99 -4.17177
0.993 -4.16804
0.996 -4.16434
0.999 -4.16065
1.002 -4.15698
1.005 -4.15333
1.008 -4.1497
1.011 -4.14609
1.014 -4.1425
1.017 -4.13892
1.02 -4.13537
1.023 -4.13183
1.026 -4.12831
1.029 -4.12481
1.032 -4.12132
1.035 -4.11786
1.038 -4.11441
1.041 -4.11097
1.044 -4.10756
1.047 -4.10416
1.05 -4.10078
1.053 -4.09741
1.056 -4.09406
1.059 -4.09073
1.062 -4.08741
1.065 -4.08411
1.068 -4.08082
1.071 -4.07755
1.074 -4.07429
1.077 -4.07105
1.08 -4.06783
1.083 -4.06462
1.086 -4.06142
1.089 -4.05824
1.092 -4.05507
1.095 -4.05192
1.098 -4.04878
1.101 -4.04565
1.104 -4.04254
1.107 -4.03945
1.11 -4.03636
1.113 -4.03329
1.116 -4.03023
1.119 -4.02719
1.122 -4.02416
1.125 -4.02114
1.128 -4.01813
1.131 -4.01514
1.134 -4.01216
1.137 -4.00919
1.14 -4.00624
1.143 -4.00329
1.146 -4.00036
1.149 -3.99744
1.152 -3.99453
1.155 -3.99163
1.158 -3.98874
1.161 -3.98587
1.164 -3.98301
1.167 -3.98015
1.17 -3.97731
1.173 -3.97448
1.176 -3.97166
1.179 -3.96885
1.182 -3.96605
1.185 -3.96326
1.188 -3.96048
1.191 -3.95771
1.194 -3.95495
1.197 -3.9522
1.2 -3.94946
1.203 -3.94673
1.206 -3.94401
1.209 -3.94129
1.212 -3.93859
1.215 -3.9359
1.218 -3.93321
1.221 -3.93053
1.224 -3.92787
1.227 -3.92521
1.23 -3.92256
1.233 -3.91992
1.236 -3.91728
1.239 -3.91466
1.242 -3.91204
1.245 -3.90943
1.248 -3.90683
1.251 -3.90424
1.254 -3.90165
1.257 -3.89907
1.26 -3.8965
1.263 -3.89394
1.266 -3.89138
1.269 -3.88883
1.272 -3.88629
1.275 -3.88375
1.278 -3.88123
1.281 -3.8787
1.284 -3.87619
1.287 -3.87368
1.29 -3.87118
1.293 -3.86869
1.296 -3.8662
1.299 -3.86371
1.302 -3.86124
1.305 -3.85877
1.308 -3.8563
1.311 -3.85384
1.314 -3.85139
1.317 -3.84895
1.32 -3.8465
1.323 -3.84407
1.326 -3.84164
1.329 -3.83921
1.332 -3.83679
1.335 -3.83438
1.338 -3.83197
1.341 -3.82957
1.344 -3.82717
1.347 -3.82477
1.35 -3.82238
1.353 -3.82
1.356 -3.81762
1.359 -3.81524
1.362 -3.81287
1.365 -3.81051
1.368 -3.80814
1.371 -3.80579
1.374 -3.80343
1.377 -3.80108
1.38 -3.79874
1.383 -3.7964
1.386 -3.79406
1.389 -3.79173
1.392 -3.7894
1.395 -3.78707
1.398 -3.78475
1.401 -3.78243
1.404 -3.78012
1.407 -3.7778
1.41 -3.7755
1.413 -3.77319
1.416 -3.77089
1.419 -3.76859
1.422 -3.7663
1.425 -3.76401
1.428 -3.76172
1.431 -3.75943
1.434 -3.75715
1.437 -3.75487
1.44 -3.75259
1.443 -3.75032
1.446 -3.74805
1.449 -3.74578
1.452 -3.74351
1.455 -3.74125
1.458 -3.73899
1.461 -3.73673
1.464 -3.73447
1.467 -3.73222
1.47 -3.72997
1.473 -3.72772
1.476 -3.72547
1.479 -3.72323
1.482 -3.72098
1.485 -3.71874
1.488 -3.71651
1.491 -3.71427
1.494 -3.71203
1.497 -3.7098
1.5 -3.70757
1.503 -3.70534
1.506 -3.70312
1.509 -3.70089
1.512 -3.69867
1.515 -3.69645
1.518 -3.69423
1.521 -3.69201
1.524 -3.68979
1.527 -3.68758
1.53 -3.68536
1.533 -3.68315
1.536 -3.68094
1.539 -3.67873
1.542 -3.67652
1.545 -3.67432
1.548 -3.67211
1.551 -3.66991
1.554 -3.66771
1.557 -3.66551
1.56 -3.66331
1.563 -3.66111
1.566 -3.65891
1.569 -3.65672
1.572 -3.65452
1.575 -3.65233
1.578 -3.65014
1.581 -3.64794
1.584 -3.64575
1.587 -3.64356
1.59 -3.64138
1.593 -3.63919
1.596 -3.637
1.599 -3.63482
1.602 -3.63264
1.605 -3.63045
1.608 -3.62827
1.611 -3.62609
1.614 -3.62391
1.617 -3.62173
1.62 -3.61956
1.623 -3.61738
1.626 -3.6152
1.629 -3.61303
1.632 -3.61086
1.635 -3.60868
1.638 -3.60651
1.641 -3.60434
1.644 -3.60217
1.647 -3.6
1.65 -3.59784
1.653 -3.59567
1.656 -3.59351
1.659 -3.59134
1.662 -3.58918
1.665 -3.58702
1.668 -3.58485
1.671 -3.58269
1.674 -3.58054
1.677 -3.57838
1.68 -3.57622
1.683 -3.57407
1.686 -3.57191
1.689 -3.56976
1.692 -3.56761
1.695 -3.56545
1.698 -3.5633
1.701 -3.56116
1.704 -3.55901
1.707 -3.55686
1.71 -3.55472
1.713 -3.55257
1.716 -3.55043
1.719 -3.54829
1.722 -3.54615
1.725 -3.54402
1.728 -3.54188
1.731 -3.53974
1.734 -3.53761
1.737 -3.53548
1.74 -3.53335
1.743 -3.53122
1.746 -3.5291
1.749 -3.52697
1.752 -3.52485
1.755 -3.52273
1.758 -3.52061
1.761 -3.51849
1.764 -3.51637
1.767 -3.51426
1.77 -3.51215
1.773 -3.51004
1.776 -3.50793
1.779 -3.50583
1.782 -3.50372
1.785 -3.50162
1.788 -3.49952
1.791 -3.49743
1.794 -3.49533
1.797 -3.49324
1.8 -3.49115
1.803 -3.48907
1.806 -3.48698
1.809 -3.4849
1.812 -3.48282
1.815 -3.48075
1.818 -3.47868
1.821 -3.47661
1.824 -3.47454
1.827 -3.47248
1.83 -3.47042
1.833 -3.46836
1.836 -3.46631
1.839 -3.46425
1.842 -3.46221
1.845 -3.46016
1.848 -3.45812
1.851 -3.45609
1.854 -3.45405
1.857 -3.45202
1.86 -3.45
1.863 -3.44798
1.866 -3.44596
1.869 -3.44394
1.872 -3.44193
1.875 -3.43993
1.878 -3.43793
1.881 -3.43593
1.884 -3.43394
1.887 -3.43195
1.89 -3.42997
1.893 -3.42799
1.896 -3.42601
1.899 -3.42404
1.902 -3.42208
1.905 -3.42012
1.908 -3.41816
1.911 -3.41621
1.914 -3.41427
1.917 -3.41233
1.92 -3.4104
1.923 -3.40847
1.926 -3.40654
1.929 -3.40463
1.932 -3.40271
1.935 -3.40081
1.938 -3.39891
1.941 -3.39701
1.944 -3.39513
1.947 -3.39324
1.95 -3.39137
1.953 -3.3895
1.956 -3.38763
1.959 -3.38578
1.962 -3.38393
1.965 -3.38208
1.968 -3.38025
1.971 -3.37842
1.974 -3.37659
1.977 -3.37478
1.98 -3.37297
1.983 -3.37116
1.986 -3.36937
1.989 -3.36758
1.992 -3.3658
1.995 -3.36403
1.998 -3.36226
2.001 -3.3605
2.004 -3.35875
2.007 -3.35701
2.01 -3.35528
2.013 -3.35355
2.016 -3.35183
2.019 -3.35012
2.022 -3.34842
2.025 -3.34673
2.028 -3.34504
2.031 -3.34336
2.034 -3.34169
2.037 -3.34003
2.04 -3.33838
2.043 -3.33674
2.046 -3.33511
2.049 -3.33348
2.052 -3.33187
2.055 -3.33026
2.058 -3.32866
2.061 -3.32707
2.064 -3.3255
2.067 -3.32393
2.07 -3.32237
2.073 -3.32082
2.076 -3.31927
2.079 -3.31774
2.082 -3.31622
2.085 -3.31471
2.088 -3.31321
2.091 -3.31172
2.094 -3.31023
2.097 -3.30876
2.1 -3.3073
2.103 -3.30585
2.106 -3.30441
2.109 -3.30297
2.112 -3.30155
2.115 -3.30014
2.118 -3.29874
2.121 -3.29735
2.124 -3.29597
2.127 -3.2946
2.13 -3.29325
2.133 -3.2919
2.136 -3.29056
2.139 -3.28924
2.142 -3.28792
2.145 -3.28662
2.148 -3.28532
2.151 -3.28404
2.154 -3.28277
2.157 -3.28151
2.16 -3.28026
2.163 -3.27902
2.166 -3.2778
2.169 -3.27658
2.172 -3.27538
2.175 -3.27418
2.178 -3.273
2.181 -3.27183
2.184 -3.27067
2.187 -3.26952
2.19 -3.26838
2.193 -3.26726
2.196 -3.26614
2.199 -3.26504
2.202 -3.26395
2.205 -3.26287
2.208 -3.2618
2.211 -3.26074
2.214 -3.2597
2.217 -3.25866
2.22 -3.25764
2.223 -3.25663
2.226 -3.25563
2.229 -3.25464
2.232 -3.25366
2.235 -3.2527
2.238 -3.25174
2.241 -3.2508
2.244 -3.24987
2.247 -3.24895
2.25 -3.24804
2.253 -3.24715
2.256 -3.24626
2.259 -3.24539
2.262 -3.24452
2.265 -3.24367
2.268 -3.24283
2.271 -3.242
2.274 -3.24119
2.277 -3.24038
2.28 -3.23958
2.283 -3.2388
2.286 -3.23803
2.289 -3.23727
2.292 -3.23652
2.295 -3.23578
2.298 -3.23505
2.301 -3.23433
2.304 -3.23363
2.307 -3.23293
2.31 -3.23225
2.313 -3.23158
2.316 -3.23091
2.319 -3.23026
2.322 -3.22962
2.325 -3.22899
2.328 -3.22837
2.331 -3.22776
2.334 -3.22717
2.337 -3.22658
2.34 -3.226
2.343 -3.22544
2.346 -3.22488
2.349 -3.22433
2.352 -3.2238
2.355 -3.22327
2.358 -3.22276
2.361 -3.22226
2.364 -3.22176
2.367 -3.22128
2.37 -3.2208
2.373 -3.22034
2.376 -3.21988
2.379 -3.21944
2.382 -3.219
2.385 -3.21858
2.388 -3.21816
2.391 -3.21776
2.394 -3.21736
2.397 -3.21697
2.4 -3.2166
2.403 -3.21623
2.406 -3.21587
2.409 -3.21552
2.412 -3.21518
2.415 -3.21485
2.418 -3.21452
2.421 -3.21421
2.424 -3.21391
2.427 -3.21361
2.43 -3.21332
2.433 -3.21304
2.436 -3.21277
2.439 -3.21251
2.442 -3.21226
2.445 -3.21201
2.448 -3.21178
2.451 -3.21155
2.454 -3.21133
2.457 -3.21112
2.46 -3.21091
2.463 -3.21072
2.466 -3.21053
2.469 -3.21035
2.472 -3.21018
2.475 -3.21001
2.478 -3.20985
2.481 -3.2097
2.484 -3.20956
2.487 -3.20943
2.49 -3.2093
2.493 -3.20918
2.496 -3.20906
2.499 -3.20896
2.502 -3.20886
2.505 -3.20876
2.508 -3.20868
2.511 -3.2086
2.514 -3.20853
2.517 -3.20846
2.52 -3.2084
2.523 -3.20835
2.526 -3.2083
2.529 -3.20826
2.532 -3.20823
2.535 -3.2082
2.538 -3.20818
2.541 -3.20817
2.544 -3.20816
2.547 -3.20815
2.55 -3.20816
2.553 -3.20817
2.556 -3.20818
2.559 -3.2082
2.562 -3.20822
2.565 -3.20826
2.568 -3.20829
2.571 -3.20833
2.574 -3.20838
2.577 -3.20843
2.58 -3.20849
2.583 -3.20855
2.586 -3.20862
2.589 -3.20869
2.592 -3.20877
2.595 -3.20885
2.598 -3.20894
2.601 -3.20903
2.604 -3.20912
2.607 -3.20922
2.61 -3.20933
2.613 -3.20944
2.616 -3.20955
2.619 -3.20967
2.622 -3.20979
2.625 -3.20992
2.628 -3.21005
2.631 -3.21018
2.634 -3.21032
2.637 -3.21046
2.64 -3.21061
2.643 -3.21076
2.646 -3.21091
2.649 -3.21107
2.652 -3.21123
2.655 -3.2114
2.658 -3.21156
2.661 -3.21174
2.664 -3.21191
2.667 -3.21209
2.67 -3.21227
2.673 -3.21246
2.676 -3.21264
2.679 -3.21284
2.682 -3.21303
2.685 -3.21323
2.688 -3.21343
2.691 -3.21363
2.694 -3.21384
2.697 -3.21404
2.7 -3.21426
2.703 -3.21447
2.706 -3.21469
2.709 -3.21491
2.712 -3.21513
2.715 -3.21535
2.718 -3.21558
2.721 -3.21581
2.724 -3.21604
2.727 -3.21628
2.73 -3.21651
2.733 -3.21675
2.736 -3.21699
2.739 -3.21723
2.742 -3.21748
2.745 -3.21773
2.748 -3.21797
2.751 -3.21823
2.754 -3.21848
2.757 -3.21873
2.76 -3.21899
2.763 -3.21925
2.766 -3.21951
2.769 -3.21977
2.772 -3.22003
2.775 -3.2203
2.778 -3.22057
2.781 -3.22083
2.784 -3.2211
2.787 -3.22138
2.79 -3.22165
2.793 -3.22192
2.796 -3.2222
2.799 -3.22248
2.802 -3.22275
2.805 -3.22303
2.808 -3.22331
2.811 -3.2236
2.814 -3.22388
2.817 -3.22416
2.82 -3.22445
2.823 -3.22474
2.826 -3.22502
2.829 -3.22531
2.832 -3.2256
2.835 -3.22589
2.838 -3.22618
2.841 -3.22647
2.844 -3.22677
2.847 -3.22706
2.85 -3.22736
2.853 -3.22765
2.856 -3.22795
2.859 -3.22825
2.862 -3.22854
2.865 -3.22884
2.868 -3.22914
2.871 -3.22944
2.874 -3.22974
2.877 -3.23004
2.88 -3.23034
2.883 -3.23064
2.886 -3.23095
2.889 -3.23125
2.892 -3.23155
2.895 -3.23186
2.898 -3.23216
2.901 -3.23246
2.904 -3.23277
2.907 -3.23307
2.91 -3.23338
2.913 -3.23368
2.916 -3.23399
2.919 -3.2343
2.922 -3.2346
2.925 -3.23491
2.928 -3.23522
2.931 -3.23552
2.934 -3.23583
2.937 -3.23614
2.94 -3.23645
2.943 -3.23675
2.946 -3.23706
2.949 -3.23737
2.952 -3.23768
2.955 -3.23798
2.958 -3.23829
2.961 -3.2386
2.964 -3.23891
2.967 -3.23921
2.97 -3.23952
2.973 -3.23983
2.976 -3.24014
2.979 -3.24044
2.982 -3.24075
2.985 -3.24106
2.988 -3.24137
2.991 -3.24167
2.994 -3.24198
2.997 -3.24229
3 -3.24259
3.001 -10
