0 0
0.003 0.497718
0.006 0.500194
0.009 0.502689
0.012 0.505205
0.015 0.507739
0.018 0.510294
0.021 0.512869
0.024 0.515463
0.027 0.518078
0.03 0.520714
0.033 0.523369
0.036 0.526046
0.039 0.528743
0.042 0.531461
0.045 0.534199
0.048 0.536959
0.051 0.539741
0.054 0.542543
0.057 0.545367
0.06 0.548213
0.063 0.55108
0.066 0.553969
0.069 0.55688
0.072 0.559813
0.075 0.562768
0.078 0.565745
0.081 0.568745
0.084 0.571767
0.087 0.574812
0.09 0.57788
0.093 0.58097
0.096 0.584084
0.099 0.58722
0.102 0.590379
0.105 0.593562
0.108 0.596768
0.111 0.599997
0.114 0.60325
0.117 0.606526
0.12 0.609826
0.123 0.61315
0.126 0.616498
0.129 0.61987
0.132 0.623265
0.135 0.626685
0.138 0.630129
0.141 0.633597
0.144 0.63709
0.147 0.640607
0.15 0.644148
0.153 0.647714
0.156 0.651304
0.159 0.654919
0.162 0.658559
0.165 0.662223
0.168 0.665912
0.171 0.669626
0.174 0.673365
0.177 0.677129
0.18 0.680917
0.183 0.684731
0.186 0.688569
0.189 0.692433
0.192 0.696322
0.195 0.700235
0.198 0.704174
0.201 0.708138
0.204 0.712127
0.207 0.716141
0.21 0.72018
0.213 0.724244
0.216 0.728333
0.219 0.732447
0.222 0.736586
0.225 0.74075
0.228 0.74494
0.231 0.749154
0.234 0.753393
0.237 0.757656
0.24 0.761945
0.243 0.766259
0.246 0.770597
0.249 0.774959
0.252 0.779347
0.255 0.783759
0.258 0.788195
0.261 0.792656
0.264 0.797141
0.267 0.80165
0.27 0.806183
0.273 0.810741
0.276 0.815322
0.279 0.819927
0.282 0.824556
0.285 0.829208
0.288 0.833884
0.291 0.838584
0.294 0.843306
0.297 0.848052
0.3 0.85282
0.303 0.857611
0.306 0.862425
0.309 0.867262
0.312 0.872121
0.315 0.877002
0.318 0.881905
0.321 0.88683
0.324 0.891776
0.327 0.896744
0.33 0.901734
0.333 0.906744
0.336 0.911776
0.339 0.916828
0.342 0.921901
0.345 0.926994
0.348 0.932107
0.351 0.937241
0.354 0.942393
0.357 0.947566
0.36 0.952758
0.363 0.957968
0.366 0.963198
0.369 0.968446
0.372 0.973712
0.375 0.978997
0.378 0.984299
0.381 0.989619
0.384 0.994956
0.387 1.00031
0.39 1.00568
0.393 1.01107
0.396 1.01647
0.399 1.02189
0.402 1.02733
0.405 1.03278
0.408 1.03825
0.411 1.04373
0.414 1.04922
0.417 1.05474
0.42 1.06026
0.423 1.0658
0.426 1.07135
0.429 1.07692
0.432 1.08249
0.435 1.08808
0.438 1.09369
0.441 1.0993
0.444 1.10493
0.447 1.11057
0.45 1.11622
0.453 1.12188
0.456 1.12755
0.459 1.13323
0.462 1.13892
0.465 1.14462
0.468 1.15033
0.471 1.15605
0.474 1.16178
0.477 1.16752
0.48 1.17326
0.483 1.17901
0.486 1.18477
0.489 1.19054
0.492 1.19631
0.495 1.2021
0.498 1.20788
0.501 1.21368
0.504 1.21947
0.507 1.22528
0.51 1.23109
0.513 1.2369
0.516 1.24272
0.519 1.24855
0.522 1.25437
0.525 1.2602
0.528 1.26604
0.531 1.27187
0.534 1.27771
0.537 1.28356
0.54 1.2894
0.543 1.29525
0.546 1.3011
0.549 1.30695
0.552 1.3128
0.555 1.31865
0.558 1.3245
0.561 1.33036
0.564 1.33621
0.567 1.34206
0.57 1.34791
0.573 1.35376
0.576 1.35961
0.579 1.36546
0.582 1.37131
0.585 1.37716
0.588 1.383
0.591 1.38884
0.594 1.39468
0.597 1.40052
0.6 1.40635
0.603 1.41218
0.606 1.41801
0.609 1.42383
0.612 1.42965
0.615 1.43546
0.618 1.44128
0.621 1.44708
0.624 1.45288
0.627 1.45868
0.63 1.46447
0.633 1.47026
0.636 1.47604
0.639 1.48181
0.642 1.48758
0.645 1.49334
0.648 1.4991
0.651 1.50485
0.654 1.51059
0.657 1.51633
0.66 1.52206
0.663 1.52778
0.666 1.53349
0.669 1.5392
0.672 1.5449
0.675 1.55059
0.678 1.55627
0.681 1.56195
0.684 1.56762
0.687 1.57327
0.69 1.57892
0.693 1.58456
0.696 1.5902
0.699 1.59582
0.702 1.60143
0.705 1.60704
0.708 1.61263
0.711 1.61822
0.714 1.62379
0.717 1.62936
0.72 1.63491
0.723 1.64046
0.726 1.646
0.729 1.65152
0.732 1.65704
0.735 1.66254
0.738 1.66803
0.741 1.67352
0.744 1.67899
0.747 1.68445
0.75 1.6899
0.753 1.69534
0.756 1.70077
0.759 1.70619
0.762 1.7116
0.765 1.71699
0.768 1.72238
0.771 1.72775
0.774 1.73311
0.777 1.73846
0.78 1.7438
0.783 1.74913
0.786 1.75444
0.789 1.75975
0.792 1.76504
0.795 1.77032
0.798 1.77558
0.801 1.78084
0.804 1.78608
0.807 1.79132
0.81 1.79654
0.813 1.80174
0.816 1.80694
0.819 1.81212
0.822 1.8173
0.825 1.82245
0.828 1.8276
0.831 1.83274
0.834 1.83786
0.837 1.84297
0.84 1.84807
0.843 1.85315
0.846 1.85823
0.849 1.86329
0.852 1.86834
0.855 1.87338
0.858 1.8784
0.861 1.88341
0.864 1.88841
0.867 1.8934
0.87 1.89838
0.873 1.90334
0.876 1.90829
0.879 1.91323
0.882 1.91816
0.885 1.92307
0.888 1.92797
0.891 1.93286
0.894 1.93774
0.897 1.94261
0.9 1.94746
0.903 1.9523
0.906 1.95713
0.909 1.96195
0.912 1.96676
0.915 1.97155
0.918 1.97633
0.921 1.9811
0.924 1.98586
0.927 1.99061
0.93 1.99534
0.933 2.00006
0.936 2.00477
0.939 2.00947
0.942 2.01416
0.945 2.01884
0.948 2.0235
0.951 2.02815
0.954 2.03279
0.957 2.03742
0.96 2.04204
0.963 2.04665
0.966 2.05125
0.969 2.05583
0.972 2.0604
0.975 2.06497
0.978 2.06952
0.981 2.07406
0.984 2.07859
0.987 2.0831
0.99 2.08761
0.993 2.09211
0.996 2.09659
0.999 2.10107
1.002 2.10553
1.005 2.10999
1.008 2.11443
1.011 2.11886
1.014 2.12329
1.017 2.1277
1.02 2.1321
1.023 2.13649
1.026 2.14087
1.029 2.14525
1.032 2.14961
1.035 2.15396
1.038 2.1583
1.041 2.16263
1.044 2.16695
1.047 2.17127
1.05 2.17557
1.053 2.17986
1.056 2.18415
1.059 2.18842
1.062 2.19269
1.065 2.19694
1.068 2.20119
1.071 2.20543
1.074 2.20966
1.077 2.21388
1.08 2.21809
1.083 2.22229
1.086 2.22649
1.089 2.23067
1.092 2.23485
1.095 2.23902
1.098 2.24318
1.101 2.24733
1.104 2.25147
1.107 2.25561
1.11 2.25973
1.113 2.26385
1.116 2.26797
1.119 2.27207
1.122 2.27616
1.125 2.28025
1.128 2.28433
1.131 2.28841
1.134 2.29247
1.137 2.29653
1.14 2.30058
1.143 2.30463
1.146 2.30866
1.149 2.31269
1.152 2.31672
1.155 2.32073
1.158 2.32474
1.161 2.32875
1.164 2.33274
1.167 2.33673
1.17 2.34072
1.173 2.34469
1.176 2.34867
1.179 2.35263
1.182 2.35659
1.185 2.36054
1.188 2.36449
1.191 2.36843
1.194 2.37237
1.197 2.3763
1.2 2.38023
1.203 2.38415
1.206 2.38806
1.209 2.39197
1.212 2.39587
1.215 2.39977
1.218 2.40367
1.221 2.40756
1.224 2.41144
1.227 2.41532
1.23 2.4192
1.233 2.42307
1.236 2.42694
1.239 2.4308
1.242 2.43466
1.245 2.43851
1.248 2.44236
1.251 2.44621
1.254 2.45005
1.257 2.45389
1.26 2.45773
1.263 2.46156
1.266 2.46539
1.269 2.46921
1.272 2.47304
1.275 2.47686
1.278 2.48067
1.281 2.48449
1.284 2.4883
1.287 2.4921
1.29 2.49591
1.293 2.49971
1.296 2.50351
1.299 2.50731
1.302 2.5111
1.305 2.5149
1.308 2.51869
1.311 2.52248
1.314 2.52627
1.317 2.53005
1.32 2.53384
1.323 2.53762
1.326 2.5414
1.329 2.54518
1.332 2.54896
1.335 2.55273
1.338 2.55651
1.341 2.56028
1.344 2.56406
1.347 2.56783
1.35 2.57161
1.353 2.57538
1.356 2.57915
1.359 2.58292
1.362 2.58669
1.365 2.59046
1.368 2.59423
1.371 2.598
1.374 2.60177
1.377 2.60554
1.38 2.60931
1.383 2.61309
1.386 2.61686
1.389 2.62063
1.392 2.6244
1.395 2.62818
1.398 2.63195
1.401 2.63573
1.404 2.6395
1.407 2.64328
1.41 2.64706
1.413 2.65084
1.416 2.65462
1.419 2.6584
1.422 2.66219
1.425 2.66597
1.428 2.66976
1.431 2.67355
1.434 2.67734
1.437 2.68114
1.44 2.68493
1.443 2.68873
1.446 2.69253
1.449 2.69633
1.452 2.70014
1.455 2.70395
1.458 2.70776
1.461 2.71157
1.464 2.71538
1.467 2.7192
1.47 2.72303
1.473 2.72685
1.476 2.73068
1.479 2.73451
1.482 2.73834
1.485 2.74218
1.488 2.74602
1.491 2.74987
1.494 2.75372
1.497 2.75757
1.5 2.76142
1.503 2.76528
1.506 2.76915
1.509 2.77301
1.512 2.77689
1.515 2.78076
1.518 2.78464
1.521 2.78853
1.524 2.79242
1.527 2.79631
1.53 2.80021
1.533 2.80411
1.536 2.80802
1.539 2.81193
1.542 2.81584
1.545 2.81977
1.548 2.82369
1.551 2.82762
1.554 2.83156
1.557 2.8355
1.56 2.83945
1.563 2.8434
1.566 2.84736
1.569 2.85132
1.572 2.85529
1.575 2.85926
1.578 2.86324
1.581 2.86723
1.584 2.87122
1.587 2.87521
1.59 2.87921
1.593 2.88322
1.596 2.88723
1.599 2.89125
1.602 2.89528
1.605 2.89931
1.608 2.90334
1.611 2.90738
1.614 2.91143
1.617 2.91549
1.62 2.91955
1.623 2.92361
1.626 2.92769
1.629 2.93177
1.632 2.93585
1.635 2.93994
1.638 2.94404
1.641 2.94814
1.644 2.95226
1.647 2.95637
1.65 2.96049
1.653 2.96462
1.656 2.96876
1.659 2.9729
1.662 2.97705
1.665 2.9812
1.668 2.98537
1.671 2.98953
1.674 2.99371
1.677 2.99789
1.68 3.00207
1.683 3.00627
1.686 3.01047
1.689 3.01467
1.692 3.01888
1.695 3.0231
1.698 3.02733
1.701 3.03156
1.704 3.03579
1.707 3.04004
1.71 3.04429
1.713 3.04854
1.716 3.0528
1.719 3.05707
1.722 3.06135
1.725 3.06563
1.728 3.06991
1.731 3.07421
1.734 3.0785
1.737 3.08281
1.74 3.08712
1.743 3.09143
1.746 3.09576
1.749 3.10008
1.752 3.10442
1.755 3.10876
1.758 3.1131
1.761 3.11745
1.764 3.1218
1.767 3.12616
1.77 3.13053
1.773 3.1349
1.776 3.13928
1.779 3.14366
1.782 3.14804
1.785 3.15243
1.788 3.15683
1.791 3.16123
1.794 3.16563
1.797 3.17004
1.8 3.17445
1.803 3.17887
1.806 3.18329
1.809 3.18772
1.812 3.19215
1.815 3.19658
1.818 3.20102
1.821 3.20546
1.824 3.2099
1.827 3.21435
1.83 3.2188
1.833 3.22326
1.836 3.22771
1.839 3.23218
1.842 3.23664
1.845 3.2411
1.848 3.24557
1.851 3.25004
1.854 3.25451
1.857 3.25899
1.86 3.26346
1.863 3.26794
1.866 3.27242
1.869 3.2769
1.872 3.28139
1.875 3.28587
1.878 3.29035
1.881 3.29484
1.884 3.29932
1.887 3.30381
1.89 3.3083
1.893 3.31278
1.896 3.31727
1.899 3.32176
1.902 3.32624
1.905 3.33073
1.908 3.33521
1.911 3.3397
1.914 3.34418
1.917 3.34866
1.92 3.35314
1.923 3.35762
1.926 3.36209
1.929 3.36657
1.932 3.37104
1.935 3.37551
1.938 3.37997
1.941 3.38444
1.944 3.3889
1.947 3.39335
1.95 3.39781
1.953 3.40226
1.956 3.4067
1.959 3.41114
1.962 3.41558
1.965 3.42002
1.968 3.42444
1.971 3.42887
1.974 3.43328
1.977 3.4377
1.98 3.4421
1.983 3.4465
1.986 3.4509
1.989 3.45529
1.992 3.45967
1.995 3.46405
1.998 3.46841
2.001 3.47278
2.004 3.47713
2.007 3.48148
2.01 3.48581
2.013 3.49014
2.016 3.49447
2.019 3.49878
2.022 3.50309
2.025 3.50738
2.028 3.51167
2.031 3.51595
2.034 3.52022
2.037 3.52448
2.04 3.52872
2.043 3.53296
2.046 3.53719
2.049 3.54141
2.052 3.54562
2.055 3.54981
2.058 3.554
2.061 3.55817
2.064 3.56233
2.067 3.56648
2.07 3.57062
2.073 3.57474
2.076 3.57886
2.079 3.58296
2.082 3.58705
2.085 3.59112
2.088 3.59518
2.091 3.59923
2.094 3.60326
2.097 3.60728
2.1 3.61129
2.103 3.61528
2.106 3.61926
2.109 3.62322
2.112 3.62717
2.115 3.63111
2.118 3.63502
2.121 3.63893
2.124 3.64282
2.127 3.64669
2.13 3.65054
2.133 3.65439
2.136 3.65821
2.139 3.66202
2.142 3.66581
2.145 3.66959
2.148 3.67334
2.151 3.67709
2.154 3.68081
2.157 3.68452
2.16 3.68821
2.163 3.69188
2.166 3.69554
2.169 3.69918
2.172 3.7028
2.175 3.7064
2.178 3.70998
2.181 3.71355
2.184 3.7171
2.187 3.72063
2.19 3.72414
2.193 3.72763
2.196 3.7311
2.199 3.73456
2.202 3.738
2.205 3.74141
2.208 3.74481
2.211 3.74819
2.214 3.75155
2.217 3.75489
2.22 3.75821
2.223 3.76151
2.226 3.7648
2.229 3.76806
2.232 3.7713
2.235 3.77453
2.238 3.77773
2.241 3.78091
2.244 3.78408
2.247 3.78722
2.25 3.79035
2.253 3.79345
2.256 3.79653
2.259 3.7996
2.262 3.80264
2.265 3.80567
2.268 3.80867
2.271 3.81165
2.274 3.81462
2.277 3.81756
2.28 3.82049
2.283 3.82339
2.286 3.82627
2.289 3.82913
2.292 3.83198
2.295 3.8348
2.298 3.8376
2.301 3.84038
2.304 3.84314
2.307 3.84589
2.31 3.84861
2.313 3.85131
2.316 3.85399
2.319 3.85665
2.322 3.85929
2.325 3.86191
2.328 3.86451
2.331 3.86709
2.334 3.86965
2.337 3.8722
2.34 3.87472
2.343 3.87722
2.346 3.8797
2.349 3.88216
2.352 3.8846
2.355 3.88703
2.358 3.88943
2.361 3.89181
2.364 3.89418
2.367 3.89652
2.37 3.89885
2.373 3.90115
2.376 3.90344
2.379 3.90571
2.382 3.90796
2.385 3.91019
2.388 3.9124
2.391 3.91459
2.394 3.91676
2.397 3.91892
2.4 3.92106
2.403 3.92317
2.406 3.92527
2.409 3.92735
2.412 3.92942
2.415 3.93146
2.418 3.93349
2.421 3.93549
2.424 3.93749
2.427 3.93946
2.43 3.94141
2.433 3.94335
2.436 3.94527
2.439 3.94717
2.442 3.94906
2.445 3.95092
2.448 3.95277
2.451 3.95461
2.454 3.95642
2.457 3.95822
2.46 3.96001
2.463 3.96177
2.466 3.96352
2.469 3.96526
2.472 3.96697
2.475 3.96867
2.478 3.97036
2.481 3.97203
2.484 3.97368
2.487 3.97532
2.49 3.97694
2.493 3.97854
2.496 3.98013
2.499 3.98171
2.502 3.98327
2.505 3.98481
2.508 3.98634
2.511 3.98785
2.514 3.98935
2.517 3.99084
2.52 3.99231
2.523 3.99376
2.526 3.9952
2.529 3.99663
2.532 3.99804
2.535 3.99944
2.538 4.00082
2.541 4.00219
2.544 4.00355
2.547 4.00489
2.55 4.00622
2.553 4.00754
2.556 4.00884
2.559 4.01013
2.562 4.01141
2.565 4.01267
2.568 4.01392
2.571 4.01516
2.574 4.01638
2.577 4.0176
2.58 4.0188
2.583 4.01998
2.586 4.02116
2.589 4.02232
2.592 4.02347
2.595 4.02461
2.598 4.02574
2.601 4.02686
2.604 4.02796
2.607 4.02905
2.61 4.03013
2.613 4.0312
2.616 4.03226
2.619 4.03331
2.622 4.03434
2.625 4.03537
2.628 4.03638
2.631 4.03739
2.634 4.03838
2.637 4.03936
2.64 4.04034
2.643 4.0413
2.646 4.04225
2.649 4.04319
2.652 4.04412
2.655 4.04505
2.658 4.04596
2.661 4.04686
2.664 4.04775
2.667 4.04863
2.67 4.04951
2.673 4.05037
2.676 4.05123
2.679 4.05207
2.682 4.05291
2.685 4.05373
2.688 4.05455
2.691 4.05536
2.694 4.05616
2.697 4.05695
2.7 4.05774
2.703 4.05851
2.706 4.05928
2.709 4.06004
2.712 4.06079
2.715 4.06153
2.718 4.06226
2.721 4.06299
2.724 4.06371
2.727 4.06442
2.73 4.06512
2.733 4.06581
2.736 4.0665
2.739 4.06718
2.742 4.06785
2.745 4.06851
2.748 4.06917
2.751 4.06982
2.754 4.07046
2.757 4.0711
2.76 4.07173
2.763 4.07235
2.766 4.07296
2.769 4.07357
2.772 4.07417
2.775 4.07477
2.778 4.07535
2.781 4.07594
2.784 4.07651
2.787 4.07708
2.79 4.07764
2.793 4.0782
2.796 4.07875
2.799 4.07929
2.802 4.07983
2.805 4.08036
2.808 4.08089
2.811 4.08141
2.814 4.08192
2.817 4.08243
2.82 4.08293
2.823 4.08343
2.826 4.08392
2.829 4.08441
2.832 4.08489
2.835 4.08536
2.838 4.08583
2.841 4.0863
2.844 4.08676
2.847 4.08721
2.85 4.08766
2.853 4.0881
2.856 4.08854
2.859 4.08898
2.862 4.08941
2.865 4.08983
2.868 4.09025
2.871 4.09066
2.874 4.09107
2.877 4.09148
2.88 4.09188
2.883 4.09228
2.886 4.09267
2.889 4.09306
2.892 4.09344
2.895 4.09382
2.898 4.09419
2.901 4.09456
2.904 4.09493
2.907 4.09529
2.91 4.09565
2.913 4.096
2.916 4.09635
2.919 4.0967
2.922 4.09704
2.925 4.09738
2.928 4.09771
2.931 4.09804
2.934 4.09837
2.937 4.09869
2.94 4.09901
2.943 4.09933
2.946 4.09964
2.949 4.09995
2.952 4.10026
2.955 4.10056
2.958 4.10085
2.961 4.10115
2.964 4.10144
2.967 4.10173
2.97 4.10201
2.973 4.10229
2.976 4.10257
2.979 4.10285
2.982 4.10312
2.985 4.10339
2.988 4.10365
2.991 4.10392
2.994 4.10418
2.997 4.10443
3 4.10469
3.001 0
