0 5
0.003 4.0789
0.006 4.07947
0.009 4.08005
0.012 4.08063
0.015 4.08121
0.018 4.0818
0.021 4.0824
0.024 4.083
0.027 4.0836
0.03 4.08421
0.033 4.08482
0.036 4.08544
0.039 4.08606
0.042 4.08669
0.045 4.08732
0.048 4.08796
0.051 4.0886
0.054 4.08925
0.057 4.0899
0.06 4.09056
0.063 4.09122
0.066 4.09189
0.069 4.09256
0.072 4.09324
0.075 4.09392
0.078 4.09461
0.081 4.0953
0.084 4.096
0.087 4.0967
0.09 4.09741
0.093 4.09813
0.096 4.09885
0.099 4.09958
0.102 4.10031
0.105 4.10105
0.108 4.10179
0.111 4.10254
0.114 4.10329
0.117 4.10405
0.12 4.10482
0.123 4.10559
0.126 4.10637
0.129 4.10715
0.132 4.10794
0.135 4.10874
0.138 4.10954
0.141 4.11035
0.144 4.11117
0.147 4.11199
0.15 4.11282
0.153 4.11365
0.156 4.11449
0.159 4.11534
0.162 4.11619
0.165 4.11705
0.168 4.11792
0.171 4.1188
0.174 4.11968
0.177 4.12056
0.18 4.12146
0.183 4.12236
0.186 4.12327
0.189 4.12418
0.192 4.12511
0.195 4.12604
0.198 4.12697
0.201 4.12792
0.204 4.12887
0.207 4.12983
0.21 4.1308
0.213 4.13177
0.216 4.13275
0.219 4.13374
0.222 4.13474
0.225 4.13575
0.228 4.13676
0.231 4.13778
0.234 4.13881
0.237 4.13984
0.24 4.14089
0.243 4.14194
0.246 4.143
0.249 4.14407
0.252 4.14515
0.255 4.14624
0.258 4.14733
0.261 4.14844
0.264 4.14955
0.267 4.15067
0.27 4.1518
0.273 4.15294
0.276 4.15408
0.279 4.15524
0.282 4.15641
0.285 4.15758
0.288 4.15876
0.291 4.15996
0.294 4.16116
0.297 4.16237
0.3 4.16359
0.303 4.16482
0.306 4.16606
0.309 4.16731
0.312 4.16857
0.315 4.16984
0.318 4.17112
0.321 4.17241
0.324 4.17371
0.327 4.17502
0.33 4.17634
0.333 4.17767
0.336 4.17901
0.339 4.18037
0.342 4.18173
0.345 4.1831
0.348 4.18448
0.351 4.18588
0.354 4.18728
0.357 4.1887
0.36 4.19012
0.363 4.19156
0.366 4.19301
0.369 4.19447
0.372 4.19594
0.375 4.19743
0.378 4.19892
0.381 4.20043
0.384 4.20194
0.387 4.20347
0.39 4.20501
0.393 4.20656
0.396 4.20813
0.399 4.2097
0.402 4.21129
0.405 4.21289
0.408 4.21451
0.411 4.21613
0.414 4.21777
0.417 4.21942
0.42 4.22108
0.423 4.22275
0.426 4.22444
0.429 4.22614
0.432 4.22785
0.435 4.22957
0.438 4.23131
0.441 4.23306
0.444 4.23482
0.447 4.2366
0.45 4.23838
0.453 4.24018
0.456 4.242
0.459 4.24382
0.462 4.24566
0.465 4.24752
0.468 4.24938
0.471 4.25126
0.474 4.25315
0.477 4.25506
0.48 4.25698
0.483 4.25891
0.486 4.26085
0.489 4.26281
0.492 4.26478
0.495 4.26677
0.498 4.26876
0.501 4.27077
0.504 4.2728
0.507 4.27483
0.51 4.27688
0.513 4.27895
0.516 4.28102
0.519 4.28311
0.522 4.28521
0.525 4.28733
0.528 4.28946
0.531 4.2916
0.534 4.29375
0.537 4.29592
0.54 4.29809
0.543 4.30029
0.546 4.30249
0.549 4.30471
0.552 4.30693
0.555 4.30917
0.558 4.31143
0.561 4.31369
0.564 4.31597
0.567 4.31826
0.57 4.32056
0.573 4.32287
0.576 4.3252
0.579 4.32753
0.582 4.32988
0.585 4.33224
0.588 4.3346
0.591 4.33698
0.594 4.33937
0.597 4.34177
0.6 4.34419
0.603 4.34661
0.606 4.34904
0.609 4.35148
0.612 4.35393
0.615 4.35639
0.618 4.35886
0.621 4.36134
0.624 4.36383
0.627 4.36633
0.63 4.36883
0.633 4.37134
0.636 4.37387
0.639 4.3764
0.642 4.37893
0.645 4.38148
0.648 4.38403
0.651 4.38659
0.654 4.38916
0.657 4.39173
0.66 4.39431
0.663 4.39689
0.666 4.39948
0.669 4.40208
0.672 4.40468
0.675 4.40729
0.678 4.4099
0.681 4.41252
0.684 4.41514
0.687 4.41777
0.69 4.4204
0.693 4.42303
0.696 4.42567
0.699 4.42831
0.702 4.43095
0.705 4.43359
0.708 4.43624
0.711 4.43889
0.714 4.44154
0.717 4.4442
0.72 4.44685
0.723 4.44951
0.726 4.45216
0.729 4.45482
0.732 4.45748
0.735 4.46013
0.738 4.46279
0.741 4.46545
0.744 4.4681
0.747 4.47076
0.75 4.47341
0.753 4.47607
0.756 4.47872
0.759 4.48137
0.762 4.48402
0.765 4.48666
0.768 4.48931
0.771 4.49195
0.774 4.49458
0.777 4.49722
0.78 4.49985
0.783 4.50247
0.786 4.5051
0.789 4.50772
0.792 4.51033
0.795 4.51294
0.798 4.51555
0.801 4.51815
0.804 4.52075
0.807 4.52334
0.81 4.52592
0.813 4.5285
0.816 4.53108
0.819 4.53365
0.822 4.53621
0.825 4.53877
0.828 4.54132
0.831 4.54386
0.834 4.5464
0.837 4.54893
0.84 4.55145
0.843 4.55397
0.846 4.55648
0.849 4.55898
0.852 4.56148
0.855 4.56397
0.858 4.56645
0.861 4.56892
0.864 4.57138
0.867 4.57384
0.87 4.57629
0.873 4.57873
0.876 4.58116
0.879 4.58358
0.882 4.586
0.885 4.5884
0.888 4.5908
0.891 4.59319
0.894 4.59557
0.897 4.59794
0.9 4.60031
0.903 4.60266
0.906 4.605
0.909 4.60734
0.912 4.60967
0.915 4.61199
0.918 4.61429
0.921 4.61659
0.924 4.61888
0.927 4.62116
0.93 4.62344
0.933 4.6257
0.936 4.62795
0.939 4.6302
0.942 4.63243
0.945 4.63465
0.948 4.63687
0.951 4.63908
0.954 4.64127
0.957 4.64346
0.96 4.64564
0.963 4.6478
0.966 4.64996
0.969 4.65211
0.972 4.65425
0.975 4.65638
0.978 4.6585
0.981 4.66061
0.984 4.66271
0.987 4.66481
0.99 4.66689
0.993 4.66896
0.996 4.67103
0.999 4.67308
1.002 4.67513
1.005 4.67716
1.008 4.67919
1.011 4.6812
1.014 4.68321
1.017 4.68521
1.02 4.6872
1.023 4.68918
1.026 4.69115
1.029 4.69311
1.032 4.69507
1.035 4.69701
1.038 4.69894
1.041 4.70087
1.044 4.70279
1.047 4.70469
1.05 4.70659
1.053 4.70848
1.056 4.71036
1.059 4.71224
1.062 4.7141
1.065 4.71595
1.068 4.7178
1.071 4.71964
1.074 4.72147
1.077 4.72329
1.08 4.7251
1.083 4.7269
1.086 4.7287
1.089 4.73048
1.092 4.73226
1.095 4.73403
1.098 4.73579
1.101 4.73755
1.104 4.73929
1.107 4.74103
1.11 4.74276
1.113 4.74448
1.116 4.74619
1.119 4.7479
1.122 4.7496
1.125 4.75129
1.128 4.75297
1.131 4.75464
1.134 4.75631
1.137 4.75797
1.14 4.75962
1.143 4.76126
1.146 4.7629
1.149 4.76453
1.152 4.76615
1.155 4.76776
1.158 4.76937
1.161 4.77097
1.164 4.77256
1.167 4.77414
1.17 4.77572
1.173 4.77729
1.176 4.77885
1.179 4.78041
1.182 4.78196
1.185 4.7835
1.188 4.78503
1.191 4.78656
1.194 4.78808
1.197 4.7896
1.2 4.79111
1.203 4.79261
1.206 4.7941
1.209 4.79559
1.212 4.79707
1.215 4.79854
1.218 4.80001
1.221 4.80147
1.224 4.80293
1.227 4.80437
1.23 4.80581
1.233 4.80725
1.236 4.80868
1.239 4.8101
1.242 4.81152
1.245 4.81293
1.248 4.81433
1.251 4.81573
1.254 4.81712
1.257 4.81851
1.26 4.81988
1.263 4.82126
1.266 4.82262
1.269 4.82398
1.272 4.82534
1.275 4.82669
1.278 4.82803
1.281 4.82937
1.284 4.8307
1.287 4.83202
1.29 4.83334
1.293 4.83466
1.296 4.83596
1.299 4.83726
1.302 4.83856
1.305 4.83985
1.308 4.84113
1.311 4.84241
1.314 4.84369
1.317 4.84495
1.32 4.84621
1.323 4.84747
1.326 4.84872
1.329 4.84996
1.332 4.8512
1.335 4.85244
1.338 4.85366
1.341 4.85489
1.344 4.8561
1.347 4.85731
1.35 4.85852
1.353 4.85972
1.356 4.86091
1.359 4.8621
1.362 4.86328
1.365 4.86446
1.368 4.86563
1.371 4.8668
1.374 4.86796
1.377 4.86912
1.38 4.87027
1.383 4.87141
1.386 4.87255
1.389 4.87368
1.392 4.87481
1.395 4.87594
1.398 4.87705
1.401 4.87816
1.404 4.87927
1.407 4.88037
1.41 4.88147
1.413 4.88256
1.416 4.88364
1.419 4.88472
1.422 4.8858
1.425 4.88686
1.428 4.88793
1.431 4.88898
1.434 4.89004
1.437 4.89108
1.44 4.89212
1.443 4.89316
1.446 4.89419
1.449 4.89521
1.452 4.89623
1.455 4.89724
1.458 4.89825
1.461 4.89926
1.464 4.90025
1.467 4.90124
1.47 4.90223
1.473 4.90321
1.476 4.90418
1.479 4.90515
1.482 4.90612
1.485 4.90707
1.488 4.90803
1.491 4.90897
1.494 4.90991
1.497 4.91085
1.5 4.91178
1.503 4.9127
1.506 4.91362
1.509 4.91454
1.512 4.91544
1.515 4.91634
1.518 4.91724
1.521 4.91813
1.524 4.91901
1.527 4.91989
1.53 4.92076
1.533 4.92163
1.536 4.92249
1.539 4.92335
1.542 4.92419
1.545 4.92504
1.548 4.92588
1.551 4.92671
1.554 4.92753
1.557 4.92835
1.56 4.92916
1.563 4.92997
1.566 4.93077
1.569 4.93157
1.572 4.93236
1.575 4.93314
1.578 4.93392
1.581 4.93469
1.584 4.93545
1.587 4.93621
1.59 4.93697
1.593 4.93771
1.596 4.93845
1.599 4.93918
1.602 4.93991
1.605 4.94063
1.608 4.94135
1.611 4.94206
1.614 4.94276
1.617 4.94345
1.62 4.94414
1.623 4.94483
1.626 4.9455
1.629 4.94617
1.632 4.94683
1.635 4.94749
1.638 4.94814
1.641 4.94878
1.644 4.94942
1.647 4.95005
1.65 4.95067
1.653 4.95129
1.656 4.9519
1.659 4.9525
1.662 4.9531
1.665 4.95369
1.668 4.95427
1.671 4.95484
1.674 4.95541
1.677 4.95597
1.68 4.95653
1.683 4.95707
1.686 4.95761
1.689 4.95814
1.692 4.95867
1.695 4.95919
1.698 4.9597
1.701 4.9602
1.704 4.9607
1.707 4.96119
1.71 4.96167
1.713 4.96215
1.716 4.96261
1.719 4.96307
1.722 4.96352
1.725 4.96397
1.728 4.9644
1.731 4.96483
1.734 4.96525
1.737 4.96567
1.74 4.96607
1.743 4.96647
1.746 4.96686
1.749 4.96724
1.752 4.96762
1.755 4.96799
1.758 4.96834
1.761 4.96869
1.764 4.96904
1.767 4.96937
1.77 4.9697
1.773 4.97001
1.776 4.97032
1.779 4.97063
1.782 4.97092
1.785 4.9712
1.788 4.97148
1.791 4.97175
1.794 4.97201
1.797 4.97226
1.8 4.9725
1.803 4.97273
1.806 4.97296
1.809 4.97317
1.812 4.97338
1.815 4.97358
1.818 4.97377
1.821 4.97395
1.824 4.97412
1.827 4.97428
1.83 4.97443
1.833 4.97458
1.836 4.97471
1.839 4.97484
1.842 4.97495
1.845 4.97506
1.848 4.97516
1.851 4.97525
1.854 4.97532
1.857 4.97539
1.86 4.97545
1.863 4.9755
1.866 4.97554
1.869 4.97557
1.872 4.97559
1.875 4.9756
1.878 4.97561
1.881 4.9756
1.884 4.97558
1.887 4.97555
1.89 4.97551
1.893 4.97546
1.896 4.9754
1.899 4.97533
1.902 4.97525
1.905 4.97516
1.908 4.97506
1.911 4.97495
1.914 4.97482
1.917 4.97469
1.92 4.97455
1.923 4.97439
1.926 4.97423
1.929 4.97405
1.932 4.97387
1.935 4.97367
1.938 4.97346
1.941 4.97324
1.944 4.97301
1.947 4.97277
1.95 4.97252
1.953 4.97225
1.956 4.97198
1.959 4.97169
1.962 4.97139
1.965 4.97108
1.968 4.97076
1.971 4.97043
1.974 4.97009
1.977 4.96973
1.98 4.96937
1.983 4.96899
1.986 4.9686
1.989 4.96819
1.992 4.96778
1.995 4.96735
1.998 4.96691
2.001 4.96646
2.004 4.966
2.007 4.96553
2.01 4.96504
2.013 4.96454
2.016 4.96403
2.019 4.96351
2.022 4.96297
2.025 4.96243
2.028 4.96187
2.031 4.96129
2.034 4.96071
2.037 4.96011
2.04 4.9595
2.043 4.95888
2.046 4.95824
2.049 4.95759
2.052 4.95693
2.055 4.95626
2.058 4.95558
2.061 4.95488
2.064 4.95417
2.067 4.95344
2.07 4.9527
2.073 4.95195
2.076 4.95119
2.079 4.95042
2.082 4.94963
2.085 4.94883
2.088 4.94801
2.091 4.94719
2.094 4.94635
2.097 4.94549
2.1 4.94463
2.103 4.94375
2.106 4.94286
2.109 4.94195
2.112 4.94103
2.115 4.9401
2.118 4.93916
2.121 4.9382
2.124 4.93723
2.127 4.93625
2.13 4.93525
2.133 4.93424
2.136 4.93322
2.139 4.93219
2.142 4.93114
2.145 4.93008
2.148 4.92901
2.151 4.92792
2.154 4.92682
2.157 4.92571
2.16 4.92459
2.163 4.92345
2.166 4.9223
2.169 4.92114
2.172 4.91997
2.175 4.91878
2.178 4.91758
2.181 4.91637
2.184 4.91515
2.187 4.91391
2.19 4.91266
2.193 4.9114
2.196 4.91013
2.199 4.90884
2.202 4.90754
2.205 4.90624
2.208 4.90491
2.211 4.90358
2.214 4.90224
2.217 4.90088
2.22 4.89952
2.223 4.89814
2.226 4.89675
2.229 4.89534
2.232 4.89393
2.235 4.89251
2.238 4.89107
2.241 4.88963
2.244 4.88817
2.247 4.88671
2.25 4.88523
2.253 4.88374
2.256 4.88224
2.259 4.88073
2.262 4.87922
2.265 4.87769
2.268 4.87615
2.271 4.8746
2.274 4.87304
2.277 4.87148
2.28 4.8699
2.283 4.86832
2.286 4.86672
2.289 4.86512
2.292 4.86351
2.295 4.86189
2.298 4.86026
2.301 4.85862
2.304 4.85698
2.307 4.85532
2.31 4.85366
2.313 4.85199
2.316 4.85032
2.319 4.84864
2.322 4.84695
2.325 4.84525
2.328 4.84354
2.331 4.84183
2.334 4.84012
2.337 4.83839
2.34 4.83666
2.343 4.83493
2.346 4.83319
2.349 4.83144
2.352 4.82969
2.355 4.82793
2.358 4.82617
2.361 4.8244
2.364 4.82263
2.367 4.82085
2.37 4.81907
2.373 4.81729
2.376 4.8155
2.379 4.81371
2.382 4.81191
2.385 4.81011
2.388 4.80831
2.391 4.8065
2.394 4.8047
2.397 4.80288
2.4 4.80107
2.403 4.79926
2.406 4.79744
2.409 4.79562
2.412 4.7938
2.415 4.79198
2.418 4.79016
2.421 4.78833
2.424 4.78651
2.427 4.78468
2.43 4.78285
2.433 4.78103
2.436 4.7792
2.439 4.77738
2.442 4.77555
2.445 4.77372
2.448 4.7719
2.451 4.77007
2.454 4.76825
2.457 4.76643
2.46 4.76461
2.463 4.76279
2.466 4.76097
2.469 4.75915
2.472 4.75734
2.475 4.75553
2.478 4.75372
2.481 4.75191
2.484 4.75011
2.487 4.7483
2.49 4.7465
2.493 4.74471
2.496 4.74292
2.499 4.74113
2.502 4.73934
2.505 4.73756
2.508 4.73578
2.511 4.73401
2.514 4.73224
2.517 4.73047
2.52 4.72871
2.523 4.72695
2.526 4.7252
2.529 4.72345
2.532 4.72171
2.535 4.71997
2.538 4.71824
2.541 4.71651
2.544 4.71478
2.547 4.71307
2.55 4.71135
2.553 4.70965
2.556 4.70795
2.559 4.70625
2.562 4.70456
2.565 4.70288
2.568 4.7012
2.571 4.69953
2.574 4.69786
2.577 4.6962
2.58 4.69455
2.583 4.6929
2.586 4.69126
2.589 4.68963
2.592 4.688
2.595 4.68638
2.598 4.68476
2.601 4.68315
2.604 4.68155
2.607 4.67996
2.61 4.67837
2.613 4.67679
2.616 4.67521
2.619 4.67364
2.622 4.67208
2.625 4.67053
2.628 4.66898
2.631 4.66744
2.634 4.66591
2.637 4.66438
2.64 4.66286
2.643 4.66135
2.646 4.65984
2.649 4.65834
2.652 4.65685
2.655 4.65536
2.658 4.65388
2.661 4.65241
2.664 4.65095
2.667 4.64949
2.67 4.64804
2.673 4.6466
2.676 4.64516
2.679 4.64373
2.682 4.64231
2.685 4.64089
2.688 4.63948
2.691 4.63808
2.694 4.63668
2.697 4.63529
2.7 4.63391
2.703 4.63253
2.706 4.63116
2.709 4.6298
2.712 4.62844
2.715 4.62709
2.718 4.62574
2.721 4.62441
2.724 4.62307
2.727 4.62175
2.73 4.62043
2.733 4.61912
2.736 4.61781
2.739 4.61651
2.742 4.61521
2.745 4.61393
2.748 4.61264
2.751 4.61137
2.754 4.6101
2.757 4.60883
2.76 4.60757
2.763 4.60632
2.766 4.60507
2.769 4.60383
2.772 4.60259
2.775 4.60136
2.778 4.60013
2.781 4.59891
2.784 4.59769
2.787 4.59648
2.79 4.59528
2.793 4.59408
2.796 4.59288
2.799 4.59169
2.802 4.59051
2.805 4.58933
2.808 4.58815
2.811 4.58698
2.814 4.58582
2.817 4.58466
2.82 4.5835
2.823 4.58235
2.826 4.5812
2.829 4.58006
2.832 4.57892
2.835 4.57778
2.838 4.57665
2.841 4.57553
2.844 4.57441
2.847 4.57329
2.85 4.57218
2.853 4.57107
2.856 4.56996
2.859 4.56886
2.862 4.56776
2.865 4.56667
2.868 4.56558
2.871 4.56449
2.874 4.56341
2.877 4.56233
2.88 4.56126
2.883 4.56018
2.886 4.55912
2.889 4.55805
2.892 4.55699
2.895 4.55593
2.898 4.55488
2.901 4.55383
2.904 4.55278
2.907 4.55173
2.91 4.55069
2.913 4.54965
2.916 4.54862
2.919 4.54758
2.922 4.54655
2.925 4.54553
2.928 4.5445
2.931 4.54348
2.934 4.54246
2.937 4.54145
2.94 4.54043
2.943 4.53942
2.946 4.53842
2.949 4.53741
2.952 4.53641
2.955 4.53541
2.958 4.53442
2.961 4.53342
2.964 4.53243
2.967 4.53144
2.97 4.53045
2.973 4.52947
2.976 4.52849
2.979 4.52751
2.982 4.52653
2.985 4.52556
2.988 4.52459
2.991 4.52362
2.994 4.52265
2.997 4.52168
3 4.52072
3.001 5
