0 0
0.003 0.0420377
0.006 0.0422523
0.009 0.0424699
0.012 0.0426907
0.015 0.0429147
0.018 0.0431418
0.021 0.0433723
0.024 0.043606
0.027 0.0438431
0.03 0.0440836
0.033 0.0443276
0.036 0.0445751
0.039 0.0448262
0.042 0.0450808
0.045 0.0453392
0.048 0.0456013
0.051 0.0458672
0.054 0.046137
0.057 0.0464107
0.06 0.0466883
0.063 0.04697
0.066 0.0472558
0.069 0.0475457
0.072 0.0478398
0.075 0.0481383
0.078 0.048441
0.081 0.0487482
0.084 0.0490599
0.087 0.0493762
0.09 0.049697
0.093 0.0500226
0.096 0.0503529
0.099 0.0506881
0.102 0.0510282
0.105 0.0513732
0.108 0.0517234
0.111 0.0520787
0.114 0.0524392
0.117 0.052805
0.12 0.0531762
0.123 0.0535528
0.126 0.053935
0.129 0.0543229
0.132 0.0547164
0.135 0.0551158
0.138 0.0555211
0.141 0.0559324
0.144 0.0563497
0.147 0.0567732
0.15 0.057203
0.153 0.0576392
0.156 0.0580818
0.159 0.0585309
0.162 0.0589868
0.165 0.0594494
0.168 0.0599188
0.171 0.0603953
0.174 0.0608788
0.177 0.0613695
0.18 0.0618675
0.183 0.0623729
0.186 0.0628858
0.189 0.0634063
0.192 0.0639346
0.195 0.0644708
0.198 0.0650149
0.201 0.0655672
0.204 0.0661277
0.207 0.0666965
0.21 0.0672738
0.213 0.0678598
0.216 0.0684545
0.219 0.069058
0.222 0.0696705
0.225 0.0702922
0.228 0.0709232
0.231 0.0715636
0.234 0.0722135
0.237 0.0728731
0.24 0.0735426
0.243 0.0742221
0.246 0.0749117
0.249 0.0756116
0.252 0.076322
0.255 0.0770429
0.258 0.0777746
0.261 0.0785173
0.264 0.079271
0.267 0.0800359
0.27 0.0808123
0.273 0.0816002
0.276 0.0823999
0.279 0.0832114
0.282 0.0840351
0.285 0.084871
0.288 0.0857194
0.291 0.0865803
0.294 0.0874541
0.297 0.0883408
0.3 0.0892408
0.303 0.090154
0.306 0.0910809
0.309 0.0920214
0.312 0.0929759
0.315 0.0939445
0.318 0.0949275
0.321 0.0959249
0.324 0.0969371
0.327 0.0979642
0.33 0.0990065
0.333 0.100064
0.336 0.101137
0.339 0.102226
0.342 0.103331
0.345 0.104452
0.348 0.10559
0.351 0.106744
0.354 0.107915
0.357 0.109103
0.36 0.110308
0.363 0.111531
0.366 0.112771
0.369 0.11403
0.372 0.115307
0.375 0.116602
0.378 0.117915
0.381 0.119248
0.384 0.1206
0.387 0.121971
0.39 0.123362
0.393 0.124773
0.396 0.126203
0.399 0.127654
0.402 0.129126
0.405 0.130618
0.408 0.132131
0.411 0.133666
0.414 0.135222
0.417 0.136799
0.42 0.138399
0.423 0.140021
0.426 0.141665
0.429 0.143332
0.432 0.145022
0.435 0.146735
0.438 0.148472
0.441 0.150232
0.444 0.152016
0.447 0.153824
0.45 0.155656
0.453 0.157513
0.456 0.159394
0.459 0.1613
0.462 0.163232
0.465 0.165189
0.468 0.167172
0.471 0.16918
0.474 0.171214
0.477 0.173275
0.48 0.175362
0.483 0.177475
0.486 0.179615
0.489 0.181783
0.492 0.183977
0.495 0.186199
0.498 0.188448
0.501 0.190724
0.504 0.193029
0.507 0.195361
0.51 0.197722
0.513 0.20011
0.516 0.202527
0.519 0.204973
0.522 0.207447
0.525 0.209949
0.528 0.212481
0.531 0.215041
0.534 0.21763
0.537 0.220248
0.54 0.222895
0.543 0.225571
0.546 0.228277
0.549 0.231011
0.552 0.233775
0.555 0.236567
0.558 0.239389
0.561 0.24224
0.564 0.245121
0.567 0.24803
0.57 0.250968
0.573 0.253936
0.576 0.256932
0.579 0.259957
0.582 0.263011
0.585 0.266093
0.588 0.269204
0.591 0.272343
0.594 0.275511
0.597 0.278706
0.6 0.28193
0.603 0.285181
0.606 0.288459
0.609 0.291765
0.612 0.295098
0.615 0.298457
0.618 0.301843
0.621 0.305256
0.624 0.308694
0.627 0.312158
0.63 0.315647
0.633 0.319162
0.636 0.322701
0.639 0.326264
0.642 0.329851
0.645 0.333462
0.648 0.337096
0.651 0.340753
0.654 0.344432
0.657 0.348134
0.66 0.351856
0.663 0.3556
0.666 0.359365
0.669 0.363149
0.672 0.366953
0.675 0.370777
0.678 0.374618
0.681 0.378479
0.684 0.382356
0.687 0.386251
0.69 0.390162
0.693 0.394089
0.696 0.398032
0.699 0.401989
0.702 0.405961
0.705 0.409947
0.708 0.413945
0.711 0.417956
0.714 0.421979
0.717 0.426014
0.72 0.430059
0.723 0.434114
0.726 0.438179
0.729 0.442253
0.732 0.446335
0.735 0.450424
0.738 0.454521
0.741 0.458624
0.744 0.462733
0.747 0.466848
0.75 0.470967
0.753 0.47509
0.756 0.479216
0.759 0.483346
0.762 0.487477
0.765 0.491611
0.768 0.495745
0.771 0.49988
0.774 0.504014
0.777 0.508148
0.78 0.512281
0.783 0.516412
0.786 0.520541
0.789 0.524667
0.792 0.528789
0.795 0.532908
0.798 0.537022
0.801 0.541131
0.804 0.545235
0.807 0.549332
0.81 0.553424
0.813 0.557509
0.816 0.561586
0.819 0.565655
0.822 0.569717
0.825 0.57377
0.828 0.577814
0.831 0.581848
0.834 0.585873
0.837 0.589888
0.84 0.593893
0.843 0.597886
0.846 0.601869
0.849 0.60584
0.852 0.609799
0.855 0.613747
0.858 0.617682
0.861 0.621605
0.864 0.625515
0.867 0.629412
0.87 0.633296
0.873 0.637167
0.876 0.641024
0.879 0.644867
0.882 0.648697
0.885 0.652512
0.888 0.656313
0.891 0.6601
0.894 0.663873
0.897 0.667631
0.9 0.671375
0.903 0.675104
0.906 0.678818
0.909 0.682518
0.912 0.686203
0.915 0.689873
0.918 0.693529
0.921 0.697169
0.924 0.700795
0.927 0.704407
0.93 0.708003
0.933 0.711585
0.936 0.715153
0.939 0.718706
0.942 0.722245
0.945 0.725769
0.948 0.72928
0.951 0.732776
0.954 0.736258
0.957 0.739727
0.96 0.743182
0.963 0.746623
0.966 0.750051
0.969 0.753466
0.972 0.756867
0.975 0.760256
0.978 0.763632
0.981 0.766996
0.984 0.770347
0.987 0.773687
0.99 0.777014
0.993 0.78033
0.996 0.783634
0.999 0.786927
1.002 0.79021
1.005 0.793481
1.008 0.796742
1.011 0.799993
1.014 0.803233
1.017 0.806464
1.02 0.809685
1.023 0.812898
1.026 0.816101
1.029 0.819295
1.032 0.822481
1.035 0.825659
1.038 0.828829
1.041 0.831992
1.044 0.835147
1.047 0.838295
1.05 0.841436
1.053 0.84457
1.056 0.847699
1.059 0.850821
1.062 0.853938
1.065 0.85705
1.068 0.860156
1.071 0.863258
1.074 0.866355
1.077 0.869448
1.08 0.872537
1.083 0.875622
1.086 0.878704
1.089 0.881783
1.092 0.884859
1.095 0.887933
1.098 0.891005
1.101 0.894074
1.104 0.897142
1.107 0.900209
1.11 0.903274
1.113 0.906339
1.116 0.909403
1.119 0.912467
1.122 0.915531
1.125 0.918595
1.128 0.92166
1.131 0.924726
1.134 0.927793
1.137 0.930861
1.14 0.933931
1.143 0.937002
1.146 0.940076
1.149 0.943153
1.152 0.946232
1.155 0.949314
1.158 0.952399
1.161 0.955488
1.164 0.95858
1.167 0.961676
1.17 0.964777
1.173 0.967882
1.176 0.970991
1.179 0.974105
1.182 0.977225
1.185 0.98035
1.188 0.98348
1.191 0.986617
1.194 0.989759
1.197 0.992908
1.2 0.996063
1.203 0.999224
1.206 1.00239
1.209 1.00557
1.212 1.00875
1.215 1.01194
1.218 1.01514
1.221 1.01835
1.224 1.02156
1.227 1.02478
1.23 1.02801
1.233 1.03125
1.236 1.0345
1.239 1.03776
1.242 1.04103
1.245 1.0443
1.248 1.04759
1.251 1.05089
1.254 1.05419
1.257 1.05751
1.26 1.06083
1.263 1.06417
1.266 1.06752
1.269 1.07087
1.272 1.07424
1.275 1.07762
1.278 1.08101
1.281 1.08442
1.284 1.08783
1.287 1.09126
1.29 1.09469
1.293 1.09814
1.296 1.1016
1.299 1.10508
1.302 1.10856
1.305 1.11206
1.308 1.11557
1.311 1.11909
1.314 1.12263
1.317 1.12618
1.32 1.12974
1.323 1.13332
1.326 1.1369
1.329 1.1405
1.332 1.14412
1.335 1.14775
1.338 1.15139
1.341 1.15505
1.344 1.15872
1.347 1.1624
1.35 1.1661
1.353 1.16981
1.356 1.17354
1.359 1.17728
1.362 1.18103
1.365 1.1848
1.368 1.18859
1.371 1.19238
1.374 1.1962
1.377 1.20003
1.38 1.20387
1.383 1.20773
1.386 1.2116
1.389 1.21549
1.392 1.21939
1.395 1.22331
1.398 1.22724
1.401 1.23119
1.404 1.23515
1.407 1.23913
1.41 1.24313
1.413 1.24714
1.416 1.25116
1.419 1.25521
1.422 1.25926
1.425 1.26334
1.428 1.26743
1.431 1.27153
1.434 1.27565
1.437 1.27979
1.44 1.28394
1.443 1.28811
1.446 1.29229
1.449 1.29649
1.452 1.30071
1.455 1.30494
1.458 1.30919
1.461 1.31345
1.464 1.31773
1.467 1.32203
1.47 1.32634
1.473 1.33067
1.476 1.33502
1.479 1.33938
1.482 1.34375
1.485 1.34815
1.488 1.35256
1.491 1.35699
1.494 1.36143
1.497 1.36589
1.5 1.37036
1.503 1.37486
1.506 1.37937
1.509 1.38389
1.512 1.38843
1.515 1.39299
1.518 1.39756
1.521 1.40215
1.524 1.40676
1.527 1.41138
1.53 1.41602
1.533 1.42068
1.536 1.42535
1.539 1.43004
1.542 1.43475
1.545 1.43947
1.548 1.44421
1.551 1.44896
1.554 1.45373
1.557 1.45852
1.56 1.46332
1.563 1.46814
1.566 1.47298
1.569 1.47783
1.572 1.4827
1.575 1.48759
1.578 1.49249
1.581 1.4974
1.584 1.50234
1.587 1.50729
1.59 1.51226
1.593 1.51724
1.596 1.52224
1.599 1.52725
1.602 1.53228
1.605 1.53733
1.608 1.5424
1.611 1.54748
1.614 1.55257
1.617 1.55768
1.62 1.56281
1.623 1.56796
1.626 1.57312
1.629 1.57829
1.632 1.58348
1.635 1.58869
1.638 1.59392
1.641 1.59916
1.644 1.60441
1.647 1.60969
1.65 1.61497
1.653 1.62028
1.656 1.6256
1.659 1.63093
1.662 1.63628
1.665 1.64165
1.668 1.64703
1.671 1.65243
1.674 1.65785
1.677 1.66328
1.68 1.66872
1.683 1.67418
1.686 1.67966
1.689 1.68515
1.692 1.69066
1.695 1.69619
1.698 1.70172
1.701 1.70728
1.704 1.71285
1.707 1.71844
1.71 1.72404
1.713 1.72965
1.716 1.73529
1.719 1.74093
1.722 1.7466
1.725 1.75227
1.728 1.75797
1.731 1.76368
1.734 1.7694
1.737 1.77514
1.74 1.7809
1.743 1.78667
1.746 1.79245
1.749 1.79825
1.752 1.80407
1.755 1.8099
1.758 1.81575
1.761 1.82161
1.764 1.82749
1.767 1.83338
1.77 1.83929
1.773 1.84521
1.776 1.85115
1.779 1.8571
1.782 1.86307
1.785 1.86905
1.788 1.87505
1.791 1.88106
1.794 1.88709
1.797 1.89313
1.8 1.89919
1.803 1.90526
1.806 1.91135
1.809 1.91746
1.812 1.92357
1.815 1.92971
1.818 1.93586
1.821 1.94202
1.824 1.9482
1.827 1.95439
1.83 1.9606
1.833 1.96682
1.836 1.97306
1.839 1.97932
1.842 1.98559
1.845 1.99187
1.848 1.99817
1.851 2.00448
1.854 2.01081
1.857 2.01716
1.86 2.02352
1.863 2.02989
1.866 2.03628
1.869 2.04269
1.872 2.04911
1.875 2.05554
1.878 2.06199
1.881 2.06846
1.884 2.07494
1.887 2.08144
1.89 2.08795
1.893 2.09448
1.896 2.10102
1.899 2.10758
1.902 2.11415
1.905 2.12074
1.908 2.12734
1.911 2.13396
1.914 2.14059
1.917 2.14724
1.92 2.15391
1.923 2.16059
1.926 2.16729
1.929 2.174
1.932 2.18073
1.935 2.18747
1.938 2.19423
1.941 2.201
1.944 2.20779
1.947 2.2146
1.95 2.22142
1.953 2.22826
1.956 2.23512
1.959 2.24199
1.962 2.24887
1.965 2.25577
1.968 2.26269
1.971 2.26963
1.974 2.27658
1.977 2.28354
1.98 2.29053
1.983 2.29752
1.986 2.30454
1.989 2.31157
1.992 2.31862
1.995 2.32568
1.998 2.33277
2.001 2.33986
2.004 2.34698
2.007 2.35411
2.01 2.36126
2.013 2.36842
2.016 2.3756
2.019 2.3828
2.022 2.39002
2.025 2.39725
2.028 2.4045
2.031 2.41176
2.034 2.41905
2.037 2.42635
2.04 2.43367
2.043 2.441
2.046 2.44835
2.049 2.45572
2.052 2.46311
2.055 2.47051
2.058 2.47794
2.061 2.48538
2.064 2.49283
2.067 2.50031
2.07 2.5078
2.073 2.51531
2.076 2.52284
2.079 2.53039
2.082 2.53795
2.085 2.54553
2.088 2.55313
2.091 2.56075
2.094 2.56838
2.097 2.57604
2.1 2.58371
2.103 2.5914
2.106 2.59911
2.109 2.60684
2.112 2.61458
2.115 2.62234
2.118 2.63013
2.121 2.63793
2.124 2.64574
2.127 2.65358
2.13 2.66144
2.133 2.66931
2.136 2.6772
2.139 2.68511
2.142 2.69304
2.145 2.70099
2.148 2.70896
2.151 2.71694
2.154 2.72494
2.157 2.73296
2.16 2.74101
2.163 2.74906
2.166 2.75714
2.169 2.76524
2.172 2.77335
2.175 2.78148
2.178 2.78963
2.181 2.7978
2.184 2.80599
2.187 2.8142
2.19 2.82242
2.193 2.83066
2.196 2.83893
2.199 2.8472
2.202 2.8555
2.205 2.86382
2.208 2.87215
2.211 2.8805
2.214 2.88887
2.217 2.89726
2.22 2.90566
2.223 2.91409
2.226 2.92253
2.229 2.93098
2.232 2.93946
2.235 2.94795
2.238 2.95646
2.241 2.96499
2.244 2.97353
2.247 2.98209
2.25 2.99067
2.253 2.99926
2.256 3.00787
2.259 3.0165
2.262 3.02514
2.265 3.0338
2.268 3.04247
2.271 3.05116
2.274 3.05987
2.277 3.06859
2.28 3.07733
2.283 3.08608
2.286 3.09485
2.289 3.10363
2.292 3.11242
2.295 3.12123
2.298 3.13006
2.301 3.1389
2.304 3.14775
2.307 3.15661
2.31 3.16549
2.313 3.17438
2.316 3.18329
2.319 3.1922
2.322 3.20113
2.325 3.21007
2.328 3.21903
2.331 3.22799
2.334 3.23696
2.337 3.24595
2.34 3.25495
2.343 3.26395
2.346 3.27297
2.349 3.282
2.352 3.29103
2.355 3.30008
2.358 3.30913
2.361 3.31819
2.364 3.32726
2.367 3.33634
2.37 3.34543
2.373 3.35452
2.376 3.36362
2.379 3.37273
2.382 3.38184
2.385 3.39096
2.388 3.40008
2.391 3.40921
2.394 3.41834
2.397 3.42748
2.4 3.43662
2.403 3.44577
2.406 3.45491
2.409 3.46406
2.412 3.47322
2.415 3.48237
2.418 3.49153
2.421 3.50069
2.424 3.50984
2.427 3.519
2.43 3.52816
2.433 3.53732
2.436 3.54648
2.439 3.55563
2.442 3.56479
2.445 3.57394
2.448 3.58309
2.451 3.59223
2.454 3.60137
2.457 3.61051
2.46 3.61965
2.463 3.62878
2.466 3.6379
2.469 3.64702
2.472 3.65613
2.475 3.66524
2.478 3.67434
2.481 3.68343
2.484 3.69251
2.487 3.70158
2.49 3.71065
2.493 3.71971
2.496 3.72875
2.499 3.73779
2.502 3.74682
2.505 3.75583
2.508 3.76483
2.511 3.77383
2.514 3.7828
2.517 3.79177
2.52 3.80072
2.523 3.80966
2.526 3.81859
2.529 3.8275
2.532 3.83639
2.535 3.84527
2.538 3.85413
2.541 3.86298
2.544 3.87181
2.547 3.88062
2.55 3.88941
2.553 3.89819
2.556 3.90695
2.559 3.91569
2.562 3.9244
2.565 3.9331
2.568 3.94178
2.571 3.95044
2.574 3.95908
2.577 3.96769
2.58 3.97628
2.583 3.98485
2.586 3.9934
2.589 4.00192
2.592 4.01042
2.595 4.0189
2.598 4.02735
2.601 4.03578
2.604 4.04418
2.607 4.05255
2.61 4.0609
2.613 4.06923
2.616 4.07752
2.619 4.08579
2.622 4.09403
2.625 4.10225
2.628 4.11043
2.631 4.11859
2.634 4.12672
2.637 4.13482
2.64 4.14288
2.643 4.15092
2.646 4.15893
2.649 4.16691
2.652 4.17486
2.655 4.18277
2.658 4.19066
2.661 4.19851
2.664 4.20633
2.667 4.21411
2.67 4.22187
2.673 4.22959
2.676 4.23728
2.679 4.24493
2.682 4.25255
2.685 4.26014
2.688 4.26769
2.691 4.27521
2.694 4.28269
2.697 4.29014
2.7 4.29755
2.703 4.30492
2.706 4.31226
2.709 4.31957
2.712 4.32683
2.715 4.33406
2.718 4.34126
2.721 4.34841
2.724 4.35553
2.727 4.36261
2.73 4.36966
2.733 4.37666
2.736 4.38363
2.739 4.39056
2.742 4.39746
2.745 4.40431
2.748 4.41112
2.751 4.4179
2.754 4.42464
2.757 4.43134
2.76 4.43799
2.763 4.44461
2.766 4.45119
2.769 4.45773
2.772 4.46424
2.775 4.4707
2.778 4.47712
2.781 4.4835
2.784 4.48984
2.787 4.49614
2.79 4.5024
2.793 4.50862
2.796 4.5148
2.799 4.52094
2.802 4.52704
2.805 4.5331
2.808 4.53911
2.811 4.54509
2.814 4.55103
2.817 4.55692
2.82 4.56278
2.823 4.56859
2.826 4.57436
2.829 4.58009
2.832 4.58578
2.835 4.59143
2.838 4.59704
2.841 4.60261
2.844 4.60814
2.847 4.61362
2.85 4.61907
2.853 4.62447
2.856 4.62984
2.859 4.63516
2.862 4.64044
2.865 4.64568
2.868 4.65088
2.871 4.65604
2.874 4.66116
2.877 4.66624
2.88 4.67127
2.883 4.67627
2.886 4.68123
2.889 4.68614
2.892 4.69102
2.895 4.69585
2.898 4.70065
2.901 4.7054
2.904 4.71012
2.907 4.7148
2.91 4.71943
2.913 4.72403
2.916 4.72858
2.919 4.7331
2.922 4.73757
2.925 4.74201
2.928 4.74641
2.931 4.75077
2.934 4.75509
2.937 4.75937
2.94 4.76361
2.943 4.76782
2.946 4.77198
2.949 4.77611
2.952 4.7802
2.955 4.78425
2.958 4.78826
2.961 4.79223
2.964 4.79617
2.967 4.80007
2.97 4.80393
2.973 4.80775
2.976 4.81154
2.979 4.81529
2.982 4.819
2.985 4.82267
2.988 4.82631
2.991 4.82991
2.994 4.83348
2.997 4.83701
3 4.8405
3.001 0
