0 -10
0.003 -8.50217
0.006 -8.49981
0.009 -8.49743
0.012 -8.49503
0.015 -8.49261
0.018 -8.49017
0.021 -8.48771
0.024 -8.48523
0.027 -8.48272
0.03 -8.4802
0.033 -8.47765
0.036 -8.47509
0.039 -8.4725
0.042 -8.46989
0.045 -8.46725
0.048 -8.4646
0.051 -8.46192
0.054 -8.45922
0.057 -8.4565
0.06 -8.45375
0.063 -8.45098
0.066 -8.44818
0.069 -8.44537
0.072 -8.44252
0.075 -8.43966
0.078 -8.43677
0.081 -8.43385
0.084 -8.43091
0.087 -8.42794
0.09 -8.42495
0.093 -8.42193
0.096 -8.41889
0.099 -8.41582
0.102 -8.41272
0.105 -8.4096
0.108 -8.40645
0.111 -8.40327
0.114 -8.40007
0.117 -8.39684
0.12 -8.39357
0.123 -8.39029
0.126 -8.38697
0.129 -8.38362
0.132 -8.38024
0.135 -8.37684
0.138 -8.3734
0.141 -8.36994
0.144 -8.36644
0.147 -8.36292
0.15 -8.35936
0.153 -8.35577
0.156 -8.35215
0.159 -8.3485
0.162 -8.34481
0.165 -8.3411
0.168 -8.33735
0.171 -8.33356
0.174 -8.32975
0.177 -8.3259
0.18 -8.32202
0.183 -8.3181
0.186 -8.31415
0.189 -8.31016
0.192 -8.30613
0.195 -8.30207
0.198 -8.29798
0.201 -8.29385
0.204 -8.28968
0.207 -8.28547
0.21 -8.28123
0.213 -8.27695
0.216 -8.27263
0.219 -8.26827
0.222 -8.26388
0.225 -8.25944
0.228 -8.25496
0.231 -8.25045
0.234 -8.24589
0.237 -8.24129
0.24 -8.23665
0.243 -8.23197
0.246 -8.22725
0.249 -8.22248
0.252 -8.21767
0.255 -8.21282
0.258 -8.20793
0.261 -8.20298
0.264 -8.198
0.267 -8.19297
0.27 -8.18789
0.273 -8.18277
0.276 -8.1776
0.279 -8.17239
0.282 -8.16713
0.285 -8.16182
0.288 -8.15646
0.291 -8.15105
0.294 -8.1456
0.297 -8.14009
0.3 -8.13454
0.303 -8.12893
0.306 -8.12327
0.309 -8.11756
0.312 -8.1118
0.315 -8.10599
0.318 -8.10012
0.321 -8.09421
0.324 -8.08823
0.327 -8.08221
0.33 -8.07612
0.333 -8.06999
0.336 -8.06379
0.339 -8.05754
0.342 -8.05124
0.345 -8.04488
0.348 -8.03845
0.351 -8.03198
0.354 -8.02544
0.357 -8.01884
0.36 -8.01218
0.363 -8.00547
0.366 -7.99869
0.369 -7.99185
0.372 -7.98495
0.375 -7.97799
0.378 -7.97096
0.381 -7.96388
0.384 -7.95673
0.387 -7.94951
0.39 -7.94223
0.393 -7.93489
0.396 -7.92748
0.399 -7.92
0.402 -7.91246
0.405 -7.90485
0.408 -7.89717
0.411 -7.88943
0.414 -7.88162
0.417 -7.87374
0.42 -7.86579
0.423 -7.85777
0.426 -7.84968
0.429 -7.84153
0.432 -7.8333
0.435 -7.825
0.438 -7.81663
0.441 -7.80819
0.444 -7.79968
0.447 -7.79109
0.45 -7.78243
0.453 -7.7737
0.456 -7.7649
0.459 -7.75602
0.462 -7.74707
0.465 -7.73805
0.468 -7.72895
0.471 -7.71978
0.474 -7.71053
0.477 -7.70121
0.48 -7.69181
0.483 -7.68234
0.486 -7.6728
0.489 -7.66317
0.492 -7.65348
0.495 -7.64371
0.498 -7.63386
0.501 -7.62394
0.504 -7.61394
0.507 -7.60387
0.51 -7.59372
0.513 -7.5835
0.516 -7.5732
0.519 -7.56282
0.522 -7.55238
0.525 -7.54185
0.528 -7.53126
0.531 -7.52059
0.534 -7.50984
0.537 -7.49902
0.54 -7.48813
0.543 -7.47717
0.546 -7.46613
0.549 -7.45502
0.552 -7.44384
0.555 -7.43259
0.558 -7.42127
0.561 -7.40987
0.564 -7.39841
0.567 -7.38688
0.57 -7.37528
0.573 -7.36361
0.576 -7.35187
0.579 -7.34007
0.582 -7.3282
0.585 -7.31627
0.588 -7.30427
0.591 -7.29221
0.594 -7.28009
0.597 -7.26791
0.6 -7.25566
0.603 -7.24336
0.606 -7.231
0.609 -7.21858
0.612 -7.2061
0.615 -7.19357
0.618 -7.18098
0.621 -7.16834
0.624 -7.15565
0.627 -7.14291
0.63 -7.13011
0.633 -7.11727
0.636 -7.10439
0.639 -7.09145
0.642 -7.07847
0.645 -7.06545
0.648 -7.05239
0.651 -7.03929
0.654 -7.02615
0.657 -7.01297
0.66 -6.99975
0.663 -6.9865
0.666 -6.97322
0.669 -6.95991
0.672 -6.94656
0.675 -6.93319
0.678 -6.91979
0.681 -6.90637
0.684 -6.89292
0.687 -6.87945
0.69 -6.86596
0.693 -6.85245
0.696 -6.83893
0.699 -6.82539
0.702 -6.81183
0.705 -6.79826
0.708 -6.78469
0.711 -6.7711
0.714 -6.75751
0.717 -6.74391
0.72 -6.73031
0.723 -6.7167
0.726 -6.7031
0.729 -6.68949
0.732 -6.67589
0.735 -6.66229
0.738 -6.6487
0.741 -6.63512
0.744 -6.62154
0.747 -6.60798
0.75 -6.59443
0.753 -6.58089
0.756 -6.56737
0.759 -6.55387
0.762 -6.54038
0.765 -6.52691
0.768 -6.51347
0.771 -6.50005
0.774 -6.48665
0.777 -6.47328
0.78 -6.45993
0.783 -6.44661
0.786 -6.43333
0.789 -6.42007
0.792 -6.40685
0.795 -6.39366
0.798 -6.38051
0.801 -6.36739
0.804 -6.35431
0.807 -6.34126
0.81 -6.32826
0.813 -6.3153
0.816 -6.30238
0.819 -6.2895
0.822 -6.27667
0.825 -6.26388
0.828 -6.25114
0.831 -6.23844
0.834 -6.22579
0.837 -6.21319
0.84 -6.20064
0.843 -6.18814
0.846 -6.17568
0.849 -6.16328
0.852 -6.15094
0.855 -6.13864
0.858 -6.1264
0.861 -6.11421
0.864 -6.10208
0.867 -6.09
0.87 -6.07798
0.873 -6.06602
0.876 -6.05411
0.879 -6.04225
0.882 -6.03046
0.885 -6.01872
0.888 -6.00704
0.891 -5.99542
0.894 -5.98386
0.897 -5.97235
0.9 -5.96091
0.903 -5.94952
0.906 -5.9382
0.909 -5.92693
0.912 -5.91572
0.915 -5.90458
0.918 -5.89349
0.921 -5.88246
0.924 -5.87149
0.927 -5.86058
0.93 -5.84974
0.933 -5.83895
0.936 -5.82822
0.939 -5.81755
0.942 -5.80694
0.945 -5.79639
0.948 -5.7859
0.951 -5.77546
0.954 -5.76509
0.957 -5.75477
0.96 -5.74452
0.963 -5.73432
0.966 -5.72418
0.969 -5.71409
0.972 -5.70407
0.975 -5.6941
0.978 -5.68418
0.981 -5.67433
0.984 -5.66453
0.987 -5.65478
0.99 -5.64509
0.993 -5.63546
0.996 -5.62587
0.999 -5.61635
1.002 -5.60687
1.005 -5.59745
1.008 -5.58809
1.011 -5.57877
1.014 -5.56951
1.017 -5.5603
1.02 -5.55114
1.023 -5.54203
1.026 -5.53297
1.029 -5.52396
1.032 -5.515
1.035 -5.50608
1.038 -5.49722
1.041 -5.4884
1.044 -5.47963
1.047 -5.47091
1.05 -5.46223
1.053 -5.4536
1.056 -5.44501
1.059 -5.43647
1.062 -5.42797
1.065 -5.41952
1.068 -5.41111
1.071 -5.40274
1.074 -5.39441
1.077 -5.38613
1.08 -5.37788
1.083 -5.36968
1.086 -5.36151
1.089 -5.35339
1.092 -5.3453
1.095 -5.33725
1.098 -5.32924
1.101 -5.32127
1.104 -5.31333
1.107 -5.30543
1.11 -5.29757
1.113 -5.28974
1.116 -5.28195
1.119 -5.27419
1.122 -5.26646
1.125 -5.25877
1.128 -5.25111
1.131 -5.24348
1.134 -5.23588
1.137 -5.22832
1.14 -5.22078
1.143 -5.21328
1.146 -5.2058
1.149 -5.19836
1.152 -5.19094
1.155 -5.18355
1.158 -5.17619
1.161 -5.16886
1.164 -5.16156
1.167 -5.15428
1.17 -5.14703
1.173 -5.1398
1.176 -5.1326
1.179 -5.12542
1.182 -5.11827
1.185 -5.11114
1.188 -5.10404
1.191 -5.09695
1.194 -5.0899
1.197 -5.08286
1.2 -5.07585
1.203 -5.06885
1.206 -5.06188
1.209 -5.05493
1.212 -5.048
1.215 -5.04109
1.218 -5.0342
1.221 -5.02733
1.224 -5.02048
1.227 -5.01365
1.23 -5.00684
1.233 -5.00004
1.236 -4.99326
1.239 -4.9865
1.242 -4.97976
1.245 -4.97303
1.248 -4.96632
1.251 -4.95963
1.254 -4.95295
1.257 -4.94629
1.26 -4.93964
1.263 -4.93301
1.266 -4.92639
1.269 -4.91979
1.272 -4.9132
1.275 -4.90662
1.278 -4.90006
1.281 -4.89351
1.284 -4.88698
1.287 -4.88046
1.29 -4.87395
1.293 -4.86745
1.296 -4.86097
1.299 -4.85449
1.302 -4.84803
1.305 -4.84158
1.308 -4.83515
1.311 -4.82872
1.314 -4.8223
1.317 -4.8159
1.32 -4.80951
1.323 -4.80312
1.326 -4.79675
1.329 -4.79038
1.332 -4.78403
1.335 -4.77769
1.338 -4.77135
1.341 -4.76503
1.344 -4.75871
1.347 -4.75241
1.35 -4.74611
1.353 -4.73982
1.356 -4.73354
1.359 -4.72727
1.362 -4.72101
1.365 -4.71476
1.368 -4.70851
1.371 -4.70227
1.374 -4.69604
1.377 -4.68982
1.38 -4.68361
1.383 -4.6774
1.386 -4.6712
1.389 -4.66501
1.392 -4.65883
1.395 -4.65265
1.398 -4.64648
1.401 -4.64032
1.404 -4.63417
1.407 -4.62802
1.41 -4.62188
1.413 -4.61575
1.416 -4.60962
1.419 -4.60351
1.422 -4.59739
1.425 -4.59129
1.428 -4.58519
1.431 -4.5791
1.434 -4.57301
1.437 -4.56694
1.44 -4.56087
1.443 -4.5548
1.446 -4.54874
1.449 -4.54269
1.452 -4.53665
1.455 -4.53061
1.458 -4.52458
1.461 -4.51856
1.464 -4.51254
1.467 -4.50653
1.47 -4.50052
1.473 -4.49453
1.476 -4.48854
1.479 -4.48255
1.482 -4.47658
1.485 -4.47061
1.488 -4.46464
1.491 -4.45869
1.494 -4.45274
1.497 -4.44679
1.5 -4.44086
1.503 -4.43493
1.506 -4.42901
1.509 -4.4231
1.512 -4.41719
1.515 -4.41129
1.518 -4.4054
1.521 -4.39951
1.524 -4.39364
1.527 -4.38777
1.53 -4.38191
1.533 -4.37605
1.536 -4.37021
1.539 -4.36437
1.542 -4.35854
1.545 -4.35271
1.548 -4.3469
1.551 -4.34109
1.554 -4.3353
1.557 -4.32951
1.56 -4.32373
1.563 -4.31796
1.566 -4.31219
1.569 -4.30644
1.572 -4.30069
1.575 -4.29496
1.578 -4.28923
1.581 -4.28351
1.584 -4.2778
1.587 -4.2721
1.59 -4.26641
1.593 -4.26073
1.596 -4.25507
1.599 -4.24941
1.602 -4.24376
1.605 -4.23812
1.608 -4.23249
1.611 -4.22687
1.614 -4.22126
1.617 -4.21567
1.62 -4.21008
1.623 -4.20451
1.626 -4.19895
1.629 -4.1934
1.632 -4.18786
1.635 -4.18233
1.638 -4.17681
1.641 -4.17131
1.644 -4.16582
1.647 -4.16034
1.65 -4.15487
1.653 -4.14942
1.656 -4.14398
1.659 -4.13856
1.662 -4.13314
1.665 -4.12774
1.668 -4.12236
1.671 -4.11698
1.674 -4.11163
1.677 -4.10628
1.68 -4.10095
1.683 -4.09564
1.686 -4.09034
1.689 -4.08505
1.692 -4.07979
1.695 -4.07453
1.698 -4.06929
1.701 -4.06407
1.704 -4.05887
1.707 -4.05368
1.71 -4.0485
1.713 -4.04335
1.716 -4.03821
1.719 -4.03309
1.722 -4.02798
1.725 -4.02289
1.728 -4.01783
1.731 -4.01277
1.734 -4.00774
1.737 -4.00273
1.74 -3.99773
1.743 -3.99276
1.746 -3.9878
1.749 -3.98286
1.752 -3.97795
1.755 -3.97305
1.758 -3.96817
1.761 -3.96332
1.764 -3.95848
1.767 -3.95367
1.77 -3.94887
1.773 -3.9441
1.776 -3.93935
1.779 -3.93462
1.782 -3.92992
1.785 -3.92523
1.788 -3.92057
1.791 -3.91594
1.794 -3.91132
1.797 -3.90673
1.8 -3.90217
1.803 -3.89763
1.806 -3.89311
1.809 -3.88862
1.812 -3.88415
1.815 -3.87971
1.818 -3.87529
1.821 -3.8709
1.824 -3.86654
1.827 -3.8622
1.83 -3.85789
1.833 -3.85361
1.836 -3.84935
1.839 -3.84512
1.842 -3.84092
1.845 -3.83675
1.848 -3.83261
1.851 -3.82849
1.854 -3.82441
1.857 -3.82035
1.86 -3.81633
1.863 -3.81233
1.866 -3.80836
1.869 -3.80443
1.872 -3.80053
1.875 -3.79665
1.878 -3.79281
1.881 -3.78901
1.884 -3.78523
1.887 -3.78149
1.89 -3.77778
1.893 -3.7741
1.896 -3.77046
1.899 -3.76685
1.902 -3.76327
1.905 -3.75973
1.908 -3.75622
1.911 -3.75275
1.914 -3.74932
1.917 -3.74592
1.92 -3.74256
1.923 -3.73923
1.926 -3.73594
1.929 -3.73269
1.932 -3.72948
1.935 -3.7263
1.938 -3.72316
1.941 -3.72006
1.944 -3.717
1.947 -3.71398
1.95 -3.711
1.953 -3.70806
1.956 -3.70516
1.959 -3.7023
1.962 -3.69948
1.965 -3.6967
1.968 -3.69396
1.971 -3.69127
1.974 -3.68861
1.977 -3.686
1.98 -3.68344
1.983 -3.68091
1.986 -3.67843
1.989 -3.676
1.992 -3.6736
1.995 -3.67125
1.998 -3.66895
2.001 -3.66669
2.004 -3.66448
2.007 -3.66232
2.01 -3.6602
2.013 -3.65812
2.016 -3.6561
2.019 -3.65412
2.022 -3.65218
2.025 -3.6503
2.028 -3.64846
2.031 -3.64668
2.034 -3.64494
2.037 -3.64325
2.04 -3.64161
2.043 -3.64002
2.046 -3.63848
2.049 -3.63698
2.052 -3.63554
2.055 -3.63415
2.058 -3.63282
2.061 -3.63153
2.064 -3.63029
2.067 -3.62911
2.07 -3.62798
2.073 -3.6269
2.076 -3.62588
2.079 -3.6249
2.082 -3.62398
2.085 -3.62312
2.088 -3.62231
2.091 -3.62155
2.094 -3.62085
2.097 -3.6202
2.1 -3.6196
2.103 -3.61906
2.106 -3.61858
2.109 -3.61815
2.112 -3.61778
2.115 -3.61746
2.118 -3.6172
2.121 -3.617
2.124 -3.61685
2.127 -3.61676
2.13 -3.61673
2.133 -3.61675
2.136 -3.61683
2.139 -3.61697
2.142 -3.61717
2.145 -3.61742
2.148 -3.61773
2.151 -3.6181
2.154 -3.61853
2.157 -3.61902
2.16 -3.61956
2.163 -3.62017
2.166 -3.62083
2.169 -3.62155
2.172 -3.62233
2.175 -3.62317
2.178 -3.62407
2.181 -3.62503
2.184 -3.62605
2.187 -3.62713
2.19 -3.62827
2.193 -3.62946
2.196 -3.63072
2.199 -3.63204
2.202 -3.63341
2.205 -3.63485
2.208 -3.63635
2.211 -3.6379
2.214 -3.63952
2.217 -3.64119
2.22 -3.64293
2.223 -3.64472
2.226 -3.64658
2.229 -3.64849
2.232 -3.65047
2.235 -3.6525
2.238 -3.6546
2.241 -3.65675
2.244 -3.65896
2.247 -3.66124
2.25 -3.66357
2.253 -3.66596
2.256 -3.66841
2.259 -3.67092
2.262 -3.67349
2.265 -3.67611
2.268 -3.6788
2.271 -3.68154
2.274 -3.68435
2.277 -3.68721
2.28 -3.69013
2.283 -3.6931
2.286 -3.69614
2.289 -3.69923
2.292 -3.70238
2.295 -3.70559
2.298 -3.70885
2.301 -3.71217
2.304 -3.71554
2.307 -3.71898
2.31 -3.72247
2.313 -3.72601
2.316 -3.72961
2.319 -3.73326
2.322 -3.73697
2.325 -3.74074
2.328 -3.74455
2.331 -3.74843
2.334 -3.75235
2.337 -3.75633
2.34 -3.76036
2.343 -3.76445
2.346 -3.76858
2.349 -3.77277
2.352 -3.77701
2.355 -3.78131
2.358 -3.78565
2.361 -3.79004
2.364 -3.79449
2.367 -3.79898
2.37 -3.80352
2.373 -3.80811
2.376 -3.81275
2.379 -3.81744
2.382 -3.82218
2.385 -3.82696
2.388 -3.83179
2.391 -3.83667
2.394 -3.84159
2.397 -3.84656
2.4 -3.85158
2.403 -3.85663
2.406 -3.86174
2.409 -3.86688
2.412 -3.87207
2.415 -3.87731
2.418 -3.88258
2.421 -3.8879
2.424 -3.89326
2.427 -3.89866
2.43 -3.9041
2.433 -3.90958
2.436 -3.9151
2.439 -3.92065
2.442 -3.92625
2.445 -3.93189
2.448 -3.93756
2.451 -3.94327
2.454 -3.94901
2.457 -3.9548
2.46 -3.96061
2.463 -3.96647
2.466 -3.97235
2.469 -3.97827
2.472 -3.98423
2.475 -3.99021
2.478 -3.99623
2.481 -4.00229
2.484 -4.00837
2.487 -4.01448
2.49 -4.02063
2.493 -4.0268
2.496 -4.033
2.499 -4.03923
2.502 -4.04549
2.505 -4.05178
2.508 -4.0581
2.511 -4.06444
2.514 -4.0708
2.517 -4.0772
2.52 -4.08361
2.523 -4.09006
2.526 -4.09652
2.529 -4.10301
2.532 -4.10953
2.535 -4.11606
2.538 -4.12262
2.541 -4.1292
2.544 -4.1358
2.547 -4.14242
2.55 -4.14906
2.553 -4.15573
2.556 -4.16241
2.559 -4.1691
2.562 -4.17582
2.565 -4.18255
2.568 -4.1893
2.571 -4.19607
2.574 -4.20286
2.577 -4.20966
2.58 -4.21647
2.583 -4.2233
2.586 -4.23014
2.589 -4.237
2.592 -4.24387
2.595 -4.25075
2.598 -4.25765
2.601 -4.26456
2.604 -4.27148
2.607 -4.27841
2.61 -4.28535
2.613 -4.2923
2.616 -4.29926
2.619 -4.30623
2.622 -4.31321
2.625 -4.3202
2.628 -4.3272
2.631 -4.3342
2.634 -4.34121
2.637 -4.34823
2.64 -4.35525
2.643 -4.36228
2.646 -4.36932
2.649 -4.37636
2.652 -4.38341
2.655 -4.39046
2.658 -4.39751
2.661 -4.40457
2.664 -4.41163
2.667 -4.4187
2.67 -4.42577
2.673 -4.43284
2.676 -4.43991
2.679 -4.44698
2.682 -4.45406
2.685 -4.46114
2.688 -4.46821
2.691 -4.47529
2.694 -4.48237
2.697 -4.48944
2.7 -4.49652
2.703 -4.5036
2.706 -4.51067
2.709 -4.51774
2.712 -4.52481
2.715 -4.53188
2.718 -4.53895
2.721 -4.54601
2.724 -4.55307
2.727 -4.56013
2.73 -4.56718
2.733 -4.57423
2.736 -4.58128
2.739 -4.58832
2.742 -4.59535
2.745 -4.60238
2.748 -4.60941
2.751 -4.61643
2.754 -4.62345
2.757 -4.63045
2.76 -4.63746
2.763 -4.64445
2.766 -4.65144
2.769 -4.65843
2.772 -4.6654
2.775 -4.67237
2.778 -4.67933
2.781 -4.68629
2.784 -4.69323
2.787 -4.70017
2.79 -4.7071
2.793 -4.71402
2.796 -4.72093
2.799 -4.72784
2.802 -4.73473
2.805 -4.74162
2.808 -4.74849
2.811 -4.75536
2.814 -4.76221
2.817 -4.76906
2.82 -4.77589
2.823 -4.78272
2.826 -4.78954
2.829 -4.79634
2.832 -4.80313
2.835 -4.80992
2.838 -4.81669
2.841 -4.82345
2.844 -4.8302
2.847 -4.83694
2.85 -4.84366
2.853 -4.85038
2.856 -4.85708
2.859 -4.86377
2.862 -4.87045
2.865 -4.87711
2.868 -4.88377
2.871 -4.89041
2.874 -4.89703
2.877 -4.90365
2.88 -4.91025
2.883 -4.91684
2.886 -4.92342
2.889 -4.92998
2.892 -4.93653
2.895 -4.94307
2.898 -4.94959
2.901 -4.9561
2.904 -4.9626
2.907 -4.96908
2.91 -4.97555
2.913 -4.982
2.916 -4.98844
2.919 -4.99487
2.922 -5.00128
2.925 -5.00768
2.928 -5.01406
2.931 -5.02043
2.934 -5.02679
2.937 -5.03313
2.94 -5.03945
2.943 -5.04576
2.946 -5.05206
2.949 -5.05834
2.952 -5.06461
2.955 -5.07086
2.958 -5.0771
2.961 -5.08332
2.964 -5.08952
2.967 -5.09572
2.97 -5.10189
2.973 -5.10805
2.976 -5.1142
2.979 -5.12033
2.982 -5.12645
2.985 -5.13255
2.988 -5.13863
2.991 -5.1447
2.994 -5.15076
2.997 -5.1568
3 -5.16282
3.001 -10
