0 -10
0.003 -6.47564
0.006 -6.47133
0.009 -6.467
0.012 -6.46264
0.015 -6.45825
0.018 -6.45383
0.021 -6.44939
0.024 -6.44491
0.027 -6.44041
0.03 -6.43589
0.033 -6.43133
0.036 -6.42675
0.039 -6.42213
0.042 -6.41749
0.045 -6.41282
0.048 -6.40813
0.051 -6.4034
0.054 -6.39865
0.057 -6.39387
0.06 -6.38906
0.063 -6.38422
0.066 -6.37935
0.069 -6.37446
0.072 -6.36953
0.075 -6.36458
0.078 -6.3596
0.081 -6.35459
0.084 -6.34955
0.087 -6.34448
0.09 -6.33939
0.093 -6.33427
0.096 -6.32911
0.099 -6.32393
0.102 -6.31872
0.105 -6.31348
0.108 -6.30822
0.111 -6.30292
0.114 -6.2976
0.117 -6.29225
0.12 -6.28687
0.123 -6.28146
0.126 -6.27602
0.129 -6.27056
0.132 -6.26506
0.135 -6.25954
0.138 -6.25399
0.141 -6.24841
0.144 -6.24281
0.147 -6.23718
0.15 -6.23152
0.153 -6.22583
0.156 -6.22011
0.159 -6.21437
0.162 -6.20859
0.165 -6.2028
0.168 -6.19697
0.171 -6.19112
0.174 -6.18524
0.177 -6.17933
0.18 -6.1734
0.183 -6.16743
0.186 -6.16145
0.189 -6.15543
0.192 -6.14939
0.195 -6.14333
0.198 -6.13724
0.201 -6.13112
0.204 -6.12498
0.207 -6.11881
0.21 -6.11261
0.213 -6.10639
0.216 -6.10015
0.219 -6.09388
0.222 -6.08759
0.225 -6.08127
0.228 -6.07493
0.231 -6.06856
0.234 -6.06217
0.237 -6.05576
0.24 -6.04932
0.243 -6.04286
0.246 -6.03638
0.249 -6.02987
0.252 -6.02334
0.255 -6.01679
0.258 -6.01022
0.261 -6.00363
0.264 -5.99701
0.267 -5.99037
0.27 -5.98372
0.273 -5.97704
0.276 -5.97034
0.279 -5.96362
0.282 -5.95688
0.285 -5.95012
0.288 -5.94334
0.291 -5.93654
0.294 -5.92972
0.297 -5.92289
0.3 -5.91603
0.303 -5.90916
0.306 -5.90227
0.309 -5.89536
0.312 -5.88844
0.315 -5.8815
0.318 -5.87454
0.321 -5.86757
0.324 -5.86058
0.327 -5.85357
0.33 -5.84655
0.333 -5.83951
0.336 -5.83246
0.339 -5.8254
0.342 -5.81832
0.345 -5.81123
0.348 -5.80412
0.351 -5.797
0.354 -5.78987
0.357 -5.78273
0.36 -5.77557
0.363 -5.7684
0.366 -5.76122
0.369 -5.75403
0.372 -5.74683
0.375 -5.73962
0.378 -5.7324
0.381 -5.72517
0.384 -5.71793
0.387 -5.71068
0.39 -5.70342
0.393 -5.69616
0.396 -5.68888
0.399 -5.6816
0.402 -5.67431
0.405 -5.66701
0.408 -5.65971
0.411 -5.6524
0.414 -5.64509
0.417 -5.63777
0.42 -5.63044
0.423 -5.62311
0.426 -5.61577
0.429 -5.60844
0.432 -5.60109
0.435 -5.59374
0.438 -5.58639
0.441 -5.57904
0.444 -5.57168
0.447 -5.56433
0.45 -5.55697
0.453 -5.5496
0.456 -5.54224
0.459 -5.53488
0.462 -5.52751
0.465 -5.52015
0.468 -5.51278
0.471 -5.50542
0.474 -5.49805
0.477 -5.49069
0.48 -5.48333
0.483 -5.47597
0.486 -5.46861
0.489 -5.46125
0.492 -5.4539
0.495 -5.44654
0.498 -5.4392
0.501 -5.43185
0.504 -5.42451
0.507 -5.41717
0.51 -5.40983
0.513 -5.4025
0.516 -5.39518
0.519 -5.38786
0.522 -5.38054
0.525 -5.37323
0.528 -5.36593
0.531 -5.35863
0.534 -5.35134
0.537 -5.34405
0.54 -5.33677
0.543 -5.3295
0.546 -5.32224
0.549 -5.31498
0.552 -5.30773
0.555 -5.30049
0.558 -5.29325
0.561 -5.28603
0.564 -5.27881
0.567 -5.2716
0.57 -5.2644
0.573 -5.25721
0.576 -5.25003
0.579 -5.24285
0.582 -5.23569
0.585 -5.22854
0.588 -5.2214
0.591 -5.21426
0.594 -5.20714
0.597 -5.20003
0.6 -5.19293
0.603 -5.18584
0.606 -5.17876
0.609 -5.17169
0.612 -5.16464
0.615 -5.15759
0.618 -5.15056
0.621 -5.14354
0.624 -5.13653
0.627 -5.12954
0.63 -5.12255
0.633 -5.11558
0.636 -5.10862
0.639 -5.10167
0.642 -5.09474
0.645 -5.08782
0.648 -5.08091
0.651 -5.07402
0.654 -5.06714
0.657 -5.06027
0.66 -5.05341
0.663 -5.04657
0.666 -5.03975
0.669 -5.03293
0.672 -5.02613
0.675 -5.01935
0.678 -5.01258
0.681 -5.00582
0.684 -4.99908
0.687 -4.99235
0.69 -4.98563
0.693 -4.97893
0.696 -4.97225
0.699 -4.96558
0.702 -4.95892
0.705 -4.95228
0.708 -4.94565
0.711 -4.93904
0.714 -4.93244
0.717 -4.92586
0.72 -4.91929
0.723 -4.91274
0.726 -4.9062
0.729 -4.89968
0.732 -4.89317
0.735 -4.88668
0.738 -4.88021
0.741 -4.87374
0.744 -4.8673
0.747 -4.86087
0.75 -4.85445
0.753 -4.84805
0.756 -4.84167
0.759 -4.8353
0.762 -4.82894
0.765 -4.82261
0.768 -4.81628
0.771 -4.80998
0.774 -4.80368
0.777 -4.79741
0.78 -4.79115
0.783 -4.7849
0.786 -4.77867
0.789 -4.77246
0.792 -4.76626
0.795 -4.76007
0.798 -4.75391
0.801 -4.74775
0.804 -4.74162
0.807 -4.7355
0.81 -4.72939
0.813 -4.7233
0.816 -4.71723
0.819 -4.71117
0.822 -4.70512
0.825 -4.69909
0.828 -4.69308
0.831 -4.68708
0.834 -4.6811
0.837 -4.67514
0.84 -4.66919
0.843 -4.66325
0.846 -4.65733
0.849 -4.65142
0.852 -4.64553
0.855 -4.63966
0.858 -4.6338
0.861 -4.62796
0.864 -4.62213
0.867 -4.61631
0.87 -4.61052
0.873 -4.60473
0.876 -4.59897
0.879 -4.59321
0.882 -4.58747
0.885 -4.58175
0.888 -4.57604
0.891 -4.57035
0.894 -4.56467
0.897 -4.55901
0.9 -4.55336
0.903 -4.54773
0.906 -4.54211
0.909 -4.53651
0.912 -4.53092
0.915 -4.52535
0.918 -4.51979
0.921 -4.51424
0.924 -4.50871
0.927 -4.5032
0.93 -4.49769
0.933 -4.49221
0.936 -4.48674
0.939 -4.48128
0.942 -4.47584
0.945 -4.47041
0.948 -4.46499
0.951 -4.45959
0.954 -4.45421
0.957 -4.44884
0.96 -4.44348
0.963 -4.43813
0.966 -4.43281
0.969 -4.42749
0.972 -4.42219
0.975 -4.4169
0.978 -4.41163
0.981 -4.40637
0.984 -4.40112
0.987 -4.39589
0.99 -4.39067
0.993 -4.38547
0.996 -4.38028
0.999 -4.3751
1.002 -4.36994
1.005 -4.36479
1.008 -4.35965
1.011 -4.35453
1.014 -4.34942
1.017 -4.34433
1.02 -4.33925
1.023 -4.33418
1.026 -4.32912
1.029 -4.32408
1.032 -4.31905
1.035 -4.31403
1.038 -4.30903
1.041 -4.30404
1.044 -4.29907
1.047 -4.2941
1.05 -4.28915
1.053 -4.28421
1.056 -4.27929
1.059 -4.27438
1.062 -4.26948
1.065 -4.26459
1.068 -4.25972
1.071 -4.25486
1.074 -4.25001
1.077 -4.24517
1.08 -4.24035
1.083 -4.23554
1.086 -4.23074
1.089 -4.22596
1.092 -4.22118
1.095 -4.21642
1.098 -4.21168
1.101 -4.20694
1.104 -4.20222
1.107 -4.1975
1.11 -4.19281
1.113 -4.18812
1.116 -4.18344
1.119 -4.17878
1.122 -4.17413
1.125 -4.16949
1.128 -4.16486
1.131 -4.16025
1.134 -4.15564
1.137 -4.15105
1.14 -4.14647
1.143 -4.14191
1.146 -4.13735
1.149 -4.13281
1.152 -4.12827
1.155 -4.12375
1.158 -4.11924
1.161 -4.11474
1.164 -4.11026
1.167 -4.10578
1.17 -4.10132
1.173 -4.09687
1.176 -4.09242
1.179 -4.088
1.182 -4.08358
1.185 -4.07917
1.188 -4.07477
1.191 -4.07039
1.194 -4.06602
1.197 -4.06165
1.2 -4.0573
1.203 -4.05296
1.206 -4.04863
1.209 -4.04431
1.212 -4.04
1.215 -4.03571
1.218 -4.03142
1.221 -4.02715
1.224 -4.02288
1.227 -4.01863
1.23 -4.01439
1.233 -4.01015
1.236 -4.00593
1.239 -4.00172
1.242 -3.99752
1.245 -3.99333
1.248 -3.98915
1.251 -3.98498
1.254 -3.98082
1.257 -3.97667
1.26 -3.97254
1.263 -3.96841
1.266 -3.96429
1.269 -3.96018
1.272 -3.95609
1.275 -3.952
1.278 -3.94792
1.281 -3.94386
1.284 -3.9398
1.287 -3.93576
1.29 -3.93172
1.293 -3.92769
1.296 -3.92368
1.299 -3.91967
1.302 -3.91567
1.305 -3.91169
1.308 -3.90771
1.311 -3.90374
1.314 -3.89978
1.317 -3.89584
1.32 -3.8919
1.323 -3.88797
1.326 -3.88405
1.329 -3.88014
1.332 -3.87624
1.335 -3.87235
1.338 -3.86847
1.341 -3.8646
1.344 -3.86074
1.347 -3.85689
1.35 -3.85304
1.353 -3.84921
1.356 -3.84538
1.359 -3.84157
1.362 -3.83776
1.365 -3.83397
1.368 -3.83018
1.371 -3.8264
1.374 -3.82263
1.377 -3.81887
1.38 -3.81512
1.383 -3.81138
1.386 -3.80764
1.389 -3.80392
1.392 -3.8002
1.395 -3.7965
1.398 -3.7928
1.401 -3.78911
1.404 -3.78543
1.407 -3.78176
1.41 -3.7781
1.413 -3.77444
1.416 -3.7708
1.419 -3.76716
1.422 -3.76353
1.425 -3.75992
1.428 -3.7563
1.431 -3.7527
1.434 -3.74911
1.437 -3.74552
1.44 -3.74195
1.443 -3.73838
1.446 -3.73482
1.449 -3.73127
1.452 -3.72772
1.455 -3.72419
1.458 -3.72066
1.461 -3.71715
1.464 -3.71364
1.467 -3.71013
1.47 -3.70664
1.473 -3.70315
1.476 -3.69968
1.479 -3.69621
1.482 -3.69275
1.485 -3.68929
1.488 -3.68585
1.491 -3.68241
1.494 -3.67898
1.497 -3.67556
1.5 -3.67215
1.503 -3.66874
1.506 -3.66534
1.509 -3.66195
1.512 -3.65857
1.515 -3.6552
1.518 -3.65183
1.521 -3.64847
1.524 -3.64512
1.527 -3.64178
1.53 -3.63844
1.533 -3.63512
1.536 -3.6318
1.539 -3.62848
1.542 -3.62518
1.545 -3.62188
1.548 -3.61859
1.551 -3.61531
1.554 -3.61203
1.557 -3.60877
1.56 -3.60551
1.563 -3.60225
1.566 -3.59901
1.569 -3.59577
1.572 -3.59254
1.575 -3.58932
1.578 -3.5861
1.581 -3.58289
1.584 -3.57969
1.587 -3.5765
1.59 -3.57331
1.593 -3.57013
1.596 -3.56696
1.599 -3.5638
1.602 -3.56064
1.605 -3.55749
1.608 -3.55435
1.611 -3.55121
1.614 -3.54808
1.617 -3.54496
1.62 -3.54184
1.623 -3.53873
1.626 -3.53563
1.629 -3.53254
1.632 -3.52945
1.635 -3.52637
1.638 -3.5233
1.641 -3.52023
1.644 -3.51718
1.647 -3.51412
1.65 -3.51108
1.653 -3.50804
1.656 -3.50501
1.659 -3.50199
1.662 -3.49897
1.665 -3.49596
1.668 -3.49295
1.671 -3.48996
1.674 -3.48697
1.677 -3.48398
1.68 -3.48101
1.683 -3.47804
1.686 -3.47508
1.689 -3.47212
1.692 -3.46917
1.695 -3.46623
1.698 -3.46329
1.701 -3.46036
1.704 -3.45744
1.707 -3.45453
1.71 -3.45162
1.713 -3.44872
1.716 -3.44582
1.719 -3.44293
1.722 -3.44005
1.725 -3.43718
1.728 -3.43431
1.731 -3.43145
1.734 -3.42859
1.737 -3.42574
1.74 -3.4229
1.743 -3.42007
1.746 -3.41724
1.749 -3.41442
1.752 -3.4116
1.755 -3.4088
1.758 -3.40599
1.761 -3.4032
1.764 -3.40041
1.767 -3.39763
1.77 -3.39486
1.773 -3.39209
1.776 -3.38933
1.779 -3.38657
1.782 -3.38383
1.785 -3.38109
1.788 -3.37835
1.791 -3.37562
1.794 -3.3729
1.797 -3.37019
1.8 -3.36748
1.803 -3.36478
1.806 -3.36209
1.809 -3.3594
1.812 -3.35672
1.815 -3.35405
1.818 -3.35138
1.821 -3.34872
1.824 -3.34607
1.827 -3.34343
1.83 -3.34079
1.833 -3.33816
1.836 -3.33553
1.839 -3.33291
1.842 -3.3303
1.845 -3.3277
1.848 -3.3251
1.851 -3.32251
1.854 -3.31993
1.857 -3.31735
1.86 -3.31478
1.863 -3.31222
1.866 -3.30966
1.869 -3.30711
1.872 -3.30457
1.875 -3.30204
1.878 -3.29951
1.881 -3.29699
1.884 -3.29448
1.887 -3.29198
1.89 -3.28948
1.893 -3.28699
1.896 -3.2845
1.899 -3.28203
1.902 -3.27956
1.905 -3.2771
1.908 -3.27464
1.911 -3.2722
1.914 -3.26976
1.917 -3.26733
1.92 -3.2649
1.923 -3.26249
1.926 -3.26008
1.929 -3.25768
1.932 -3.25528
1.935 -3.2529
1.938 -3.25052
1.941 -3.24815
1.944 -3.24578
1.947 -3.24343
1.95 -3.24108
1.953 -3.23874
1.956 -3.23641
1.959 -3.23409
1.962 -3.23177
1.965 -3.22947
1.968 -3.22717
1.971 -3.22487
1.974 -3.22259
1.977 -3.22032
1.98 -3.21805
1.983 -3.21579
1.986 -3.21354
1.989 -3.2113
1.992 -3.20907
1.995 -3.20684
1.998 -3.20463
2.001 -3.20242
2.004 -3.20022
2.007 -3.19803
2.01 -3.19585
2.013 -3.19368
2.016 -3.19151
2.019 -3.18936
2.022 -3.18721
2.025 -3.18507
2.028 -3.18294
2.031 -3.18082
2.034 -3.17871
2.037 -3.17661
2.04 -3.17452
2.043 -3.17244
2.046 -3.17036
2.049 -3.1683
2.052 -3.16625
2.055 -3.1642
2.058 -3.16216
2.061 -3.16014
2.064 -3.15812
2.067 -3.15612
2.07 -3.15412
2.073 -3.15213
2.076 -3.15015
2.079 -3.14819
2.082 -3.14623
2.085 -3.14428
2.088 -3.14234
2.091 -3.14042
2.094 -3.1385
2.097 -3.13659
2.1 -3.1347
2.103 -3.13281
2.106 -3.13094
2.109 -3.12907
2.112 -3.12722
2.115 -3.12537
2.118 -3.12354
2.121 -3.12172
2.124 -3.11991
2.127 -3.1181
2.13 -3.11632
2.133 -3.11454
2.136 -3.11277
2.139 -3.11101
2.142 -3.10927
2.145 -3.10753
2.148 -3.10581
2.151 -3.1041
2.154 -3.1024
2.157 -3.10071
2.16 -3.09903
2.163 -3.09737
2.166 -3.09571
2.169 -3.09407
2.172 -3.09244
2.175 -3.09083
2.178 -3.08922
2.181 -3.08762
2.184 -3.08604
2.187 -3.08447
2.19 -3.08291
2.193 -3.08137
2.196 -3.07984
2.199 -3.07832
2.202 -3.07681
2.205 -3.07531
2.208 -3.07383
2.211 -3.07236
2.214 -3.0709
2.217 -3.06945
2.22 -3.06802
2.223 -3.0666
2.226 -3.06519
2.229 -3.0638
2.232 -3.06242
2.235 -3.06105
2.238 -3.05969
2.241 -3.05835
2.244 -3.05702
2.247 -3.05571
2.25 -3.05441
2.253 -3.05312
2.256 -3.05184
2.259 -3.05058
2.262 -3.04933
2.265 -3.0481
2.268 -3.04688
2.271 -3.04567
2.274 -3.04448
2.277 -3.0433
2.28 -3.04213
2.283 -3.04098
2.286 -3.03984
2.289 -3.03872
2.292 -3.0376
2.295 -3.03651
2.298 -3.03543
2.301 -3.03436
2.304 -3.0333
2.307 -3.03226
2.31 -3.03124
2.313 -3.03023
2.316 -3.02923
2.319 -3.02825
2.322 -3.02728
2.325 -3.02632
2.328 -3.02538
2.331 -3.02446
2.334 -3.02355
2.337 -3.02265
2.34 -3.02177
2.343 -3.0209
2.346 -3.02005
2.349 -3.01921
2.352 -3.01838
2.355 -3.01758
2.358 -3.01678
2.361 -3.016
2.364 -3.01524
2.367 -3.01448
2.37 -3.01375
2.373 -3.01303
2.376 -3.01232
2.379 -3.01163
2.382 -3.01095
2.385 -3.01029
2.388 -3.00964
2.391 -3.00901
2.394 -3.00839
2.397 -3.00779
2.4 -3.0072
2.403 -3.00663
2.406 -3.00607
2.409 -3.00552
2.412 -3.005
2.415 -3.00448
2.418 -3.00398
2.421 -3.0035
2.424 -3.00303
2.427 -3.00257
2.43 -3.00213
2.433 -3.0017
2.436 -3.00129
2.439 -3.00089
2.442 -3.00051
2.445 -3.00015
2.448 -2.99979
2.451 -2.99945
2.454 -2.99913
2.457 -2.99882
2.46 -2.99853
2.463 -2.99825
2.466 -2.99798
2.469 -2.99773
2.472 -2.99749
2.475 -2.99727
2.478 -2.99706
2.481 -2.99687
2.484 -2.99669
2.487 -2.99652
2.49 -2.99637
2.493 -2.99624
2.496 -2.99611
2.499 -2.996
2.502 -2.99591
2.505 -2.99583
2.508 -2.99576
2.511 -2.99571
2.514 -2.99567
2.517 -2.99565
2.52 -2.99564
2.523 -2.99564
2.526 -2.99565
2.529 -2.99568
2.532 -2.99573
2.535 -2.99578
2.538 -2.99585
2.541 -2.99594
2.544 -2.99603
2.547 -2.99614
2.55 -2.99627
2.553 -2.9964
2.556 -2.99655
2.559 -2.99672
2.562 -2.99689
2.565 -2.99708
2.568 -2.99728
2.571 -2.9975
2.574 -2.99772
2.577 -2.99796
2.58 -2.99821
2.583 -2.99848
2.586 -2.99876
2.589 -2.99905
2.592 -2.99935
2.595 -2.99966
2.598 -2.99999
2.601 -3.00032
2.604 -3.00067
2.607 -3.00104
2.61 -3.00141
2.613 -3.00179
2.616 -3.00219
2.619 -3.0026
2.622 -3.00302
2.625 -3.00345
2.628 -3.00389
2.631 -3.00435
2.634 -3.00481
2.637 -3.00529
2.64 -3.00577
2.643 -3.00627
2.646 -3.00678
2.649 -3.0073
2.652 -3.00783
2.655 -3.00837
2.658 -3.00892
2.661 -3.00948
2.664 -3.01005
2.667 -3.01064
2.67 -3.01123
2.673 -3.01183
2.676 -3.01244
2.679 -3.01306
2.682 -3.0137
2.685 -3.01434
2.688 -3.01499
2.691 -3.01565
2.694 -3.01632
2.697 -3.017
2.7 -3.01768
2.703 -3.01838
2.706 -3.01909
2.709 -3.0198
2.712 -3.02053
2.715 -3.02126
2.718 -3.022
2.721 -3.02275
2.724 -3.02351
2.727 -3.02427
2.73 -3.02505
2.733 -3.02583
2.736 -3.02662
2.739 -3.02742
2.742 -3.02823
2.745 -3.02904
2.748 -3.02987
2.751 -3.0307
2.754 -3.03153
2.757 -3.03238
2.76 -3.03323
2.763 -3.03409
2.766 -3.03496
2.769 -3.03583
2.772 -3.03671
2.775 -3.0376
2.778 -3.03849
2.781 -3.03939
2.784 -3.0403
2.787 -3.04122
2.79 -3.04214
2.793 -3.04306
2.796 -3.04399
2.799 -3.04493
2.802 -3.04588
2.805 -3.04683
2.808 -3.04779
2.811 -3.04875
2.814 -3.04972
2.817 -3.05069
2.82 -3.05167
2.823 -3.05265
2.826 -3.05364
2.829 -3.05464
2.832 -3.05564
2.835 -3.05665
2.838 -3.05766
2.841 -3.05867
2.844 -3.05969
2.847 -3.06072
2.85 -3.06175
2.853 -3.06278
2.856 -3.06382
2.859 -3.06486
2.862 -3.06591
2.865 -3.06696
2.868 -3.06801
2.871 -3.06907
2.874 -3.07014
2.877 -3.0712
2.88 -3.07227
2.883 -3.07335
2.886 -3.07443
2.889 -3.07551
2.892 -3.07659
2.895 -3.07768
2.898 -3.07877
2.901 -3.07987
2.904 -3.08097
2.907 -3.08207
2.91 -3.08317
2.913 -3.08428
2.916 -3.08539
2.919 -3.0865
2.922 -3.08762
2.925 -3.08874
2.928 -3.08986
2.931 -3.09098
2.934 -3.09211
2.937 -3.09323
2.94 -3.09436
2.943 -3.0955
2.946 -3.09663
2.949 -3.09777
2.952 -3.09891
2.955 -3.10005
2.958 -3.10119
2.961 -3.10234
2.964 -3.10348
2.967 -3.10463
2.97 -3.10578
2.973 -3.10693
2.976 -3.10808
2.979 -3.10924
2.982 -3.11039
2.985 -3.11155
2.988 -3.1127
2.991 -3.11386
2.994 -3.11502
2.997 -3.11618
3 -3.11735
3.001 -10
