0 5
0.003 3.85132
0.006 3.85066
0.009 3.85
0.012 3.84933
0.015 3.84866
0.018 3.84798
0.021 3.8473
0.024 3.84661
0.027 3.84592
0.03 3.84523
0.033 3.84453
0.036 3.84383
0.039 3.84313
0.042 3.84242
0.045 3.84171
0.048 3.84099
0.051 3.84027
0.054 3.83954
0.057 3.83881
0.06 3.83808
0.063 3.83734
0.066 3.8366
0.069 3.83585
0.072 3.8351
0.075 3.83435
0.078 3.83359
0.081 3.83283
0.084 3.83206
0.087 3.83129
0.09 3.83052
0.093 3.82974
0.096 3.82896
0.099 3.82817
0.102 3.82738
0.105 3.82659
0.108 3.82579
0.111 3.82499
0.114 3.82418
0.117 3.82337
0.12 3.82256
0.123 3.82174
0.126 3.82092
0.129 3.82009
0.132 3.81926
0.135 3.81842
0.138 3.81759
0.141 3.81674
0.144 3.8159
0.147 3.81505
0.15 3.81419
0.153 3.81334
0.156 3.81247
0.159 3.81161
0.162 3.81074
0.165 3.80987
0.168 3.80899
0.171 3.80811
0.174 3.80722
0.177 3.80634
0.18 3.80544
0.183 3.80455
0.186 3.80365
0.189 3.80274
0.192 3.80184
0.195 3.80093
0.198 3.80001
0.201 3.79909
0.204 3.79817
0.207 3.79725
0.21 3.79632
0.213 3.79539
0.216 3.79445
0.219 3.79351
0.222 3.79257
0.225 3.79162
0.228 3.79067
0.231 3.78972
0.234 3.78877
0.237 3.78781
0.24 3.78684
0.243 3.78588
0.246 3.78491
0.249 3.78394
0.252 3.78296
0.255 3.78198
0.258 3.781
0.261 3.78001
0.264 3.77903
0.267 3.77803
0.27 3.77704
0.273 3.77604
0.276 3.77504
0.279 3.77404
0.282 3.77303
0.285 3.77202
0.288 3.77101
0.291 3.77
0.294 3.76898
0.297 3.76796
0.3 3.76694
0.303 3.76591
0.306 3.76489
0.309 3.76385
0.312 3.76282
0.315 3.76179
0.318 3.76075
0.321 3.75971
0.324 3.75866
0.327 3.75762
0.33 3.75657
0.333 3.75552
0.336 3.75447
0.339 3.75342
0.342 3.75236
0.345 3.7513
0.348 3.75024
0.351 3.74918
0.354 3.74811
0.357 3.74704
0.36 3.74598
0.363 3.7449
0.366 3.74383
0.369 3.74276
0.372 3.74168
0.375 3.7406
0.378 3.73952
0.381 3.73844
0.384 3.73736
0.387 3.73627
0.39 3.73518
0.393 3.7341
0.396 3.73301
0.399 3.73191
0.402 3.73082
0.405 3.72973
0.408 3.72863
0.411 3.72753
0.414 3.72644
0.417 3.72534
0.42 3.72423
0.423 3.72313
0.426 3.72203
0.429 3.72092
0.432 3.71982
0.435 3.71871
0.438 3.7176
0.441 3.71649
0.444 3.71538
0.447 3.71427
0.45 3.71316
0.453 3.71205
0.456 3.71093
0.459 3.70982
0.462 3.7087
0.465 3.70759
0.468 3.70647
0.471 3.70535
0.474 3.70423
0.477 3.70311
0.48 3.70199
0.483 3.70087
0.486 3.69975
0.489 3.69863
0.492 3.69751
0.495 3.69639
0.498 3.69526
0.501 3.69414
0.504 3.69302
0.507 3.69189
0.51 3.69077
0.513 3.68964
0.516 3.68851
0.519 3.68739
0.522 3.68626
0.525 3.68514
0.528 3.68401
0.531 3.68288
0.534 3.68175
0.537 3.68063
0.54 3.6795
0.543 3.67837
0.546 3.67724
0.549 3.67611
0.552 3.67499
0.555 3.67386
0.558 3.67273
0.561 3.6716
0.564 3.67047
0.567 3.66934
0.57 3.66821
0.573 3.66709
0.576 3.66596
0.579 3.66483
0.582 3.6637
0.585 3.66257
0.588 3.66144
0.591 3.66031
0.594 3.65919
0.597 3.65806
0.6 3.65693
0.603 3.6558
0.606 3.65467
0.609 3.65355
0.612 3.65242
0.615 3.65129
0.618 3.65016
0.621 3.64904
0.624 3.64791
0.627 3.64678
0.63 3.64565
0.633 3.64453
0.636 3.6434
0.639 3.64228
0.642 3.64115
0.645 3.64002
0.648 3.6389
0.651 3.63777
0.654 3.63665
0.657 3.63552
0.66 3.6344
0.663 3.63327
0.666 3.63215
0.669 3.63103
0.672 3.6299
0.675 3.62878
0.678 3.62766
0.681 3.62653
0.684 3.62541
0.687 3.62429
0.69 3.62317
0.693 3.62204
0.696 3.62092
0.699 3.6198
0.702 3.61868
0.705 3.61756
0.708 3.61644
0.711 3.61532
0.714 3.6142
0.717 3.61308
0.72 3.61196
0.723 3.61084
0.726 3.60972
0.729 3.6086
0.732 3.60748
0.735 3.60636
0.738 3.60524
0.741 3.60412
0.744 3.603
0.747 3.60188
0.75 3.60076
0.753 3.59965
0.756 3.59853
0.759 3.59741
0.762 3.59629
0.765 3.59517
0.768 3.59406
0.771 3.59294
0.774 3.59182
0.777 3.59071
0.78 3.58959
0.783 3.58847
0.786 3.58735
0.789 3.58624
0.792 3.58512
0.795 3.584
0.798 3.58289
0.801 3.58177
0.804 3.58065
0.807 3.57953
0.81 3.57842
0.813 3.5773
0.816 3.57618
0.819 3.57507
0.822 3.57395
0.825 3.57283
0.828 3.57171
0.831 3.5706
0.834 3.56948
0.837 3.56836
0.84 3.56724
0.843 3.56613
0.846 3.56501
0.849 3.56389
0.852 3.56277
0.855 3.56165
0.858 3.56053
0.861 3.55942
0.864 3.5583
0.867 3.55718
0.87 3.55606
0.873 3.55494
0.876 3.55382
0.879 3.5527
0.882 3.55158
0.885 3.55045
0.888 3.54933
0.891 3.54821
0.894 3.54709
0.897 3.54597
0.9 3.54484
0.903 3.54372
0.906 3.5426
0.909 3.54147
0.912 3.54035
0.915 3.53922
0.918 3.5381
0.921 3.53697
0.924 3.53585
0.927 3.53472
0.93 3.53359
0.933 3.53247
0.936 3.53134
0.939 3.53021
0.942 3.52908
0.945 3.52795
0.948 3.52682
0.951 3.52569
0.954 3.52456
0.957 3.52342
0.96 3.52229
0.963 3.52116
0.966 3.52002
0.969 3.51889
0.972 3.51775
0.975 3.51662
0.978 3.51548
0.981 3.51434
0.984 3.5132
0.987 3.51206
0.99 3.51092
0.993 3.50978
0.996 3.50864
0.999 3.5075
1.002 3.50635
1.005 3.50521
1.008 3.50407
1.011 3.50292
1.014 3.50177
1.017 3.50063
1.02 3.49948
1.023 3.49833
1.026 3.49718
1.029 3.49603
1.032 3.49487
1.035 3.49372
1.038 3.49257
1.041 3.49141
1.044 3.49026
1.047 3.4891
1.05 3.48794
1.053 3.48678
1.056 3.48562
1.059 3.48446
1.062 3.4833
1.065 3.48213
1.068 3.48097
1.071 3.4798
1.074 3.47864
1.077 3.47747
1.08 3.4763
1.083 3.47513
1.086 3.47396
1.089 3.47278
1.092 3.47161
1.095 3.47044
1.098 3.46926
1.101 3.46808
1.104 3.4669
1.107 3.46572
1.11 3.46454
1.113 3.46336
1.116 3.46217
1.119 3.46099
1.122 3.4598
1.125 3.45861
1.128 3.45743
1.131 3.45623
1.134 3.45504
1.137 3.45385
1.14 3.45265
1.143 3.45146
1.146 3.45026
1.149 3.44906
1.152 3.44786
1.155 3.44666
1.158 3.44545
1.161 3.44425
1.164 3.44304
1.167 3.44184
1.17 3.44063
1.173 3.43941
1.176 3.4382
1.179 3.43699
1.182 3.43577
1.185 3.43455
1.188 3.43334
1.191 3.43212
1.194 3.43089
1.197 3.42967
1.2 3.42844
1.203 3.42722
1.206 3.42599
1.209 3.42476
1.212 3.42353
1.215 3.42229
1.218 3.42106
1.221 3.41982
1.224 3.41858
1.227 3.41734
1.23 3.4161
1.233 3.41486
1.236 3.41361
1.239 3.41236
1.242 3.41111
1.245 3.40986
1.248 3.40861
1.251 3.40735
1.254 3.4061
1.257 3.40484
1.26 3.40358
1.263 3.40232
1.266 3.40105
1.269 3.39979
1.272 3.39852
1.275 3.39725
1.278 3.39598
1.281 3.39471
1.284 3.39343
1.287 3.39215
1.29 3.39087
1.293 3.38959
1.296 3.38831
1.299 3.38703
1.302 3.38574
1.305 3.38445
1.308 3.38316
1.311 3.38187
1.314 3.38057
1.317 3.37927
1.32 3.37798
1.323 3.37667
1.326 3.37537
1.329 3.37407
1.332 3.37276
1.335 3.37145
1.338 3.37014
1.341 3.36883
1.344 3.36751
1.347 3.36619
1.35 3.36487
1.353 3.36355
1.356 3.36223
1.359 3.3609
1.362 3.35957
1.365 3.35824
1.368 3.35691
1.371 3.35557
1.374 3.35424
1.377 3.3529
1.38 3.35156
1.383 3.35021
1.386 3.34887
1.389 3.34752
1.392 3.34617
1.395 3.34482
1.398 3.34346
1.401 3.3421
1.404 3.34074
1.407 3.33938
1.41 3.33802
1.413 3.33665
1.416 3.33528
1.419 3.33391
1.422 3.33254
1.425 3.33116
1.428 3.32979
1.431 3.32841
1.434 3.32702
1.437 3.32564
1.44 3.32425
1.443 3.32286
1.446 3.32147
1.449 3.32007
1.452 3.31868
1.455 3.31728
1.458 3.31588
1.461 3.31447
1.464 3.31307
1.467 3.31166
1.47 3.31024
1.473 3.30883
1.476 3.30741
1.479 3.306
1.482 3.30457
1.485 3.30315
1.488 3.30172
1.491 3.3003
1.494 3.29886
1.497 3.29743
1.5 3.29599
1.503 3.29456
1.506 3.29311
1.509 3.29167
1.512 3.29022
1.515 3.28878
1.518 3.28732
1.521 3.28587
1.524 3.28441
1.527 3.28296
1.53 3.28149
1.533 3.28003
1.536 3.27856
1.539 3.27709
1.542 3.27562
1.545 3.27415
1.548 3.27267
1.551 3.27119
1.554 3.26971
1.557 3.26822
1.56 3.26674
1.563 3.26525
1.566 3.26375
1.569 3.26226
1.572 3.26076
1.575 3.25926
1.578 3.25776
1.581 3.25625
1.584 3.25474
1.587 3.25323
1.59 3.25172
1.593 3.2502
1.596 3.24868
1.599 3.24716
1.602 3.24564
1.605 3.24411
1.608 3.24258
1.611 3.24105
1.614 3.23952
1.617 3.23798
1.62 3.23644
1.623 3.2349
1.626 3.23335
1.629 3.2318
1.632 3.23025
1.635 3.2287
1.638 3.22714
1.641 3.22558
1.644 3.22402
1.647 3.22246
1.65 3.22089
1.653 3.21932
1.656 3.21775
1.659 3.21618
1.662 3.2146
1.665 3.21302
1.668 3.21144
1.671 3.20985
1.674 3.20826
1.677 3.20667
1.68 3.20508
1.683 3.20349
1.686 3.20189
1.689 3.20029
1.692 3.19868
1.695 3.19708
1.698 3.19547
1.701 3.19386
1.704 3.19224
1.707 3.19063
1.71 3.18901
1.713 3.18739
1.716 3.18576
1.719 3.18413
1.722 3.18251
1.725 3.18087
1.728 3.17924
1.731 3.1776
1.734 3.17596
1.737 3.17432
1.74 3.17268
1.743 3.17103
1.746 3.16938
1.749 3.16773
1.752 3.16607
1.755 3.16442
1.758 3.16276
1.761 3.1611
1.764 3.15943
1.767 3.15777
1.77 3.1561
1.773 3.15442
1.776 3.15275
1.779 3.15108
1.782 3.1494
1.785 3.14772
1.788 3.14603
1.791 3.14435
1.794 3.14266
1.797 3.14097
1.8 3.13928
1.803 3.13758
1.806 3.13589
1.809 3.13419
1.812 3.13249
1.815 3.13079
1.818 3.12908
1.821 3.12737
1.824 3.12566
1.827 3.12395
1.83 3.12224
1.833 3.12052
1.836 3.11881
1.839 3.11709
1.842 3.11536
1.845 3.11364
1.848 3.11192
1.851 3.11019
1.854 3.10846
1.857 3.10673
1.86 3.105
1.863 3.10326
1.866 3.10153
1.869 3.09979
1.872 3.09805
1.875 3.09631
1.878 3.09456
1.881 3.09282
1.884 3.09107
1.887 3.08933
1.89 3.08758
1.893 3.08583
1.896 3.08407
1.899 3.08232
1.902 3.08057
1.905 3.07881
1.908 3.07705
1.911 3.07529
1.914 3.07353
1.917 3.07177
1.92 3.07001
1.923 3.06825
1.926 3.06648
1.929 3.06472
1.932 3.06295
1.935 3.06118
1.938 3.05941
1.941 3.05765
1.944 3.05587
1.947 3.0541
1.95 3.05233
1.953 3.05056
1.956 3.04879
1.959 3.04701
1.962 3.04524
1.965 3.04346
1.968 3.04169
1.971 3.03991
1.974 3.03814
1.977 3.03636
1.98 3.03458
1.983 3.03281
1.986 3.03103
1.989 3.02925
1.992 3.02748
1.995 3.0257
1.998 3.02392
2.001 3.02214
2.004 3.02037
2.007 3.01859
2.01 3.01681
2.013 3.01504
2.016 3.01326
2.019 3.01149
2.022 3.00971
2.025 3.00794
2.028 3.00616
2.031 3.00439
2.034 3.00262
2.037 3.00084
2.04 2.99907
2.043 2.9973
2.046 2.99553
2.049 2.99377
2.052 2.992
2.055 2.99023
2.058 2.98847
2.061 2.9867
2.064 2.98494
2.067 2.98318
2.07 2.98142
2.073 2.97966
2.076 2.97791
2.079 2.97615
2.082 2.9744
2.085 2.97265
2.088 2.9709
2.091 2.96915
2.094 2.96741
2.097 2.96567
2.1 2.96392
2.103 2.96219
2.106 2.96045
2.109 2.95871
2.112 2.95698
2.115 2.95525
2.118 2.95353
2.121 2.9518
2.124 2.95008
2.127 2.94836
2.13 2.94665
2.133 2.94493
2.136 2.94322
2.139 2.94152
2.142 2.93981
2.145 2.93811
2.148 2.93641
2.151 2.93472
2.154 2.93303
2.157 2.93134
2.16 2.92966
2.163 2.92798
2.166 2.9263
2.169 2.92463
2.172 2.92296
2.175 2.92129
2.178 2.91963
2.181 2.91798
2.184 2.91632
2.187 2.91468
2.19 2.91303
2.193 2.91139
2.196 2.90976
2.199 2.90813
2.202 2.9065
2.205 2.90488
2.208 2.90326
2.211 2.90165
2.214 2.90004
2.217 2.89844
2.22 2.89684
2.223 2.89525
2.226 2.89366
2.229 2.89208
2.232 2.8905
2.235 2.88893
2.238 2.88736
2.241 2.8858
2.244 2.88425
2.247 2.8827
2.25 2.88115
2.253 2.87962
2.256 2.87808
2.259 2.87656
2.262 2.87504
2.265 2.87352
2.268 2.87201
2.271 2.87051
2.274 2.86902
2.277 2.86753
2.28 2.86604
2.283 2.86457
2.286 2.8631
2.289 2.86163
2.292 2.86017
2.295 2.85872
2.298 2.85728
2.301 2.85584
2.304 2.85441
2.307 2.85299
2.31 2.85157
2.313 2.85016
2.316 2.84876
2.319 2.84736
2.322 2.84597
2.325 2.84459
2.328 2.84321
2.331 2.84185
2.334 2.84049
2.337 2.83913
2.34 2.83779
2.343 2.83645
2.346 2.83512
2.349 2.8338
2.352 2.83248
2.355 2.83118
2.358 2.82988
2.361 2.82858
2.364 2.8273
2.367 2.82602
2.37 2.82475
2.373 2.82349
2.376 2.82224
2.379 2.821
2.382 2.81976
2.385 2.81853
2.388 2.81731
2.391 2.8161
2.394 2.81489
2.397 2.8137
2.4 2.81251
2.403 2.81133
2.406 2.81016
2.409 2.80899
2.412 2.80784
2.415 2.80669
2.418 2.80555
2.421 2.80442
2.424 2.8033
2.427 2.80219
2.43 2.80108
2.433 2.79999
2.436 2.7989
2.439 2.79782
2.442 2.79675
2.445 2.79569
2.448 2.79463
2.451 2.79359
2.454 2.79255
2.457 2.79152
2.46 2.7905
2.463 2.78949
2.466 2.78849
2.469 2.7875
2.472 2.78651
2.475 2.78554
2.478 2.78457
2.481 2.78361
2.484 2.78266
2.487 2.78172
2.49 2.78079
2.493 2.77986
2.496 2.77895
2.499 2.77804
2.502 2.77714
2.505 2.77625
2.508 2.77537
2.511 2.7745
2.514 2.77363
2.517 2.77278
2.52 2.77193
2.523 2.7711
2.526 2.77027
2.529 2.76945
2.532 2.76863
2.535 2.76783
2.538 2.76704
2.541 2.76625
2.544 2.76547
2.547 2.7647
2.55 2.76394
2.553 2.76319
2.556 2.76245
2.559 2.76171
2.562 2.76099
2.565 2.76027
2.568 2.75956
2.571 2.75886
2.574 2.75816
2.577 2.75748
2.58 2.7568
2.583 2.75614
2.586 2.75548
2.589 2.75482
2.592 2.75418
2.595 2.75355
2.598 2.75292
2.601 2.7523
2.604 2.75169
2.607 2.75109
2.61 2.7505
2.613 2.74991
2.616 2.74933
2.619 2.74876
2.622 2.7482
2.625 2.74765
2.628 2.7471
2.631 2.74656
2.634 2.74603
2.637 2.74551
2.64 2.74499
2.643 2.74449
2.646 2.74399
2.649 2.74349
2.652 2.74301
2.655 2.74253
2.658 2.74206
2.661 2.7416
2.664 2.74115
2.667 2.7407
2.67 2.74026
2.673 2.73983
2.676 2.73941
2.679 2.73899
2.682 2.73858
2.685 2.73818
2.688 2.73778
2.691 2.73739
2.694 2.73701
2.697 2.73664
2.7 2.73627
2.703 2.73591
2.706 2.73555
2.709 2.73521
2.712 2.73487
2.715 2.73454
2.718 2.73421
2.721 2.73389
2.724 2.73358
2.727 2.73327
2.73 2.73297
2.733 2.73268
2.736 2.73239
2.739 2.73211
2.742 2.73184
2.745 2.73157
2.748 2.73131
2.751 2.73105
2.754 2.7308
2.757 2.73056
2.76 2.73032
2.763 2.73009
2.766 2.72987
2.769 2.72965
2.772 2.72944
2.775 2.72923
2.778 2.72903
2.781 2.72884
2.784 2.72865
2.787 2.72846
2.79 2.72829
2.793 2.72811
2.796 2.72795
2.799 2.72778
2.802 2.72763
2.805 2.72748
2.808 2.72733
2.811 2.72719
2.814 2.72706
2.817 2.72693
2.82 2.72681
2.823 2.72669
2.826 2.72657
2.829 2.72646
2.832 2.72636
2.835 2.72626
2.838 2.72617
2.841 2.72608
2.844 2.72599
2.847 2.72591
2.85 2.72584
2.853 2.72577
2.856 2.7257
2.859 2.72564
2.862 2.72559
2.865 2.72553
2.868 2.72549
2.871 2.72544
2.874 2.7254
2.877 2.72537
2.88 2.72534
2.883 2.72531
2.886 2.72529
2.889 2.72527
2.892 2.72526
2.895 2.72525
2.898 2.72524
2.901 2.72524
2.904 2.72524
2.907 2.72525
2.91 2.72526
2.913 2.72527
2.916 2.72529
2.919 2.72531
2.922 2.72534
2.925 2.72536
2.928 2.7254
2.931 2.72543
2.934 2.72547
2.937 2.72551
2.94 2.72556
2.943 2.72561
2.946 2.72566
2.949 2.72571
2.952 2.72577
2.955 2.72584
2.958 2.7259
2.961 2.72597
2.964 2.72604
2.967 2.72611
2.97 2.72619
2.973 2.72627
2.976 2.72636
2.979 2.72644
2.982 2.72653
2.985 2.72662
2.988 2.72672
2.991 2.72681
2.994 2.72691
2.997 2.72702
3 2.72712
3.001 5
