0 0
0.003 0.404288
0.006 0.405978
0.009 0.407681
0.012 0.409396
0.015 0.411124
0.018 0.412863
0.021 0.414615
0.024 0.41638
0.027 0.418157
0.03 0.419946
0.033 0.421748
0.036 0.423563
0.039 0.42539
0.042 0.42723
0.045 0.429083
0.048 0.430948
0.051 0.432827
0.054 0.434718
0.057 0.436623
0.06 0.43854
0.063 0.440471
0.066 0.442415
0.069 0.444371
0.072 0.446341
0.075 0.448325
0.078 0.450321
0.081 0.452331
0.084 0.454354
0.087 0.456391
0.09 0.458441
0.093 0.460504
0.096 0.462581
0.099 0.464672
0.102 0.466776
0.105 0.468894
0.108 0.471025
0.111 0.47317
0.114 0.475329
0.117 0.477502
0.12 0.479688
0.123 0.481888
0.126 0.484102
0.129 0.486329
0.132 0.488571
0.135 0.490826
0.138 0.493095
0.141 0.495378
0.144 0.497675
0.147 0.499986
0.15 0.502311
0.153 0.504649
0.156 0.507002
0.159 0.509369
0.162 0.511749
0.165 0.514144
0.168 0.516552
0.171 0.518974
0.174 0.521411
0.177 0.523861
0.18 0.526325
0.183 0.528803
0.186 0.531296
0.189 0.533802
0.192 0.536321
0.195 0.538855
0.198 0.541403
0.201 0.543965
0.204 0.54654
0.207 0.549129
0.21 0.551732
0.213 0.554349
0.216 0.55698
0.219 0.559624
0.222 0.562282
0.225 0.564954
0.228 0.567639
0.231 0.570338
0.234 0.57305
0.237 0.575776
0.24 0.578516
0.243 0.581269
0.246 0.584035
0.249 0.586815
0.252 0.589608
0.255 0.592414
0.258 0.595234
0.261 0.598066
0.264 0.600912
0.267 0.603771
0.27 0.606643
0.273 0.609527
0.276 0.612425
0.279 0.615336
0.282 0.618259
0.285 0.621195
0.288 0.624143
0.291 0.627104
0.294 0.630078
0.297 0.633064
0.3 0.636062
0.303 0.639073
0.306 0.642095
0.309 0.64513
0.312 0.648177
0.315 0.651236
0.318 0.654307
0.321 0.657389
0.324 0.660484
0.327 0.663589
0.33 0.666707
0.333 0.669836
0.336 0.672976
0.339 0.676127
0.342 0.67929
0.345 0.682463
0.348 0.685648
0.351 0.688844
0.354 0.69205
0.357 0.695267
0.36 0.698495
0.363 0.701733
0.366 0.704982
0.369 0.708241
0.372 0.71151
0.375 0.714789
0.378 0.718078
0.381 0.721377
0.384 0.724686
0.387 0.728005
0.39 0.731333
0.393 0.73467
0.396 0.738017
0.399 0.741374
0.402 0.744739
0.405 0.748113
0.408 0.751497
0.411 0.754889
0.414 0.75829
0.417 0.7617
0.42 0.765118
0.423 0.768544
0.426 0.771979
0.429 0.775422
0.432 0.778873
0.435 0.782332
0.438 0.785799
0.441 0.789274
0.444 0.792756
0.447 0.796246
0.45 0.799743
0.453 0.803247
0.456 0.806759
0.459 0.810278
0.462 0.813804
0.465 0.817336
0.468 0.820876
0.471 0.824422
0.474 0.827975
0.477 0.831534
0.48 0.835099
0.483 0.838671
0.486 0.842249
0.489 0.845833
0.492 0.849423
0.495 0.853019
0.498 0.856621
0.501 0.860228
0.504 0.86384
0.507 0.867459
0.51 0.871082
0.513 0.874711
0.516 0.878345
0.519 0.881984
0.522 0.885628
0.525 0.889277
0.528 0.89293
0.531 0.896589
0.534 0.900252
0.537 0.903919
0.54 0.907591
0.543 0.911267
0.546 0.914948
0.549 0.918633
0.552 0.922321
0.555 0.926014
0.558 0.929711
0.561 0.933411
0.564 0.937116
0.567 0.940824
0.57 0.944535
0.573 0.948251
0.576 0.951969
0.579 0.955691
0.582 0.959417
0.585 0.963145
0.588 0.966877
0.591 0.970612
0.594 0.97435
0.597 0.978091
0.6 0.981835
0.603 0.985582
0.606 0.989331
0.609 0.993083
0.612 0.996838
0.615 1.0006
0.618 1.00436
0.621 1.00812
0.624 1.01188
0.627 1.01565
0.63 1.01942
0.633 1.02319
0.636 1.02697
0.639 1.03074
0.642 1.03452
0.645 1.0383
0.648 1.04209
0.651 1.04587
0.654 1.04966
0.657 1.05345
0.66 1.05724
0.663 1.06103
0.666 1.06483
0.669 1.06862
0.672 1.07242
0.675 1.07622
0.678 1.08002
0.681 1.08383
0.684 1.08763
0.687 1.09144
0.69 1.09525
0.693 1.09905
0.696 1.10287
0.699 1.10668
0.702 1.11049
0.705 1.11431
0.708 1.11813
0.711 1.12194
0.714 1.12576
0.717 1.12959
0.72 1.13341
0.723 1.13723
0.726 1.14106
0.729 1.14489
0.732 1.14871
0.735 1.15254
0.738 1.15637
0.741 1.16021
0.744 1.16404
0.747 1.16787
0.75 1.17171
0.753 1.17555
0.756 1.17939
0.759 1.18323
0.762 1.18707
0.765 1.19091
0.768 1.19475
0.771 1.1986
0.774 1.20244
0.777 1.20629
0.78 1.21014
0.783 1.21399
0.786 1.21784
0.789 1.22169
0.792 1.22555
0.795 1.2294
0.798 1.23326
0.801 1.23712
0.804 1.24097
0.807 1.24484
0.81 1.2487
0.813 1.25256
0.816 1.25642
0.819 1.26029
0.822 1.26416
0.825 1.26802
0.828 1.27189
0.831 1.27577
0.834 1.27964
0.837 1.28351
0.84 1.28739
0.843 1.29126
0.846 1.29514
0.849 1.29902
0.852 1.3029
0.855 1.30679
0.858 1.31067
0.861 1.31456
0.864 1.31844
0.867 1.32233
0.87 1.32622
0.873 1.33012
0.876 1.33401
0.879 1.33791
0.882 1.3418
0.885 1.3457
0.888 1.3496
0.891 1.35351
0.894 1.35741
0.897 1.36132
0.9 1.36522
0.903 1.36913
0.906 1.37304
0.909 1.37696
0.912 1.38087
0.915 1.38479
0.918 1.38871
0.921 1.39263
0.924 1.39656
0.927 1.40048
0.93 1.40441
0.933 1.40834
0.936 1.41227
0.939 1.4162
0.942 1.42014
0.945 1.42408
0.948 1.42802
0.951 1.43196
0.954 1.43591
0.957 1.43985
0.96 1.4438
0.963 1.44776
0.966 1.45171
0.969 1.45567
0.972 1.45963
0.975 1.46359
0.978 1.46755
0.981 1.47152
0.984 1.47549
0.987 1.47946
0.99 1.48343
0.993 1.48741
0.996 1.49139
0.999 1.49537
1.002 1.49936
1.005 1.50335
1.008 1.50734
1.011 1.51133
1.014 1.51533
1.017 1.51933
1.02 1.52333
1.023 1.52733
1.026 1.53134
1.029 1.53535
1.032 1.53937
1.035 1.54338
1.038 1.5474
1.041 1.55143
1.044 1.55545
1.047 1.55948
1.05 1.56351
1.053 1.56755
1.056 1.57159
1.059 1.57563
1.062 1.57968
1.065 1.58372
1.068 1.58778
1.071 1.59183
1.074 1.59589
1.077 1.59995
1.08 1.60402
1.083 1.60809
1.086 1.61216
1.089 1.61624
1.092 1.62032
1.095 1.6244
1.098 1.62849
1.101 1.63258
1.104 1.63667
1.107 1.64077
1.11 1.64488
1.113 1.64898
1.116 1.65309
1.119 1.6572
1.122 1.66132
1.125 1.66544
1.128 1.66957
1.131 1.6737
1.134 1.67783
1.137 1.68197
1.14 1.68611
1.143 1.69025
1.146 1.6944
1.149 1.69856
1.152 1.70271
1.155 1.70687
1.158 1.71104
1.161 1.71521
1.164 1.71938
1.167 1.72356
1.17 1.72775
1.173 1.73193
1.176 1.73612
1.179 1.74032
1.182 1.74452
1.185 1.74873
1.188 1.75293
1.191 1.75715
1.194 1.76137
1.197 1.76559
1.2 1.76982
1.203 1.77405
1.206 1.77829
1.209 1.78253
1.212 1.78677
1.215 1.79102
1.218 1.79528
1.221 1.79954
1.224 1.8038
1.227 1.80807
1.23 1.81235
1.233 1.81663
1.236 1.82091
1.239 1.8252
1.242 1.82949
1.245 1.83379
1.248 1.83809
1.251 1.8424
1.254 1.84672
1.257 1.85104
1.26 1.85536
1.263 1.85969
1.266 1.86402
1.269 1.86836
1.272 1.87271
1.275 1.87706
1.278 1.88141
1.281 1.88577
1.284 1.89014
1.287 1.89451
1.29 1.89888
1.293 1.90326
1.296 1.90765
1.299 1.91204
1.302 1.91644
1.305 1.92084
1.308 1.92525
1.311 1.92967
1.314 1.93408
1.317 1.93851
1.32 1.94294
1.323 1.94738
1.326 1.95182
1.329 1.95626
1.332 1.96072
1.335 1.96517
1.338 1.96964
1.341 1.97411
1.344 1.97858
1.347 1.98307
1.35 1.98755
1.353 1.99204
1.356 1.99654
1.359 2.00105
1.362 2.00556
1.365 2.01007
1.368 2.0146
1.371 2.01912
1.374 2.02366
1.377 2.0282
1.38 2.03274
1.383 2.03729
1.386 2.04185
1.389 2.04642
1.392 2.05098
1.395 2.05556
1.398 2.06014
1.401 2.06473
1.404 2.06932
1.407 2.07392
1.41 2.07853
1.413 2.08314
1.416 2.08776
1.419 2.09239
1.422 2.09702
1.425 2.10166
1.428 2.1063
1.431 2.11095
1.434 2.11561
1.437 2.12027
1.44 2.12494
1.443 2.12961
1.446 2.1343
1.449 2.13898
1.452 2.14368
1.455 2.14838
1.458 2.15309
1.461 2.1578
1.464 2.16252
1.467 2.16725
1.47 2.17198
1.473 2.17672
1.476 2.18147
1.479 2.18622
1.482 2.19098
1.485 2.19574
1.488 2.20052
1.491 2.2053
1.494 2.21008
1.497 2.21487
1.5 2.21967
1.503 2.22448
1.506 2.22929
1.509 2.23411
1.512 2.23894
1.515 2.24377
1.518 2.24861
1.521 2.25345
1.524 2.25831
1.527 2.26317
1.53 2.26803
1.533 2.2729
1.536 2.27778
1.539 2.28267
1.542 2.28756
1.545 2.29246
1.548 2.29737
1.551 2.30228
1.554 2.3072
1.557 2.31213
1.56 2.31706
1.563 2.322
1.566 2.32695
1.569 2.33191
1.572 2.33687
1.575 2.34184
1.578 2.34681
1.581 2.35179
1.584 2.35678
1.587 2.36178
1.59 2.36678
1.593 2.37179
1.596 2.3768
1.599 2.38182
1.602 2.38685
1.605 2.39189
1.608 2.39693
1.611 2.40198
1.614 2.40704
1.617 2.4121
1.62 2.41717
1.623 2.42225
1.626 2.42733
1.629 2.43242
1.632 2.43752
1.635 2.44263
1.638 2.44774
1.641 2.45285
1.644 2.45798
1.647 2.46311
1.65 2.46825
1.653 2.47339
1.656 2.47854
1.659 2.4837
1.662 2.48887
1.665 2.49404
1.668 2.49922
1.671 2.5044
1.674 2.50959
1.677 2.51479
1.68 2.51999
1.683 2.5252
1.686 2.53042
1.689 2.53564
1.692 2.54087
1.695 2.54611
1.698 2.55135
1.701 2.5566
1.704 2.56186
1.707 2.56712
1.71 2.57239
1.713 2.57766
1.716 2.58294
1.719 2.58823
1.722 2.59352
1.725 2.59882
1.728 2.60413
1.731 2.60944
1.734 2.61476
1.737 2.62008
1.74 2.62541
1.743 2.63075
1.746 2.63609
1.749 2.64143
1.752 2.64679
1.755 2.65215
1.758 2.65751
1.761 2.66288
1.764 2.66825
1.767 2.67363
1.77 2.67902
1.773 2.68441
1.776 2.68981
1.779 2.69521
1.782 2.70062
1.785 2.70603
1.788 2.71145
1.791 2.71687
1.794 2.7223
1.797 2.72773
1.8 2.73317
1.803 2.73861
1.806 2.74406
1.809 2.74951
1.812 2.75497
1.815 2.76043
1.818 2.7659
1.821 2.77137
1.824 2.77684
1.827 2.78232
1.83 2.7878
1.833 2.79329
1.836 2.79878
1.839 2.80427
1.842 2.80977
1.845 2.81527
1.848 2.82078
1.851 2.82629
1.854 2.8318
1.857 2.83732
1.86 2.84283
1.863 2.84836
1.866 2.85388
1.869 2.85941
1.872 2.86494
1.875 2.87047
1.878 2.87601
1.881 2.88155
1.884 2.88709
1.887 2.89263
1.89 2.89818
1.893 2.90373
1.896 2.90928
1.899 2.91483
1.902 2.92038
1.905 2.92594
1.908 2.93149
1.911 2.93705
1.914 2.94261
1.917 2.94817
1.92 2.95373
1.923 2.95929
1.926 2.96485
1.929 2.97042
1.932 2.97598
1.935 2.98154
1.938 2.98711
1.941 2.99267
1.944 2.99823
1.947 3.0038
1.95 3.00936
1.953 3.01492
1.956 3.02048
1.959 3.02604
1.962 3.0316
1.965 3.03716
1.968 3.04271
1.971 3.04827
1.974 3.05382
1.977 3.05937
1.98 3.06492
1.983 3.07047
1.986 3.07602
1.989 3.08156
1.992 3.0871
1.995 3.09264
1.998 3.09817
2.001 3.1037
2.004 3.10923
2.007 3.11475
2.01 3.12027
2.013 3.12579
2.016 3.1313
2.019 3.1368
2.022 3.14231
2.025 3.14781
2.028 3.1533
2.031 3.15879
2.034 3.16427
2.037 3.16975
2.04 3.17522
2.043 3.18069
2.046 3.18615
2.049 3.1916
2.052 3.19705
2.055 3.20249
2.058 3.20792
2.061 3.21335
2.064 3.21877
2.067 3.22418
2.07 3.22959
2.073 3.23498
2.076 3.24037
2.079 3.24575
2.082 3.25113
2.085 3.25649
2.088 3.26184
2.091 3.26719
2.094 3.27253
2.097 3.27785
2.1 3.28317
2.103 3.28848
2.106 3.29378
2.109 3.29906
2.112 3.30434
2.115 3.30961
2.118 3.31486
2.121 3.3201
2.124 3.32534
2.127 3.33056
2.13 3.33577
2.133 3.34096
2.136 3.34615
2.139 3.35132
2.142 3.35648
2.145 3.36163
2.148 3.36676
2.151 3.37188
2.154 3.37699
2.157 3.38208
2.16 3.38716
2.163 3.39223
2.166 3.39728
2.169 3.40232
2.172 3.40734
2.175 3.41235
2.178 3.41734
2.181 3.42232
2.184 3.42728
2.187 3.43223
2.19 3.43716
2.193 3.44207
2.196 3.44697
2.199 3.45185
2.202 3.45672
2.205 3.46156
2.208 3.4664
2.211 3.47121
2.214 3.47601
2.217 3.48078
2.22 3.48555
2.223 3.49029
2.226 3.49501
2.229 3.49972
2.232 3.50441
2.235 3.50908
2.238 3.51373
2.241 3.51836
2.244 3.52297
2.247 3.52757
2.25 3.53214
2.253 3.53669
2.256 3.54123
2.259 3.54574
2.262 3.55024
2.265 3.55471
2.268 3.55917
2.271 3.5636
2.274 3.56801
2.277 3.5724
2.28 3.57677
2.283 3.58112
2.286 3.58545
2.289 3.58976
2.292 3.59404
2.295 3.59831
2.298 3.60255
2.301 3.60677
2.304 3.61097
2.307 3.61514
2.31 3.6193
2.313 3.62343
2.316 3.62753
2.319 3.63162
2.322 3.63568
2.325 3.63973
2.328 3.64374
2.331 3.64774
2.334 3.65171
2.337 3.65566
2.34 3.65958
2.343 3.66349
2.346 3.66737
2.349 3.67122
2.352 3.67505
2.355 3.67886
2.358 3.68265
2.361 3.68641
2.364 3.69014
2.367 3.69386
2.37 3.69755
2.373 3.70121
2.376 3.70486
2.379 3.70847
2.382 3.71207
2.385 3.71564
2.388 3.71918
2.391 3.7227
2.394 3.7262
2.397 3.72967
2.4 3.73312
2.403 3.73655
2.406 3.73995
2.409 3.74332
2.412 3.74667
2.415 3.75
2.418 3.7533
2.421 3.75658
2.424 3.75984
2.427 3.76307
2.43 3.76627
2.433 3.76946
2.436 3.77261
2.439 3.77575
2.442 3.77886
2.445 3.78194
2.448 3.785
2.451 3.78804
2.454 3.79105
2.457 3.79404
2.46 3.797
2.463 3.79994
2.466 3.80286
2.469 3.80575
2.472 3.80862
2.475 3.81146
2.478 3.81428
2.481 3.81708
2.484 3.81985
2.487 3.8226
2.49 3.82533
2.493 3.82803
2.496 3.83071
2.499 3.83337
2.502 3.836
2.505 3.83861
2.508 3.84119
2.511 3.84375
2.514 3.84629
2.517 3.84881
2.52 3.8513
2.523 3.85377
2.526 3.85622
2.529 3.85865
2.532 3.86105
2.535 3.86343
2.538 3.86579
2.541 3.86813
2.544 3.87044
2.547 3.87273
2.55 3.875
2.553 3.87725
2.556 3.87947
2.559 3.88168
2.562 3.88386
2.565 3.88602
2.568 3.88816
2.571 3.89028
2.574 3.89237
2.577 3.89445
2.58 3.8965
2.583 3.89854
2.586 3.90055
2.589 3.90254
2.592 3.90451
2.595 3.90646
2.598 3.9084
2.601 3.91031
2.604 3.9122
2.607 3.91407
2.61 3.91592
2.613 3.91775
2.616 3.91956
2.619 3.92135
2.622 3.92313
2.625 3.92488
2.628 3.92661
2.631 3.92833
2.634 3.93002
2.637 3.9317
2.64 3.93336
2.643 3.935
2.646 3.93662
2.649 3.93822
2.652 3.93981
2.655 3.94138
2.658 3.94293
2.661 3.94446
2.664 3.94597
2.667 3.94747
2.67 3.94895
2.673 3.95041
2.676 3.95185
2.679 3.95328
2.682 3.95469
2.685 3.95608
2.688 3.95746
2.691 3.95882
2.694 3.96017
2.697 3.96149
2.7 3.9628
2.703 3.9641
2.706 3.96538
2.709 3.96664
2.712 3.96789
2.715 3.96912
2.718 3.97034
2.721 3.97154
2.724 3.97273
2.727 3.9739
2.73 3.97506
2.733 3.9762
2.736 3.97733
2.739 3.97844
2.742 3.97954
2.745 3.98062
2.748 3.98169
2.751 3.98275
2.754 3.98379
2.757 3.98482
2.76 3.98584
2.763 3.98684
2.766 3.98783
2.769 3.9888
2.772 3.98976
2.775 3.99071
2.778 3.99164
2.781 3.99257
2.784 3.99348
2.787 3.99437
2.79 3.99526
2.793 3.99613
2.796 3.99699
2.799 3.99784
2.802 3.99867
2.805 3.9995
2.808 4.00031
2.811 4.00111
2.814 4.0019
2.817 4.00267
2.82 4.00344
2.823 4.00419
2.826 4.00494
2.829 4.00567
2.832 4.00639
2.835 4.0071
2.838 4.0078
2.841 4.00849
2.844 4.00917
2.847 4.00984
2.85 4.0105
2.853 4.01115
2.856 4.01178
2.859 4.01241
2.862 4.01303
2.865 4.01364
2.868 4.01424
2.871 4.01483
2.874 4.01541
2.877 4.01598
2.88 4.01654
2.883 4.01709
2.886 4.01763
2.889 4.01816
2.892 4.01869
2.895 4.0192
2.898 4.01971
2.901 4.02021
2.904 4.0207
2.907 4.02118
2.91 4.02165
2.913 4.02212
2.916 4.02258
2.919 4.02303
2.922 4.02347
2.925 4.0239
2.928 4.02432
2.931 4.02474
2.934 4.02515
2.937 4.02555
2.94 4.02595
2.943 4.02633
2.946 4.02671
2.949 4.02709
2.952 4.02745
2.955 4.02781
2.958 4.02816
2.961 4.02851
2.964 4.02884
2.967 4.02917
2.97 4.0295
2.973 4.02982
2.976 4.03013
2.979 4.03043
2.982 4.03073
2.985 4.03102
2.988 4.03131
2.991 4.03159
2.994 4.03186
2.997 4.03213
3 4.03239
3.001 0
