0 0
0.003 0.755554
0.006 0.75657
0.009 0.75757
0.012 0.758554
0.015 0.759523
0.018 0.760477
0.021 0.761417
0.024 0.762344
0.027 0.763256
0.03 0.764156
0.033 0.765042
0.036 0.765917
0.039 0.76678
0.042 0.767632
0.045 0.768474
0.048 0.769305
0.051 0.770127
0.054 0.77094
0.057 0.771745
0.06 0.772543
0.063 0.773334
0.066 0.774118
0.069 0.774897
0.072 0.775672
0.075 0.776442
0.078 0.777209
0.081 0.777974
0.084 0.778737
0.087 0.779498
0.09 0.78026
0.093 0.781023
0.096 0.781787
0.099 0.782554
0.102 0.783324
0.105 0.784098
0.108 0.784877
0.111 0.785663
0.114 0.786455
0.117 0.787256
0.12 0.788065
0.123 0.788885
0.126 0.789715
0.129 0.790558
0.132 0.791413
0.135 0.792283
0.138 0.793167
0.141 0.794068
0.144 0.794986
0.147 0.795922
0.15 0.796877
0.153 0.797853
0.156 0.798851
0.159 0.799871
0.162 0.800915
0.165 0.801984
0.168 0.80308
0.171 0.804202
0.174 0.805352
0.177 0.806532
0.18 0.807743
0.183 0.808985
0.186 0.810261
0.189 0.81157
0.192 0.812914
0.195 0.814295
0.198 0.815712
0.201 0.817169
0.204 0.818664
0.207 0.820201
0.21 0.821779
0.213 0.823399
0.216 0.825063
0.219 0.826772
0.222 0.828527
0.225 0.830328
0.228 0.832178
0.231 0.834075
0.234 0.836022
0.237 0.83802
0.24 0.840068
0.243 0.842169
0.246 0.844322
0.249 0.846529
0.252 0.84879
0.255 0.851107
0.258 0.853478
0.261 0.855906
0.264 0.858391
0.267 0.860933
0.27 0.863533
0.273 0.866192
0.276 0.868909
0.279 0.871685
0.282 0.87452
0.285 0.877415
0.288 0.880371
0.291 0.883386
0.294 0.886462
0.297 0.889598
0.3 0.892794
0.303 0.896051
0.306 0.899369
0.309 0.902747
0.312 0.906185
0.315 0.909684
0.318 0.913242
0.321 0.91686
0.324 0.920538
0.327 0.924274
0.33 0.928069
0.333 0.931923
0.336 0.935835
0.339 0.939803
0.342 0.943829
0.345 0.947911
0.348 0.952048
0.351 0.956241
0.354 0.960487
0.357 0.964788
0.36 0.969141
0.363 0.973546
0.366 0.978002
0.369 0.982509
0.372 0.987065
0.375 0.99167
0.378 0.996323
0.381 1.00102
0.384 1.00577
0.387 1.01056
0.39 1.01539
0.393 1.02027
0.396 1.02519
0.399 1.03014
0.402 1.03514
0.405 1.04018
0.408 1.04526
0.411 1.05037
0.414 1.05551
0.417 1.06069
0.42 1.06591
0.423 1.07115
0.426 1.07643
0.429 1.08173
0.432 1.08707
0.435 1.09243
0.438 1.09782
0.441 1.10323
0.444 1.10867
0.447 1.11413
0.45 1.11961
0.453 1.12511
0.456 1.13063
0.459 1.13617
0.462 1.14173
0.465 1.14731
0.468 1.1529
0.471 1.15851
0.474 1.16412
0.477 1.16976
0.48 1.1754
0.483 1.18105
0.486 1.18672
0.489 1.19239
0.492 1.19807
0.495 1.20376
0.498 1.20946
0.501 1.21516
0.504 1.22086
0.507 1.22657
0.51 1.23228
0.513 1.238
0.516 1.24371
0.519 1.24943
0.522 1.25515
0.525 1.26087
0.528 1.26658
0.531 1.2723
0.534 1.27802
0.537 1.28373
0.54 1.28944
0.543 1.29514
0.546 1.30084
0.549 1.30654
0.552 1.31223
0.555 1.31792
0.558 1.3236
0.561 1.32928
0.564 1.33494
0.567 1.34061
0.57 1.34626
0.573 1.35191
0.576 1.35755
0.579 1.36318
0.582 1.36881
0.585 1.37443
0.588 1.38003
0.591 1.38563
0.594 1.39123
0.597 1.39681
0.6 1.40238
0.603 1.40795
0.606 1.4135
0.609 1.41905
0.612 1.42458
0.615 1.43011
0.618 1.43563
0.621 1.44114
0.624 1.44663
0.627 1.45212
0.63 1.4576
0.633 1.46307
0.636 1.46854
0.639 1.47399
0.642 1.47943
0.645 1.48486
0.648 1.49029
0.651 1.4957
0.654 1.50111
0.657 1.50651
0.66 1.51189
0.663 1.51727
0.666 1.52265
0.669 1.52801
0.672 1.53336
0.675 1.53871
0.678 1.54405
0.681 1.54938
0.684 1.5547
0.687 1.56002
0.69 1.56532
0.693 1.57062
0.696 1.57592
0.699 1.5812
0.702 1.58648
0.705 1.59176
0.708 1.59703
0.711 1.60229
0.714 1.60754
0.717 1.61279
0.72 1.61803
0.723 1.62327
0.726 1.6285
0.729 1.63373
0.732 1.63895
0.735 1.64417
0.738 1.64939
0.741 1.6546
0.744 1.6598
0.747 1.665
0.75 1.6702
0.753 1.6754
0.756 1.68059
0.759 1.68578
0.762 1.69096
0.765 1.69614
0.768 1.70132
0.771 1.7065
0.774 1.71168
0.777 1.71685
0.78 1.72202
0.783 1.72719
0.786 1.73236
0.789 1.73753
0.792 1.7427
0.795 1.74787
0.798 1.75303
0.801 1.7582
0.804 1.76336
0.807 1.76853
0.81 1.77369
0.813 1.77886
0.816 1.78403
0.819 1.7892
0.822 1.79436
0.825 1.79953
0.828 1.8047
0.831 1.80988
0.834 1.81505
0.837 1.82023
0.84 1.8254
0.843 1.83058
0.846 1.83577
0.849 1.84095
0.852 1.84614
0.855 1.85133
0.858 1.85652
0.861 1.86172
0.864 1.86692
0.867 1.87212
0.87 1.87733
0.873 1.88254
0.876 1.88775
0.879 1.89297
0.882 1.8982
0.885 1.90342
0.888 1.90865
0.891 1.91389
0.894 1.91913
0.897 1.92438
0.9 1.92963
0.903 1.93489
0.906 1.94015
0.909 1.94542
0.912 1.95069
0.915 1.95598
0.918 1.96126
0.921 1.96655
0.924 1.97185
0.927 1.97716
0.93 1.98247
0.933 1.98779
0.936 1.99312
0.939 1.99845
0.942 2.00379
0.945 2.00914
0.948 2.01449
0.951 2.01985
0.954 2.02522
0.957 2.0306
0.96 2.03599
0.963 2.04138
0.966 2.04679
0.969 2.0522
0.972 2.05762
0.975 2.06305
0.978 2.06849
0.981 2.07393
0.984 2.07939
0.987 2.08486
0.99 2.09033
0.993 2.09581
0.996 2.10131
0.999 2.10681
1.002 2.11233
1.005 2.11785
1.008 2.12339
1.011 2.12893
1.014 2.13449
1.017 2.14005
1.02 2.14563
1.023 2.15122
1.026 2.15681
1.029 2.16242
1.032 2.16804
1.035 2.17368
1.038 2.17932
1.041 2.18498
1.044 2.19064
1.047 2.19632
1.05 2.20202
1.053 2.20772
1.056 2.21344
1.059 2.21916
1.062 2.22491
1.065 2.23066
1.068 2.23643
1.071 2.24221
1.074 2.248
1.077 2.25381
1.08 2.25962
1.083 2.26546
1.086 2.2713
1.089 2.27717
1.092 2.28304
1.095 2.28893
1.098 2.29483
1.101 2.30075
1.104 2.30668
1.107 2.31262
1.11 2.31859
1.113 2.32456
1.116 2.33055
1.119 2.33656
1.122 2.34258
1.125 2.34861
1.128 2.35466
1.131 2.36073
1.134 2.36681
1.137 2.37291
1.14 2.37902
1.143 2.38515
1.146 2.3913
1.149 2.39746
1.152 2.40364
1.155 2.40983
1.158 2.41605
1.161 2.42227
1.164 2.42852
1.167 2.43478
1.17 2.44106
1.173 2.44736
1.176 2.45367
1.179 2.46
1.182 2.46635
1.185 2.47271
1.188 2.4791
1.191 2.4855
1.194 2.49192
1.197 2.49835
1.2 2.50481
1.203 2.51128
1.206 2.51777
1.209 2.52428
1.212 2.53081
1.215 2.53736
1.218 2.54392
1.221 2.5505
1.224 2.55711
1.227 2.56373
1.23 2.57037
1.233 2.57703
1.236 2.5837
1.239 2.5904
1.242 2.59712
1.245 2.60385
1.248 2.61061
1.251 2.61738
1.254 2.62418
1.257 2.63099
1.26 2.63782
1.263 2.64468
1.266 2.65155
1.269 2.65844
1.272 2.66535
1.275 2.67228
1.278 2.67923
1.281 2.68621
1.284 2.6932
1.287 2.70021
1.29 2.70724
1.293 2.71429
1.296 2.72136
1.299 2.72845
1.302 2.73556
1.305 2.7427
1.308 2.74985
1.311 2.75702
1.314 2.76421
1.317 2.77142
1.32 2.77865
1.323 2.78591
1.326 2.79318
1.329 2.80047
1.332 2.80778
1.335 2.81511
1.338 2.82247
1.341 2.82984
1.344 2.83723
1.347 2.84464
1.35 2.85208
1.353 2.85953
1.356 2.867
1.359 2.87449
1.362 2.882
1.365 2.88953
1.368 2.89708
1.371 2.90466
1.374 2.91224
1.377 2.91985
1.38 2.92748
1.383 2.93513
1.386 2.9428
1.389 2.95048
1.392 2.95819
1.395 2.96591
1.398 2.97365
1.401 2.98142
1.404 2.9892
1.407 2.997
1.41 3.00481
1.413 3.01265
1.416 3.0205
1.419 3.02837
1.422 3.03626
1.425 3.04417
1.428 3.0521
1.431 3.06004
1.434 3.068
1.437 3.07598
1.44 3.08397
1.443 3.09198
1.446 3.10001
1.449 3.10806
1.452 3.11612
1.455 3.12419
1.458 3.13229
1.461 3.1404
1.464 3.14853
1.467 3.15667
1.47 3.16483
1.473 3.173
1.476 3.18119
1.479 3.18939
1.482 3.19761
1.485 3.20584
1.488 3.21409
1.491 3.22235
1.494 3.23062
1.497 3.23891
1.5 3.24722
1.503 3.25553
1.506 3.26386
1.509 3.27221
1.512 3.28056
1.515 3.28893
1.518 3.29731
1.521 3.3057
1.524 3.31411
1.527 3.32253
1.53 3.33096
1.533 3.3394
1.536 3.34785
1.539 3.35631
1.542 3.36478
1.545 3.37327
1.548 3.38176
1.551 3.39027
1.554 3.39878
1.557 3.4073
1.56 3.41584
1.563 3.42438
1.566 3.43293
1.569 3.44149
1.572 3.45006
1.575 3.45864
1.578 3.46722
1.581 3.47581
1.584 3.48441
1.587 3.49302
1.59 3.50164
1.593 3.51026
1.596 3.51889
1.599 3.52752
1.602 3.53616
1.605 3.54481
1.608 3.55346
1.611 3.56212
1.614 3.57078
1.617 3.57945
1.62 3.58812
1.623 3.5968
1.626 3.60548
1.629 3.61417
1.632 3.62286
1.635 3.63155
1.638 3.64025
1.641 3.64895
1.644 3.65765
1.647 3.66635
1.65 3.67506
1.653 3.68377
1.656 3.69248
1.659 3.70119
1.662 3.70991
1.665 3.71862
1.668 3.72733
1.671 3.73605
1.674 3.74476
1.677 3.75348
1.68 3.76219
1.683 3.7709
1.686 3.77962
1.689 3.78833
1.692 3.79704
1.695 3.80574
1.698 3.81445
1.701 3.82315
1.704 3.83185
1.707 3.84054
1.71 3.84923
1.713 3.85792
1.716 3.8666
1.719 3.87528
1.722 3.88395
1.725 3.89262
1.728 3.90128
1.731 3.90994
1.734 3.91859
1.737 3.92723
1.74 3.93586
1.743 3.94449
1.746 3.9531
1.749 3.96171
1.752 3.97031
1.755 3.9789
1.758 3.98748
1.761 3.99605
1.764 4.0046
1.767 4.01315
1.77 4.02168
1.773 4.0302
1.776 4.03871
1.779 4.0472
1.782 4.05568
1.785 4.06414
1.788 4.07259
1.791 4.08102
1.794 4.08944
1.797 4.09784
1.8 4.10622
1.803 4.11458
1.806 4.12292
1.809 4.13125
1.812 4.13955
1.815 4.14783
1.818 4.15609
1.821 4.16433
1.824 4.17254
1.827 4.18073
1.83 4.1889
1.833 4.19704
1.836 4.20516
1.839 4.21324
1.842 4.22131
1.845 4.22934
1.848 4.23734
1.851 4.24532
1.854 4.25326
1.857 4.26117
1.86 4.26905
1.863 4.2769
1.866 4.28472
1.869 4.2925
1.872 4.30024
1.875 4.30795
1.878 4.31562
1.881 4.32326
1.884 4.33085
1.887 4.33841
1.89 4.34593
1.893 4.3534
1.896 4.36084
1.899 4.36823
1.902 4.37558
1.905 4.38288
1.908 4.39014
1.911 4.39736
1.914 4.40452
1.917 4.41164
1.92 4.41871
1.923 4.42574
1.926 4.43271
1.929 4.43963
1.932 4.44651
1.935 4.45333
1.938 4.46009
1.941 4.46681
1.944 4.47347
1.947 4.48007
1.95 4.48662
1.953 4.49311
1.956 4.49954
1.959 4.50592
1.962 4.51224
1.965 4.5185
1.968 4.5247
1.971 4.53084
1.974 4.53691
1.977 4.54293
1.98 4.54888
1.983 4.55477
1.986 4.5606
1.989 4.56636
1.992 4.57206
1.995 4.57769
1.998 4.58326
2.001 4.58876
2.004 4.5942
2.007 4.59956
2.01 4.60486
2.013 4.6101
2.016 4.61526
2.019 4.62035
2.022 4.62538
2.025 4.63034
2.028 4.63522
2.031 4.64004
2.034 4.64478
2.037 4.64946
2.04 4.65406
2.043 4.65859
2.046 4.66306
2.049 4.66745
2.052 4.67176
2.055 4.67601
2.058 4.68018
2.061 4.68428
2.064 4.68831
2.067 4.69227
2.07 4.69615
2.073 4.69996
2.076 4.7037
2.079 4.70737
2.082 4.71096
2.085 4.71448
2.088 4.71793
2.091 4.7213
2.094 4.7246
2.097 4.72783
2.1 4.73099
2.103 4.73408
2.106 4.73709
2.109 4.74003
2.112 4.7429
2.115 4.7457
2.118 4.74842
2.121 4.75108
2.124 4.75366
2.127 4.75618
2.13 4.75862
2.133 4.76099
2.136 4.76329
2.139 4.76552
2.142 4.76769
2.145 4.76978
2.148 4.77181
2.151 4.77376
2.154 4.77565
2.157 4.77747
2.16 4.77922
2.163 4.78091
2.166 4.78253
2.169 4.78408
2.172 4.78557
2.175 4.78699
2.178 4.78835
2.181 4.78964
2.184 4.79087
2.187 4.79204
2.19 4.79314
2.193 4.79418
2.196 4.79515
2.199 4.79607
2.202 4.79692
2.205 4.79772
2.208 4.79845
2.211 4.79912
2.214 4.79973
2.217 4.80029
2.22 4.80079
2.223 4.80122
2.226 4.80161
2.229 4.80193
2.232 4.8022
2.235 4.80241
2.238 4.80257
2.241 4.80267
2.244 4.80272
2.247 4.80272
2.25 4.80266
2.253 4.80256
2.256 4.80239
2.259 4.80218
2.262 4.80192
2.265 4.80161
2.268 4.80125
2.271 4.80084
2.274 4.80038
2.277 4.79987
2.28 4.79931
2.283 4.79871
2.286 4.79807
2.289 4.79737
2.292 4.79663
2.295 4.79585
2.298 4.79503
2.301 4.79416
2.304 4.79324
2.307 4.79229
2.31 4.79129
2.313 4.79025
2.316 4.78918
2.319 4.78806
2.322 4.7869
2.325 4.7857
2.328 4.78447
2.331 4.7832
2.334 4.78189
2.337 4.78054
2.34 4.77916
2.343 4.77774
2.346 4.77628
2.349 4.77479
2.352 4.77327
2.355 4.77171
2.358 4.77012
2.361 4.7685
2.364 4.76685
2.367 4.76516
2.37 4.76345
2.373 4.7617
2.376 4.75992
2.379 4.75811
2.382 4.75628
2.385 4.75441
2.388 4.75252
2.391 4.7506
2.394 4.74865
2.397 4.74668
2.4 4.74468
2.403 4.74265
2.406 4.7406
2.409 4.73852
2.412 4.73642
2.415 4.7343
2.418 4.73215
2.421 4.72998
2.424 4.72779
2.427 4.72557
2.43 4.72333
2.433 4.72107
2.436 4.71879
2.439 4.71649
2.442 4.71417
2.445 4.71183
2.448 4.70947
2.451 4.7071
2.454 4.7047
2.457 4.70229
2.46 4.69985
2.463 4.6974
2.466 4.69494
2.469 4.69245
2.472 4.68996
2.475 4.68744
2.478 4.68491
2.481 4.68237
2.484 4.67981
2.487 4.67723
2.49 4.67464
2.493 4.67204
2.496 4.66943
2.499 4.6668
2.502 4.66416
2.505 4.66151
2.508 4.65884
2.511 4.65616
2.514 4.65348
2.517 4.65078
2.52 4.64807
2.523 4.64535
2.526 4.64262
2.529 4.63988
2.532 4.63713
2.535 4.63437
2.538 4.6316
2.541 4.62882
2.544 4.62604
2.547 4.62325
2.55 4.62045
2.553 4.61764
2.556 4.61482
2.559 4.612
2.562 4.60917
2.565 4.60634
2.568 4.60349
2.571 4.60065
2.574 4.59779
2.577 4.59493
2.58 4.59207
2.583 4.5892
2.586 4.58633
2.589 4.58345
2.592 4.58056
2.595 4.57768
2.598 4.57478
2.601 4.57189
2.604 4.56899
2.607 4.56609
2.61 4.56318
2.613 4.56028
2.616 4.55737
2.619 4.55445
2.622 4.55154
2.625 4.54862
2.628 4.5457
2.631 4.54278
2.634 4.53986
2.637 4.53693
2.64 4.53401
2.643 4.53108
2.646 4.52815
2.649 4.52523
2.652 4.5223
2.655 4.51937
2.658 4.51644
2.661 4.51351
2.664 4.51058
2.667 4.50766
2.67 4.50473
2.673 4.5018
2.676 4.49887
2.679 4.49595
2.682 4.49302
2.685 4.4901
2.688 4.48718
2.691 4.48426
2.694 4.48134
2.697 4.47842
2.7 4.47551
2.703 4.47259
2.706 4.46968
2.709 4.46677
2.712 4.46386
2.715 4.46096
2.718 4.45805
2.721 4.45515
2.724 4.45226
2.727 4.44936
2.73 4.44647
2.733 4.44358
2.736 4.4407
2.739 4.43782
2.742 4.43494
2.745 4.43206
2.748 4.42919
2.751 4.42632
2.754 4.42346
2.757 4.4206
2.76 4.41774
2.763 4.41489
2.766 4.41204
2.769 4.4092
2.772 4.40636
2.775 4.40352
2.778 4.40069
2.781 4.39786
2.784 4.39504
2.787 4.39222
2.79 4.38941
2.793 4.3866
2.796 4.38379
2.799 4.38099
2.802 4.3782
2.805 4.37541
2.808 4.37263
2.811 4.36985
2.814 4.36708
2.817 4.36431
2.82 4.36154
2.823 4.35879
2.826 4.35603
2.829 4.35329
2.832 4.35054
2.835 4.34781
2.838 4.34508
2.841 4.34235
2.844 4.33963
2.847 4.33692
2.85 4.33421
2.853 4.33151
2.856 4.32881
2.859 4.32612
2.862 4.32344
2.865 4.32076
2.868 4.31809
2.871 4.31542
2.874 4.31276
2.877 4.31011
2.88 4.30746
2.883 4.30482
2.886 4.30218
2.889 4.29956
2.892 4.29693
2.895 4.29432
2.898 4.2917
2.901 4.2891
2.904 4.2865
2.907 4.28391
2.91 4.28133
2.913 4.27875
2.916 4.27618
2.919 4.27361
2.922 4.27105
2.925 4.2685
2.928 4.26595
2.931 4.26341
2.934 4.26088
2.937 4.25836
2.94 4.25584
2.943 4.25332
2.946 4.25082
2.949 4.24832
2.952 4.24582
2.955 4.24334
2.958 4.24086
2.961 4.23838
2.964 4.23592
2.967 4.23346
2.97 4.23101
2.973 4.22856
2.976 4.22612
2.979 4.22369
2.982 4.22126
2.985 4.21884
2.988 4.21643
2.991 4.21402
2.994 4.21163
2.997 4.20923
3 4.20685
3.001 0
