0 -10
0.003 -6.36728
0.006 -6.35502
0.009 -6.34275
0.012 -6.33045
0.015 -6.31814
0.018 -6.3058
0.021 -6.29344
0.024 -6.28107
0.027 -6.26868
0.03 -6.25626
0.033 -6.24383
0.036 -6.23138
0.039 -6.21891
0.042 -6.20642
0.045 -6.19391
0.048 -6.18138
0.051 -6.16884
0.054 -6.15627
0.057 -6.14369
0.06 -6.13108
0.063 -6.11846
0.066 -6.10582
0.069 -6.09316
0.072 -6.08048
0.075 -6.06778
0.078 -6.05506
0.081 -6.04232
0.084 -6.02957
0.087 -6.01679
0.09 -6.004
0.093 -5.99118
0.096 -5.97835
0.099 -5.9655
0.102 -5.95263
0.105 -5.93974
0.108 -5.92684
0.111 -5.91391
0.114 -5.90097
0.117 -5.88801
0.12 -5.87504
0.123 -5.86205
0.126 -5.84904
0.129 -5.83601
0.132 -5.82298
0.135 -5.80992
0.138 -5.79686
0.141 -5.78378
0.144 -5.77069
0.147 -5.75759
0.15 -5.74447
0.153 -5.73135
0.156 -5.71823
0.159 -5.70509
0.162 -5.69195
0.165 -5.6788
0.168 -5.66565
0.171 -5.6525
0.174 -5.63935
0.177 -5.6262
0.18 -5.61305
0.183 -5.59991
0.186 -5.58677
0.189 -5.57364
0.192 -5.56052
0.195 -5.54741
0.198 -5.53431
0.201 -5.52123
0.204 -5.50816
0.207 -5.49512
0.21 -5.48209
0.213 -5.46909
0.216 -5.45612
0.219 -5.44317
0.222 -5.43025
0.225 -5.41736
0.228 -5.40451
0.231 -5.39169
0.234 -5.37892
0.237 -5.36618
0.24 -5.35349
0.243 -5.34084
0.246 -5.32824
0.249 -5.31569
0.252 -5.3032
0.255 -5.29075
0.258 -5.27837
0.261 -5.26605
0.264 -5.25378
0.267 -5.24158
0.27 -5.22945
0.273 -5.21739
0.276 -5.20539
0.279 -5.19347
0.282 -5.18162
0.285 -5.16985
0.288 -5.15816
0.291 -5.14655
0.294 -5.13502
0.297 -5.12357
0.3 -5.11222
0.303 -5.10094
0.306 -5.08976
0.309 -5.07867
0.312 -5.06767
0.315 -5.05677
0.318 -5.04596
0.321 -5.03524
0.324 -5.02463
0.327 -5.01411
0.33 -5.00369
0.333 -4.99337
0.336 -4.98316
0.339 -4.97305
0.342 -4.96304
0.345 -4.95314
0.348 -4.94334
0.351 -4.93364
0.354 -4.92405
0.357 -4.91457
0.36 -4.9052
0.363 -4.89593
0.366 -4.88677
0.369 -4.87772
0.372 -4.86877
0.375 -4.85993
0.378 -4.8512
0.381 -4.84258
0.384 -4.83406
0.387 -4.82565
0.39 -4.81735
0.393 -4.80915
0.396 -4.80106
0.399 -4.79307
0.402 -4.78519
0.405 -4.77742
0.408 -4.76974
0.411 -4.76217
0.414 -4.75471
0.417 -4.74734
0.42 -4.74008
0.423 -4.73291
0.426 -4.72585
0.429 -4.71888
0.432 -4.71201
0.435 -4.70524
0.438 -4.69856
0.441 -4.69197
0.444 -4.68548
0.447 -4.67908
0.45 -4.67278
0.453 -4.66656
0.456 -4.66043
0.459 -4.65439
0.462 -4.64844
0.465 -4.64257
0.468 -4.63678
0.471 -4.63108
0.474 -4.62546
0.477 -4.61993
0.48 -4.61447
0.483 -4.60909
0.486 -4.60378
0.489 -4.59856
0.492 -4.5934
0.495 -4.58832
0.498 -4.58332
0.501 -4.57838
0.504 -4.57351
0.507 -4.56871
0.51 -4.56398
0.513 -4.55932
0.516 -4.55472
0.519 -4.55018
0.522 -4.54571
0.525 -4.54129
0.528 -4.53694
0.531 -4.53265
0.534 -4.52841
0.537 -4.52423
0.54 -4.52011
0.543 -4.51604
0.546 -4.51202
0.549 -4.50805
0.552 -4.50414
0.555 -4.50028
0.558 -4.49646
0.561 -4.49269
0.564 -4.48897
0.567 -4.4853
0.57 -4.48167
0.573 -4.47808
0.576 -4.47454
0.579 -4.47104
0.582 -4.46757
0.585 -4.46415
0.588 -4.46077
0.591 -4.45743
0.594 -4.45412
0.597 -4.45085
0.6 -4.44761
0.603 -4.44441
0.606 -4.44124
0.609 -4.43811
0.612 -4.435
0.615 -4.43193
0.618 -4.42889
0.621 -4.42588
0.624 -4.4229
0.627 -4.41994
0.63 -4.41702
0.633 -4.41412
0.636 -4.41124
0.639 -4.40839
0.642 -4.40557
0.645 -4.40277
0.648 -4.39999
0.651 -4.39724
0.654 -4.39451
0.657 -4.3918
0.66 -4.38911
0.663 -4.38644
0.666 -4.38379
0.669 -4.38116
0.672 -4.37855
0.675 -4.37596
0.678 -4.37338
0.681 -4.37082
0.684 -4.36828
0.687 -4.36576
0.69 -4.36325
0.693 -4.36075
0.696 -4.35827
0.699 -4.35581
0.702 -4.35336
0.705 -4.35092
0.708 -4.3485
0.711 -4.34609
0.714 -4.34369
0.717 -4.3413
0.72 -4.33892
0.723 -4.33656
0.726 -4.33421
0.729 -4.33186
0.732 -4.32953
0.735 -4.32721
0.738 -4.3249
0.741 -4.32259
0.744 -4.3203
0.747 -4.31801
0.75 -4.31573
0.753 -4.31346
0.756 -4.3112
0.759 -4.30895
0.762 -4.3067
0.765 -4.30446
0.768 -4.30223
0.771 -4.3
0.774 -4.29778
0.777 -4.29557
0.78 -4.29336
0.783 -4.29116
0.786 -4.28896
0.789 -4.28677
0.792 -4.28458
0.795 -4.2824
0.798 -4.28023
0.801 -4.27806
0.804 -4.27589
0.807 -4.27372
0.81 -4.27157
0.813 -4.26941
0.816 -4.26726
0.819 -4.26511
0.822 -4.26297
0.825 -4.26083
0.828 -4.25869
0.831 -4.25656
0.834 -4.25442
0.837 -4.2523
0.84 -4.25017
0.843 -4.24805
0.846 -4.24593
0.849 -4.24381
0.852 -4.24169
0.855 -4.23958
0.858 -4.23747
0.861 -4.23536
0.864 -4.23325
0.867 -4.23115
0.87 -4.22904
0.873 -4.22694
0.876 -4.22484
0.879 -4.22274
0.882 -4.22065
0.885 -4.21855
0.888 -4.21646
0.891 -4.21436
0.894 -4.21227
0.897 -4.21018
0.9 -4.20809
0.903 -4.206
0.906 -4.20391
0.909 -4.20183
0.912 -4.19974
0.915 -4.19766
0.918 -4.19557
0.921 -4.19349
0.924 -4.19141
0.927 -4.18933
0.93 -4.18725
0.933 -4.18517
0.936 -4.18309
0.939 -4.18101
0.942 -4.17893
0.945 -4.17685
0.948 -4.17477
0.951 -4.1727
0.954 -4.17062
0.957 -4.16854
0.96 -4.16647
0.963 -4.16439
0.966 -4.16232
0.969 -4.16025
0.972 -4.15817
0.975 -4.1561
0.978 -4.15403
0.981 -4.15195
0.984 -4.14988
0.987 -4.14781
0.99 -4.14574
0.993 -4.14367
0.996 -4.1416
0.999 -4.13953
1.002 -4.13746
1.005 -4.13539
1.008 -4.13332
1.011 -4.13125
1.014 -4.12918
1.017 -4.12711
1.02 -4.12504
1.023 -4.12298
1.026 -4.12091
1.029 -4.11884
1.032 -4.11678
1.035 -4.11471
1.038 -4.11265
1.041 -4.11058
1.044 -4.10852
1.047 -4.10646
1.05 -4.10439
1.053 -4.10233
1.056 -4.10027
1.059 -4.09821
1.062 -4.09615
1.065 -4.09409
1.068 -4.09203
1.071 -4.08998
1.074 -4.08792
1.077 -4.08587
1.08 -4.08381
1.083 -4.08176
1.086 -4.0797
1.089 -4.07765
1.092 -4.0756
1.095 -4.07355
1.098 -4.07151
1.101 -4.06946
1.104 -4.06741
1.107 -4.06537
1.11 -4.06333
1.113 -4.06129
1.116 -4.05925
1.119 -4.05721
1.122 -4.05517
1.125 -4.05314
1.128 -4.05111
1.131 -4.04908
1.134 -4.04705
1.137 -4.04502
1.14 -4.043
1.143 -4.04098
1.146 -4.03896
1.149 -4.03694
1.152 -4.03492
1.155 -4.03291
1.158 -4.0309
1.161 -4.02889
1.164 -4.02689
1.167 -4.02489
1.17 -4.02289
1.173 -4.0209
1.176 -4.01891
1.179 -4.01692
1.182 -4.01493
1.185 -4.01295
1.188 -4.01098
1.191 -4.009
1.194 -4.00703
1.197 -4.00507
1.2 -4.00311
1.203 -4.00115
1.206 -3.9992
1.209 -3.99725
1.212 -3.99531
1.215 -3.99338
1.218 -3.99144
1.221 -3.98952
1.224 -3.9876
1.227 -3.98568
1.23 -3.98377
1.233 -3.98187
1.236 -3.97997
1.239 -3.97808
1.242 -3.97619
1.245 -3.97432
1.248 -3.97245
1.251 -3.97058
1.254 -3.96873
1.257 -3.96688
1.26 -3.96504
1.263 -3.9632
1.266 -3.96138
1.269 -3.95956
1.272 -3.95776
1.275 -3.95596
1.278 -3.95417
1.281 -3.95239
1.284 -3.95062
1.287 -3.94886
1.29 -3.94711
1.293 -3.94537
1.296 -3.94364
1.299 -3.94192
1.302 -3.94021
1.305 -3.93851
1.308 -3.93683
1.311 -3.93516
1.314 -3.9335
1.317 -3.93185
1.32 -3.93022
1.323 -3.9286
1.326 -3.92699
1.329 -3.9254
1.332 -3.92382
1.335 -3.92226
1.338 -3.92071
1.341 -3.91918
1.344 -3.91766
1.347 -3.91616
1.35 -3.91468
1.353 -3.91321
1.356 -3.91176
1.359 -3.91033
1.362 -3.90892
1.365 -3.90752
1.368 -3.90615
1.371 -3.90479
1.374 -3.90345
1.377 -3.90214
1.38 -3.90084
1.383 -3.89956
1.386 -3.89831
1.389 -3.89708
1.392 -3.89587
1.395 -3.89469
1.398 -3.89353
1.401 -3.89239
1.404 -3.89128
1.407 -3.89019
1.41 -3.88912
1.413 -3.88809
1.416 -3.88708
1.419 -3.8861
1.422 -3.88514
1.425 -3.88422
1.428 -3.88332
1.431 -3.88245
1.434 -3.88161
1.437 -3.88081
1.44 -3.88003
1.443 -3.87929
1.446 -3.87857
1.449 -3.8779
1.452 -3.87725
1.455 -3.87664
1.458 -3.87606
1.461 -3.87552
1.464 -3.87502
1.467 -3.87455
1.47 -3.87412
1.473 -3.87373
1.476 -3.87338
1.479 -3.87307
1.482 -3.87279
1.485 -3.87256
1.488 -3.87237
1.491 -3.87223
1.494 -3.87212
1.497 -3.87206
1.5 -3.87205
1.503 -3.87208
1.506 -3.87215
1.509 -3.87228
1.512 -3.87245
1.515 -3.87267
1.518 -3.87293
1.521 -3.87325
1.524 -3.87362
1.527 -3.87404
1.53 -3.87452
1.533 -3.87504
1.536 -3.87562
1.539 -3.87626
1.542 -3.87695
1.545 -3.8777
1.548 -3.8785
1.551 -3.87937
1.554 -3.88029
1.557 -3.88127
1.56 -3.88232
1.563 -3.88342
1.566 -3.88459
1.569 -3.88582
1.572 -3.88711
1.575 -3.88847
1.578 -3.8899
1.581 -3.89139
1.584 -3.89295
1.587 -3.89458
1.59 -3.89628
1.593 -3.89805
1.596 -3.89989
1.599 -3.9018
1.602 -3.90378
1.605 -3.90584
1.608 -3.90797
1.611 -3.91018
1.614 -3.91247
1.617 -3.91483
1.62 -3.91727
1.623 -3.91979
1.626 -3.92239
1.629 -3.92507
1.632 -3.92784
1.635 -3.93068
1.638 -3.93361
1.641 -3.93662
1.644 -3.93972
1.647 -3.94291
1.65 -3.94618
1.653 -3.94954
1.656 -3.95298
1.659 -3.95652
1.662 -3.96015
1.665 -3.96386
1.668 -3.96767
1.671 -3.97158
1.674 -3.97557
1.677 -3.97966
1.68 -3.98385
1.683 -3.98813
1.686 -3.9925
1.689 -3.99698
1.692 -4.00155
1.695 -4.00622
1.698 -4.01099
1.701 -4.01585
1.704 -4.02082
1.707 -4.02589
1.71 -4.03107
1.713 -4.03634
1.716 -4.04172
1.719 -4.0472
1.722 -4.05279
1.725 -4.05848
1.728 -4.06427
1.731 -4.07017
1.734 -4.07618
1.737 -4.08229
1.74 -4.08852
1.743 -4.09484
1.746 -4.10128
1.749 -4.10783
1.752 -4.11448
1.755 -4.12124
1.758 -4.12812
1.761 -4.1351
1.764 -4.14219
1.767 -4.14939
1.77 -4.1567
1.773 -4.16413
1.776 -4.17166
1.779 -4.1793
1.782 -4.18706
1.785 -4.19492
1.788 -4.2029
1.791 -4.21099
1.794 -4.21919
1.797 -4.2275
1.8 -4.23592
1.803 -4.24445
1.806 -4.2531
1.809 -4.26185
1.812 -4.27071
1.815 -4.27969
1.818 -4.28877
1.821 -4.29797
1.824 -4.30727
1.827 -4.31668
1.83 -4.3262
1.833 -4.33583
1.836 -4.34557
1.839 -4.35541
1.842 -4.36536
1.845 -4.37542
1.848 -4.38558
1.851 -4.39585
1.854 -4.40622
1.857 -4.4167
1.86 -4.42728
1.863 -4.43796
1.866 -4.44874
1.869 -4.45962
1.872 -4.47061
1.875 -4.48169
1.878 -4.49287
1.881 -4.50415
1.884 -4.51552
1.887 -4.52699
1.89 -4.53856
1.893 -4.55022
1.896 -4.56197
1.899 -4.57381
1.902 -4.58574
1.905 -4.59776
1.908 -4.60987
1.911 -4.62206
1.914 -4.63434
1.917 -4.64671
1.92 -4.65916
1.923 -4.67168
1.926 -4.68429
1.929 -4.69698
1.932 -4.70975
1.935 -4.72259
1.938 -4.7355
1.941 -4.74849
1.944 -4.76156
1.947 -4.77469
1.95 -4.78789
1.953 -4.80116
1.956 -4.81449
1.959 -4.82789
1.962 -4.84135
1.965 -4.85488
1.968 -4.86846
1.971 -4.8821
1.974 -4.8958
1.977 -4.90955
1.98 -4.92336
1.983 -4.93721
1.986 -4.95112
1.989 -4.96508
1.992 -4.97908
1.995 -4.99313
1.998 -5.00722
2.001 -5.02136
2.004 -5.03553
2.007 -5.04975
2.01 -5.064
2.013 -5.07829
2.016 -5.09261
2.019 -5.10696
2.022 -5.12134
2.025 -5.13576
2.028 -5.1502
2.031 -5.16466
2.034 -5.17915
2.037 -5.19367
2.04 -5.2082
2.043 -5.22275
2.046 -5.23733
2.049 -5.25191
2.052 -5.26652
2.055 -5.28113
2.058 -5.29576
2.061 -5.3104
2.064 -5.32504
2.067 -5.3397
2.07 -5.35436
2.073 -5.36902
2.076 -5.38369
2.079 -5.39836
2.082 -5.41302
2.085 -5.42769
2.088 -5.44236
2.091 -5.45702
2.094 -5.47167
2.097 -5.48632
2.1 -5.50096
2.103 -5.5156
2.106 -5.53022
2.109 -5.54483
2.112 -5.55943
2.115 -5.57401
2.118 -5.58858
2.121 -5.60314
2.124 -5.61767
2.127 -5.63219
2.13 -5.64669
2.133 -5.66117
2.136 -5.67562
2.139 -5.69006
2.142 -5.70447
2.145 -5.71885
2.148 -5.73321
2.151 -5.74755
2.154 -5.76186
2.157 -5.77614
2.16 -5.79039
2.163 -5.80461
2.166 -5.8188
2.169 -5.83296
2.172 -5.84709
2.175 -5.86119
2.178 -5.87525
2.181 -5.88928
2.184 -5.90327
2.187 -5.91723
2.19 -5.93115
2.193 -5.94504
2.196 -5.95889
2.199 -5.9727
2.202 -5.98647
2.205 -6.00021
2.208 -6.0139
2.211 -6.02756
2.214 -6.04117
2.217 -6.05475
2.22 -6.06828
2.223 -6.08178
2.226 -6.09523
2.229 -6.10864
2.232 -6.122
2.235 -6.13533
2.238 -6.14861
2.241 -6.16184
2.244 -6.17504
2.247 -6.18818
2.25 -6.20129
2.253 -6.21435
2.256 -6.22736
2.259 -6.24033
2.262 -6.25326
2.265 -6.26614
2.268 -6.27897
2.271 -6.29176
2.274 -6.3045
2.277 -6.3172
2.28 -6.32985
2.283 -6.34245
2.286 -6.35501
2.289 -6.36752
2.292 -6.37999
2.295 -6.39241
2.298 -6.40478
2.301 -6.4171
2.304 -6.42938
2.307 -6.44161
2.31 -6.45379
2.313 -6.46593
2.316 -6.47802
2.319 -6.49006
2.322 -6.50206
2.325 -6.51401
2.328 -6.52591
2.331 -6.53777
2.334 -6.54958
2.337 -6.56134
2.34 -6.57306
2.343 -6.58472
2.346 -6.59635
2.349 -6.60792
2.352 -6.61945
2.355 -6.63093
2.358 -6.64237
2.361 -6.65376
2.364 -6.6651
2.367 -6.6764
2.37 -6.68765
2.373 -6.69886
2.376 -6.71002
2.379 -6.72113
2.382 -6.7322
2.385 -6.74323
2.388 -6.7542
2.391 -6.76514
2.394 -6.77602
2.397 -6.78687
2.4 -6.79766
2.403 -6.80842
2.406 -6.81912
2.409 -6.82979
2.412 -6.84041
2.415 -6.85098
2.418 -6.86151
2.421 -6.872
2.424 -6.88245
2.427 -6.89284
2.43 -6.9032
2.433 -6.91351
2.436 -6.92378
2.439 -6.93401
2.442 -6.94419
2.445 -6.95433
2.448 -6.96443
2.451 -6.97449
2.454 -6.9845
2.457 -6.99447
2.46 -7.0044
2.463 -7.01429
2.466 -7.02414
2.469 -7.03394
2.472 -7.0437
2.475 -7.05342
2.478 -7.0631
2.481 -7.07274
2.484 -7.08234
2.487 -7.0919
2.49 -7.10142
2.493 -7.1109
2.496 -7.12033
2.499 -7.12973
2.502 -7.13909
2.505 -7.14841
2.508 -7.15768
2.511 -7.16692
2.514 -7.17612
2.517 -7.18528
2.52 -7.1944
2.523 -7.20349
2.526 -7.21253
2.529 -7.22154
2.532 -7.2305
2.535 -7.23943
2.538 -7.24833
2.541 -7.25718
2.544 -7.26599
2.547 -7.27477
2.55 -7.28351
2.553 -7.29222
2.556 -7.30088
2.559 -7.30951
2.562 -7.31811
2.565 -7.32666
2.568 -7.33518
2.571 -7.34367
2.574 -7.35212
2.577 -7.36053
2.58 -7.3689
2.583 -7.37724
2.586 -7.38555
2.589 -7.39382
2.592 -7.40205
2.595 -7.41025
2.598 -7.41841
2.601 -7.42654
2.604 -7.43463
2.607 -7.44269
2.61 -7.45072
2.613 -7.45871
2.616 -7.46667
2.619 -7.47459
2.622 -7.48248
2.625 -7.49033
2.628 -7.49815
2.631 -7.50594
2.634 -7.5137
2.637 -7.52142
2.64 -7.52911
2.643 -7.53676
2.646 -7.54439
2.649 -7.55198
2.652 -7.55954
2.655 -7.56706
2.658 -7.57455
2.661 -7.58202
2.664 -7.58945
2.667 -7.59684
2.67 -7.60421
2.673 -7.61154
2.676 -7.61885
2.679 -7.62612
2.682 -7.63336
2.685 -7.64057
2.688 -7.64775
2.691 -7.6549
2.694 -7.66201
2.697 -7.6691
2.7 -7.67616
2.703 -7.68318
2.706 -7.69018
2.709 -7.69715
2.712 -7.70408
2.715 -7.71099
2.718 -7.71787
2.721 -7.72472
2.724 -7.73154
2.727 -7.73833
2.73 -7.74509
2.733 -7.75182
2.736 -7.75852
2.739 -7.76519
2.742 -7.77184
2.745 -7.77846
2.748 -7.78504
2.751 -7.79161
2.754 -7.79814
2.757 -7.80464
2.76 -7.81112
2.763 -7.81757
2.766 -7.82399
2.769 -7.83038
2.772 -7.83675
2.775 -7.84309
2.778 -7.8494
2.781 -7.85568
2.784 -7.86194
2.787 -7.86817
2.79 -7.87438
2.793 -7.88056
2.796 -7.88671
2.799 -7.89283
2.802 -7.89893
2.805 -7.905
2.808 -7.91105
2.811 -7.91707
2.814 -7.92307
2.817 -7.92904
2.82 -7.93498
2.823 -7.9409
2.826 -7.94679
2.829 -7.95266
2.832 -7.95851
2.835 -7.96432
2.838 -7.97012
2.841 -7.97589
2.844 -7.98163
2.847 -7.98735
2.85 -7.99304
2.853 -7.99872
2.856 -8.00436
2.859 -8.00999
2.862 -8.01558
2.865 -8.02116
2.868 -8.02671
2.871 -8.03224
2.874 -8.03774
2.877 -8.04322
2.88 -8.04868
2.883 -8.05411
2.886 -8.05952
2.889 -8.06491
2.892 -8.07027
2.895 -8.07562
2.898 -8.08094
2.901 -8.08623
2.904 -8.09151
2.907 -8.09676
2.91 -8.10199
2.913 -8.10719
2.916 -8.11238
2.919 -8.11754
2.922 -8.12268
2.925 -8.1278
2.928 -8.1329
2.931 -8.13798
2.934 -8.14303
2.937 -8.14806
2.94 -8.15308
2.943 -8.15807
2.946 -8.16304
2.949 -8.16799
2.952 -8.17291
2.955 -8.17782
2.958 -8.18271
2.961 -8.18757
2.964 -8.19242
2.967 -8.19724
2.97 -8.20204
2.973 -8.20683
2.976 -8.21159
2.979 -8.21634
2.982 -8.22106
2.985 -8.22576
2.988 -8.23045
2.991 -8.23511
2.994 -8.23976
2.997 -8.24438
3 -8.24899
3.001 -10
