0 0
0.003 0.20945
0.006 0.209779
0.009 0.210113
0.012 0.210452
0.015 0.210796
0.018 0.211145
0.021 0.211499
0.024 0.211858
0.027 0.212223
0.03 0.212592
0.033 0.212967
0.036 0.213347
0.039 0.213733
0.042 0.214124
0.045 0.214521
0.048 0.214923
0.051 0.215331
0.054 0.215745
0.057 0.216164
0.06 0.216589
0.063 0.217021
0.066 0.217458
0.069 0.217901
0.072 0.218351
0.075 0.218807
0.078 0.219269
0.081 0.219737
0.084 0.220212
0.087 0.220693
0.09 0.221181
0.093 0.221676
0.096 0.222177
0.099 0.222686
0.102 0.223201
0.105 0.223723
0.108 0.224252
0.111 0.224788
0.114 0.225332
0.117 0.225883
0.12 0.226441
0.123 0.227007
0.126 0.22758
0.129 0.228161
0.132 0.22875
0.135 0.229346
0.138 0.229951
0.141 0.230563
0.144 0.231184
0.147 0.231813
0.15 0.23245
0.153 0.233096
0.156 0.23375
0.159 0.234413
0.162 0.235084
0.165 0.235764
0.168 0.236454
0.171 0.237152
0.174 0.237859
0.177 0.238576
0.18 0.239302
0.183 0.240038
0.186 0.240783
0.189 0.241537
0.192 0.242302
0.195 0.243077
0.198 0.243861
0.201 0.244656
0.204 0.245461
0.207 0.246277
0.21 0.247103
0.213 0.247939
0.216 0.248787
0.219 0.249645
0.222 0.250515
0.225 0.251396
0.228 0.252288
0.231 0.253191
0.234 0.254107
0.237 0.255034
0.24 0.255972
0.243 0.256923
0.246 0.257886
0.249 0.258862
0.252 0.25985
0.255 0.260851
0.258 0.261864
0.261 0.26289
0.264 0.26393
0.267 0.264983
0.27 0.266049
0.273 0.267129
0.276 0.268223
0.279 0.26933
0.282 0.270452
0.285 0.271588
0.288 0.272739
0.291 0.273904
0.294 0.275084
0.297 0.276279
0.3 0.27749
0.303 0.278715
0.306 0.279957
0.309 0.281214
0.312 0.282488
0.315 0.283777
0.318 0.285083
0.321 0.286406
0.324 0.287745
0.327 0.289101
0.33 0.290475
0.333 0.291866
0.336 0.293275
0.339 0.294702
0.342 0.296147
0.345 0.297611
0.348 0.299093
0.351 0.300594
0.354 0.302114
0.357 0.303653
0.36 0.305212
0.363 0.306791
0.366 0.30839
0.369 0.310009
0.372 0.311649
0.375 0.31331
0.378 0.314992
0.381 0.316696
0.384 0.318421
0.387 0.320168
0.39 0.321937
0.393 0.323729
0.396 0.325544
0.399 0.327382
0.402 0.329243
0.405 0.331128
0.408 0.333037
0.411 0.334971
0.414 0.336929
0.417 0.338912
0.42 0.34092
0.423 0.342954
0.426 0.345014
0.429 0.347099
0.432 0.349212
0.435 0.351351
0.438 0.353518
0.441 0.355712
0.444 0.357934
0.447 0.360185
0.45 0.362464
0.453 0.364772
0.456 0.367109
0.459 0.369476
0.462 0.371873
0.465 0.374301
0.468 0.376759
0.471 0.379249
0.474 0.38177
0.477 0.384323
0.48 0.386908
0.483 0.389526
0.486 0.392177
0.489 0.394861
0.492 0.39758
0.495 0.400332
0.498 0.403119
0.501 0.405942
0.504 0.408799
0.507 0.411693
0.51 0.414623
0.513 0.417589
0.516 0.420593
0.519 0.423634
0.522 0.426713
0.525 0.42983
0.528 0.432986
0.531 0.43618
0.534 0.439415
0.537 0.442689
0.54 0.446004
0.543 0.449359
0.546 0.452756
0.549 0.456194
0.552 0.459674
0.555 0.463196
0.558 0.466761
0.561 0.470369
0.564 0.474021
0.567 0.477717
0.57 0.481456
0.573 0.485241
0.576 0.489071
0.579 0.492946
0.582 0.496867
0.585 0.500834
0.588 0.504847
0.591 0.508908
0.594 0.513015
0.597 0.51717
0.6 0.521373
0.603 0.525624
0.606 0.529924
0.609 0.534273
0.612 0.53867
0.615 0.543117
0.618 0.547614
0.621 0.55216
0.624 0.556757
0.627 0.561404
0.63 0.566102
0.633 0.570851
0.636 0.57565
0.639 0.580501
0.642 0.585403
0.645 0.590357
0.648 0.595363
0.651 0.60042
0.654 0.605529
0.657 0.61069
0.66 0.615904
0.663 0.621169
0.666 0.626487
0.669 0.631857
0.672 0.637279
0.675 0.642754
0.678 0.64828
0.681 0.653859
0.684 0.659489
0.687 0.665172
0.69 0.670906
0.693 0.676692
0.696 0.682529
0.699 0.688418
0.702 0.694358
0.705 0.700349
0.708 0.70639
0.711 0.712481
0.714 0.718623
0.717 0.724814
0.72 0.731055
0.723 0.737344
0.726 0.743682
0.729 0.750068
0.732 0.756502
0.735 0.762983
0.738 0.76951
0.741 0.776084
0.744 0.782703
0.747 0.789368
0.75 0.796076
0.753 0.802829
0.756 0.809625
0.759 0.816463
0.762 0.823344
0.765 0.830265
0.768 0.837227
0.771 0.844229
0.774 0.851269
0.777 0.858347
0.78 0.865463
0.783 0.872616
0.786 0.879804
0.789 0.887026
0.792 0.894283
0.795 0.901573
0.798 0.908894
0.801 0.916247
0.804 0.92363
0.807 0.931043
0.81 0.938483
0.813 0.945951
0.816 0.953446
0.819 0.960965
0.822 0.968509
0.825 0.976076
0.828 0.983665
0.831 0.991276
0.834 0.998907
0.837 1.00656
0.84 1.01422
0.843 1.02191
0.846 1.02961
0.849 1.03733
0.852 1.04505
0.855 1.0528
0.858 1.06055
0.861 1.06831
0.864 1.07609
0.867 1.08387
0.87 1.09166
0.873 1.09946
0.876 1.10726
0.879 1.11506
0.882 1.12287
0.885 1.13068
0.888 1.13849
0.891 1.14631
0.894 1.15412
0.897 1.16192
0.9 1.16973
0.903 1.17753
0.906 1.18533
0.909 1.19312
0.912 1.2009
0.915 1.20868
0.918 1.21645
0.921 1.2242
0.924 1.23195
0.927 1.23969
0.93 1.24741
0.933 1.25512
0.936 1.26282
0.939 1.2705
0.942 1.27816
0.945 1.28581
0.948 1.29344
0.951 1.30105
0.954 1.30865
0.957 1.31622
0.96 1.32377
0.963 1.33131
0.966 1.33882
0.969 1.3463
0.972 1.35377
0.975 1.36121
0.978 1.36862
0.981 1.37601
0.984 1.38338
0.987 1.39072
0.99 1.39803
0.993 1.40531
0.996 1.41257
0.999 1.41979
1.002 1.42699
1.005 1.43416
1.008 1.4413
1.011 1.4484
1.014 1.45548
1.017 1.46252
1.02 1.46954
1.023 1.47652
1.026 1.48346
1.029 1.49038
1.032 1.49726
1.035 1.50411
1.038 1.51092
1.041 1.5177
1.044 1.52444
1.047 1.53115
1.05 1.53782
1.053 1.54446
1.056 1.55106
1.059 1.55763
1.062 1.56416
1.065 1.57065
1.068 1.57711
1.071 1.58353
1.074 1.58991
1.077 1.59626
1.08 1.60257
1.083 1.60884
1.086 1.61507
1.089 1.62127
1.092 1.62743
1.095 1.63355
1.098 1.63964
1.101 1.64568
1.104 1.65169
1.107 1.65766
1.11 1.6636
1.113 1.66949
1.116 1.67535
1.119 1.68117
1.122 1.68695
1.125 1.6927
1.128 1.69841
1.131 1.70408
1.134 1.70971
1.137 1.71531
1.14 1.72087
1.143 1.72639
1.146 1.73188
1.149 1.73732
1.152 1.74274
1.155 1.74811
1.158 1.75345
1.161 1.75876
1.164 1.76402
1.167 1.76926
1.17 1.77445
1.173 1.77961
1.176 1.78474
1.179 1.78983
1.182 1.79489
1.185 1.79991
1.188 1.8049
1.191 1.80986
1.194 1.81478
1.197 1.81966
1.2 1.82452
1.203 1.82934
1.206 1.83413
1.209 1.83889
1.212 1.84361
1.215 1.84831
1.218 1.85297
1.221 1.8576
1.224 1.8622
1.227 1.86677
1.23 1.87131
1.233 1.87582
1.236 1.8803
1.239 1.88475
1.242 1.88918
1.245 1.89357
1.248 1.89794
1.251 1.90227
1.254 1.90659
1.257 1.91087
1.26 1.91513
1.263 1.91936
1.266 1.92356
1.269 1.92774
1.272 1.9319
1.275 1.93603
1.278 1.94013
1.281 1.94421
1.284 1.94827
1.287 1.9523
1.29 1.95632
1.293 1.9603
1.296 1.96427
1.299 1.96821
1.302 1.97214
1.305 1.97604
1.308 1.97992
1.311 1.98378
1.314 1.98762
1.317 1.99145
1.32 1.99525
1.323 1.99903
1.326 2.0028
1.329 2.00655
1.332 2.01028
1.335 2.01399
1.338 2.01769
1.341 2.02137
1.344 2.02503
1.347 2.02868
1.35 2.03232
1.353 2.03594
1.356 2.03954
1.359 2.04314
1.362 2.04672
1.365 2.05028
1.368 2.05383
1.371 2.05737
1.374 2.0609
1.377 2.06442
1.38 2.06793
1.383 2.07142
1.386 2.07491
1.389 2.07838
1.392 2.08185
1.395 2.08531
1.398 2.08876
1.401 2.0922
1.404 2.09563
1.407 2.09906
1.41 2.10248
1.413 2.10589
1.416 2.10929
1.419 2.1127
1.422 2.11609
1.425 2.11948
1.428 2.12287
1.431 2.12625
1.434 2.12963
1.437 2.133
1.44 2.13637
1.443 2.13974
1.446 2.14311
1.449 2.14647
1.452 2.14984
1.455 2.1532
1.458 2.15656
1.461 2.15992
1.464 2.16328
1.467 2.16665
1.47 2.17001
1.473 2.17338
1.476 2.17674
1.479 2.18011
1.482 2.18348
1.485 2.18686
1.488 2.19024
1.491 2.19362
1.494 2.19701
1.497 2.2004
1.5 2.20379
1.503 2.20719
1.506 2.2106
1.509 2.21401
1.512 2.21743
1.515 2.22086
1.518 2.22429
1.521 2.22773
1.524 2.23118
1.527 2.23464
1.53 2.2381
1.533 2.24158
1.536 2.24506
1.539 2.24856
1.542 2.25206
1.545 2.25558
1.548 2.2591
1.551 2.26264
1.554 2.26619
1.557 2.26975
1.56 2.27332
1.563 2.27691
1.566 2.28051
1.569 2.28412
1.572 2.28775
1.575 2.29139
1.578 2.29505
1.581 2.29872
1.584 2.30241
1.587 2.30611
1.59 2.30983
1.593 2.31357
1.596 2.31732
1.599 2.32109
1.602 2.32487
1.605 2.32868
1.608 2.3325
1.611 2.33634
1.614 2.3402
1.617 2.34408
1.62 2.34798
1.623 2.3519
1.626 2.35584
1.629 2.3598
1.632 2.36378
1.635 2.36778
1.638 2.3718
1.641 2.37585
1.644 2.37991
1.647 2.384
1.65 2.38812
1.653 2.39225
1.656 2.39641
1.659 2.40059
1.662 2.4048
1.665 2.40903
1.668 2.41328
1.671 2.41756
1.674 2.42187
1.677 2.4262
1.68 2.43055
1.683 2.43494
1.686 2.43934
1.689 2.44378
1.692 2.44824
1.695 2.45273
1.698 2.45724
1.701 2.46178
1.704 2.46635
1.707 2.47095
1.71 2.47558
1.713 2.48023
1.716 2.48492
1.719 2.48963
1.722 2.49437
1.725 2.49914
1.728 2.50394
1.731 2.50877
1.734 2.51362
1.737 2.51851
1.74 2.52343
1.743 2.52838
1.746 2.53336
1.749 2.53837
1.752 2.5434
1.755 2.54847
1.758 2.55358
1.761 2.55871
1.764 2.56387
1.767 2.56906
1.77 2.57429
1.773 2.57954
1.776 2.58483
1.779 2.59015
1.782 2.5955
1.785 2.60088
1.788 2.60629
1.791 2.61174
1.794 2.61721
1.797 2.62272
1.8 2.62826
1.803 2.63383
1.806 2.63943
1.809 2.64507
1.812 2.65073
1.815 2.65643
1.818 2.66215
1.821 2.66791
1.824 2.6737
1.827 2.67952
1.83 2.68537
1.833 2.69125
1.836 2.69716
1.839 2.7031
1.842 2.70908
1.845 2.71508
1.848 2.72111
1.851 2.72717
1.854 2.73326
1.857 2.73938
1.86 2.74553
1.863 2.75171
1.866 2.75792
1.869 2.76415
1.872 2.77041
1.875 2.7767
1.878 2.78302
1.881 2.78937
1.884 2.79574
1.887 2.80213
1.89 2.80856
1.893 2.81501
1.896 2.82148
1.899 2.82798
1.902 2.8345
1.905 2.84105
1.908 2.84762
1.911 2.85422
1.914 2.86083
1.917 2.86747
1.92 2.87413
1.923 2.88081
1.926 2.88752
1.929 2.89424
1.932 2.90098
1.935 2.90774
1.938 2.91452
1.941 2.92132
1.944 2.92814
1.947 2.93497
1.95 2.94182
1.953 2.94868
1.956 2.95556
1.959 2.96246
1.962 2.96937
1.965 2.97629
1.968 2.98322
1.971 2.99017
1.974 2.99712
1.977 3.00409
1.98 3.01107
1.983 3.01806
1.986 3.02505
1.989 3.03205
1.992 3.03906
1.995 3.04608
1.998 3.0531
2.001 3.06013
2.004 3.06716
2.007 3.07419
2.01 3.08123
2.013 3.08826
2.016 3.0953
2.019 3.10234
2.022 3.10938
2.025 3.11642
2.028 3.12345
2.031 3.13048
2.034 3.13751
2.037 3.14453
2.04 3.15155
2.043 3.15856
2.046 3.16557
2.049 3.17257
2.052 3.17955
2.055 3.18653
2.058 3.1935
2.061 3.20046
2.064 3.2074
2.067 3.21433
2.07 3.22125
2.073 3.22816
2.076 3.23505
2.079 3.24192
2.082 3.24878
2.085 3.25562
2.088 3.26244
2.091 3.26924
2.094 3.27602
2.097 3.28278
2.1 3.28952
2.103 3.29623
2.106 3.30293
2.109 3.30959
2.112 3.31624
2.115 3.32286
2.118 3.32945
2.121 3.33602
2.124 3.34255
2.127 3.34906
2.13 3.35554
2.133 3.36199
2.136 3.36842
2.139 3.3748
2.142 3.38116
2.145 3.38749
2.148 3.39378
2.151 3.40004
2.154 3.40626
2.157 3.41245
2.16 3.4186
2.163 3.42472
2.166 3.4308
2.169 3.43684
2.172 3.44284
2.175 3.44881
2.178 3.45474
2.181 3.46062
2.184 3.46647
2.187 3.47228
2.19 3.47804
2.193 3.48377
2.196 3.48945
2.199 3.49509
2.202 3.50069
2.205 3.50624
2.208 3.51176
2.211 3.51722
2.214 3.52265
2.217 3.52803
2.22 3.53336
2.223 3.53865
2.226 3.5439
2.229 3.54909
2.232 3.55425
2.235 3.55935
2.238 3.56441
2.241 3.56943
2.244 3.5744
2.247 3.57932
2.25 3.58419
2.253 3.58902
2.256 3.5938
2.259 3.59853
2.262 3.60322
2.265 3.60785
2.268 3.61244
2.271 3.61699
2.274 3.62148
2.277 3.62593
2.28 3.63033
2.283 3.63468
2.286 3.63898
2.289 3.64324
2.292 3.64745
2.295 3.65161
2.298 3.65573
2.301 3.6598
2.304 3.66382
2.307 3.66779
2.31 3.67172
2.313 3.6756
2.316 3.67943
2.319 3.68322
2.322 3.68696
2.325 3.69065
2.328 3.6943
2.331 3.69791
2.334 3.70147
2.337 3.70498
2.34 3.70845
2.343 3.71187
2.346 3.71525
2.349 3.71858
2.352 3.72187
2.355 3.72512
2.358 3.72832
2.361 3.73148
2.364 3.7346
2.367 3.73767
2.37 3.74071
2.373 3.7437
2.376 3.74665
2.379 3.74955
2.382 3.75242
2.385 3.75525
2.388 3.75803
2.391 3.76078
2.394 3.76349
2.397 3.76615
2.4 3.76878
2.403 3.77137
2.406 3.77392
2.409 3.77644
2.412 3.77891
2.415 3.78135
2.418 3.78376
2.421 3.78612
2.424 3.78845
2.427 3.79075
2.43 3.79301
2.433 3.79523
2.436 3.79742
2.439 3.79958
2.442 3.8017
2.445 3.80379
2.448 3.80585
2.451 3.80787
2.454 3.80986
2.457 3.81182
2.46 3.81375
2.463 3.81565
2.466 3.81751
2.469 3.81935
2.472 3.82115
2.475 3.82293
2.478 3.82468
2.481 3.82639
2.484 3.82808
2.487 3.82975
2.49 3.83138
2.493 3.83299
2.496 3.83456
2.499 3.83612
2.502 3.83764
2.505 3.83914
2.508 3.84062
2.511 3.84207
2.514 3.84349
2.517 3.84489
2.52 3.84627
2.523 3.84762
2.526 3.84894
2.529 3.85025
2.532 3.85153
2.535 3.85279
2.538 3.85403
2.541 3.85524
2.544 3.85643
2.547 3.8576
2.55 3.85875
2.553 3.85988
2.556 3.86099
2.559 3.86208
2.562 3.86315
2.565 3.8642
2.568 3.86523
2.571 3.86624
2.574 3.86724
2.577 3.86821
2.58 3.86917
2.583 3.8701
2.586 3.87103
2.589 3.87193
2.592 3.87282
2.595 3.87369
2.598 3.87454
2.601 3.87538
2.604 3.8762
2.607 3.877
2.61 3.87779
2.613 3.87857
2.616 3.87933
2.619 3.88007
2.622 3.8808
2.625 3.88152
2.628 3.88222
2.631 3.88291
2.634 3.88358
2.637 3.88424
2.64 3.88489
2.643 3.88552
2.646 3.88615
2.649 3.88676
2.652 3.88735
2.655 3.88794
2.658 3.88851
2.661 3.88907
2.664 3.88962
2.667 3.89016
2.67 3.89069
2.673 3.8912
2.676 3.89171
2.679 3.8922
2.682 3.89269
2.685 3.89316
2.688 3.89362
2.691 3.89408
2.694 3.89452
2.697 3.89496
2.7 3.89538
2.703 3.8958
2.706 3.8962
2.709 3.8966
2.712 3.89699
2.715 3.89737
2.718 3.89774
2.721 3.89811
2.724 3.89846
2.727 3.89881
2.73 3.89915
2.733 3.89948
2.736 3.8998
2.739 3.90012
2.742 3.90043
2.745 3.90073
2.748 3.90102
2.751 3.90131
2.754 3.90159
2.757 3.90186
2.76 3.90213
2.763 3.90239
2.766 3.90265
2.769 3.90289
2.772 3.90314
2.775 3.90337
2.778 3.9036
2.781 3.90382
2.784 3.90404
2.787 3.90425
2.79 3.90446
2.793 3.90466
2.796 3.90486
2.799 3.90505
2.802 3.90523
2.805 3.90541
2.808 3.90559
2.811 3.90576
2.814 3.90592
2.817 3.90608
2.82 3.90624
2.823 3.90639
2.826 3.90654
2.829 3.90668
2.832 3.90682
2.835 3.90695
2.838 3.90708
2.841 3.90721
2.844 3.90733
2.847 3.90745
2.85 3.90756
2.853 3.90767
2.856 3.90778
2.859 3.90788
2.862 3.90798
2.865 3.90808
2.868 3.90817
2.871 3.90826
2.874 3.90834
2.877 3.90843
2.88 3.9085
2.883 3.90858
2.886 3.90865
2.889 3.90872
2.892 3.90879
2.895 3.90885
2.898 3.90891
2.901 3.90897
2.904 3.90903
2.907 3.90908
2.91 3.90913
2.913 3.90918
2.916 3.90922
2.919 3.90927
2.922 3.90931
2.925 3.90934
2.928 3.90938
2.931 3.90941
2.934 3.90944
2.937 3.90947
2.94 3.9095
2.943 3.90952
2.946 3.90954
2.949 3.90956
2.952 3.90958
2.955 3.9096
2.958 3.90961
2.961 3.90963
2.964 3.90964
2.967 3.90964
2.97 3.90965
2.973 3.90966
2.976 3.90966
2.979 3.90966
2.982 3.90966
2.985 3.90966
2.988 3.90966
2.991 3.90965
2.994 3.90965
2.997 3.90964
3 3.90963
3.001 0
