0 5
0.003 3.85751
0.006 3.85743
0.009 3.85735
0.012 3.85726
0.015 3.85718
0.018 3.85709
0.021 3.857
0.024 3.8569
0.027 3.8568
0.03 3.8567
0.033 3.8566
0.036 3.85649
0.039 3.85638
0.042 3.85627
0.045 3.85615
0.048 3.85604
0.051 3.85591
0.054 3.85579
0.057 3.85566
0.06 3.85553
0.063 3.8554
0.066 3.85526
0.069 3.85512
0.072 3.85498
0.075 3.85483
0.078 3.85468
0.081 3.85453
0.084 3.85437
0.087 3.85421
0.09 3.85404
0.093 3.85388
0.096 3.85371
0.099 3.85353
0.102 3.85335
0.105 3.85317
0.108 3.85298
0.111 3.85279
0.114 3.8526
0.117 3.8524
0.12 3.8522
0.123 3.852
0.126 3.85179
0.129 3.85158
0.132 3.85136
0.135 3.85114
0.138 3.85091
0.141 3.85068
0.144 3.85045
0.147 3.85021
0.15 3.84997
0.153 3.84972
0.156 3.84947
0.159 3.84922
0.162 3.84896
0.165 3.84869
0.168 3.84842
0.171 3.84815
0.174 3.84787
0.177 3.84759
0.18 3.8473
0.183 3.84701
0.186 3.84671
0.189 3.84641
0.192 3.8461
0.195 3.84579
0.198 3.84547
0.201 3.84515
0.204 3.84482
0.207 3.84449
0.21 3.84415
0.213 3.84381
0.216 3.84346
0.219 3.84311
0.222 3.84275
0.225 3.84239
0.228 3.84202
0.231 3.84164
0.234 3.84126
0.237 3.84087
0.24 3.84048
0.243 3.84008
0.246 3.83968
0.249 3.83927
0.252 3.83885
0.255 3.83843
0.258 3.838
0.261 3.83756
0.264 3.83712
0.267 3.83668
0.27 3.83622
0.273 3.83576
0.276 3.8353
0.279 3.83482
0.282 3.83435
0.285 3.83386
0.288 3.83337
0.291 3.83287
0.294 3.83236
0.297 3.83185
0.3 3.83133
0.303 3.8308
0.306 3.83027
0.309 3.82973
0.312 3.82918
0.315 3.82863
0.318 3.82807
0.321 3.8275
0.324 3.82692
0.327 3.82633
0.33 3.82574
0.333 3.82514
0.336 3.82454
0.339 3.82392
0.342 3.8233
0.345 3.82267
0.348 3.82203
0.351 3.82138
0.354 3.82073
0.357 3.82006
0.36 3.81939
0.363 3.81871
0.366 3.81803
0.369 3.81733
0.372 3.81663
0.375 3.81591
0.378 3.81519
0.381 3.81446
0.384 3.81372
0.387 3.81298
0.39 3.81222
0.393 3.81145
0.396 3.81068
0.399 3.8099
0.402 3.8091
0.405 3.8083
0.408 3.80749
0.411 3.80667
0.414 3.80584
0.417 3.805
0.42 3.80415
0.423 3.80329
0.426 3.80242
0.429 3.80154
0.432 3.80066
0.435 3.79976
0.438 3.79885
0.441 3.79793
0.444 3.79701
0.447 3.79607
0.45 3.79512
0.453 3.79416
0.456 3.79319
0.459 3.79221
0.462 3.79122
0.465 3.79022
0.468 3.78921
0.471 3.78819
0.474 3.78716
0.477 3.78612
0.48 3.78506
0.483 3.784
0.486 3.78292
0.489 3.78184
0.492 3.78074
0.495 3.77963
0.498 3.77851
0.501 3.77738
0.504 3.77624
0.507 3.77509
0.51 3.77392
0.513 3.77275
0.516 3.77156
0.519 3.77036
0.522 3.76915
0.525 3.76793
0.528 3.7667
0.531 3.76546
0.534 3.7642
0.537 3.76294
0.54 3.76166
0.543 3.76037
0.546 3.75907
0.549 3.75776
0.552 3.75643
0.555 3.7551
0.558 3.75375
0.561 3.75239
0.564 3.75102
0.567 3.74964
0.57 3.74825
0.573 3.74684
0.576 3.74543
0.579 3.744
0.582 3.74256
0.585 3.74111
0.588 3.73965
0.591 3.73818
0.594 3.73669
0.597 3.7352
0.6 3.73369
0.603 3.73217
0.606 3.73064
0.609 3.7291
0.612 3.72755
0.615 3.72599
0.618 3.72442
0.621 3.72284
0.624 3.72124
0.627 3.71964
0.63 3.71803
0.633 3.7164
0.636 3.71477
0.639 3.71312
0.642 3.71146
0.645 3.7098
0.648 3.70812
0.651 3.70644
0.654 3.70474
0.657 3.70304
0.66 3.70133
0.663 3.6996
0.666 3.69787
0.669 3.69613
0.672 3.69438
0.675 3.69262
0.678 3.69086
0.681 3.68908
0.684 3.6873
0.687 3.6855
0.69 3.6837
0.693 3.6819
0.696 3.68008
0.699 3.67826
0.702 3.67643
0.705 3.67459
0.708 3.67275
0.711 3.67089
0.714 3.66904
0.717 3.66717
0.72 3.6653
0.723 3.66342
0.726 3.66154
0.729 3.65965
0.732 3.65776
0.735 3.65586
0.738 3.65395
0.741 3.65204
0.744 3.65012
0.747 3.6482
0.75 3.64628
0.753 3.64435
0.756 3.64241
0.759 3.64047
0.762 3.63853
0.765 3.63658
0.768 3.63463
0.771 3.63268
0.774 3.63072
0.777 3.62876
0.78 3.6268
0.783 3.62484
0.786 3.62287
0.789 3.6209
0.792 3.61892
0.795 3.61695
0.798 3.61497
0.801 3.61299
0.804 3.611
0.807 3.60902
0.81 3.60704
0.813 3.60505
0.816 3.60306
0.819 3.60107
0.822 3.59908
0.825 3.59709
0.828 3.5951
0.831 3.59311
0.834 3.59111
0.837 3.58912
0.84 3.58713
0.843 3.58513
0.846 3.58314
0.849 3.58114
0.852 3.57915
0.855 3.57716
0.858 3.57516
0.861 3.57317
0.864 3.57118
0.867 3.56919
0.87 3.5672
0.873 3.56521
0.876 3.56322
0.879 3.56123
0.882 3.55925
0.885 3.55726
0.888 3.55528
0.891 3.5533
0.894 3.55132
0.897 3.54934
0.9 3.54737
0.903 3.54539
0.906 3.54342
0.909 3.54145
0.912 3.53948
0.915 3.53752
0.918 3.53556
0.921 3.5336
0.924 3.53164
0.927 3.52969
0.93 3.52773
0.933 3.52579
0.936 3.52384
0.939 3.5219
0.942 3.51996
0.945 3.51802
0.948 3.51609
0.951 3.51416
0.954 3.51224
0.957 3.51032
0.96 3.5084
0.963 3.50649
0.966 3.50458
0.969 3.50268
0.972 3.50078
0.975 3.49888
0.978 3.49699
0.981 3.49511
0.984 3.49322
0.987 3.49135
0.99 3.48948
0.993 3.48761
0.996 3.48575
0.999 3.48389
1.002 3.48204
1.005 3.4802
1.008 3.47836
1.011 3.47653
1.014 3.4747
1.017 3.47288
1.02 3.47106
1.023 3.46925
1.026 3.46745
1.029 3.46565
1.032 3.46386
1.035 3.46207
1.038 3.4603
1.041 3.45852
1.044 3.45676
1.047 3.455
1.05 3.45325
1.053 3.45151
1.056 3.44977
1.059 3.44804
1.062 3.44632
1.065 3.4446
1.068 3.44289
1.071 3.44119
1.074 3.4395
1.077 3.43781
1.08 3.43614
1.083 3.43446
1.086 3.4328
1.089 3.43115
1.092 3.4295
1.095 3.42786
1.098 3.42623
1.101 3.4246
1.104 3.42299
1.107 3.42138
1.11 3.41978
1.113 3.41819
1.116 3.4166
1.119 3.41503
1.122 3.41346
1.125 3.4119
1.128 3.41035
1.131 3.40881
1.134 3.40727
1.137 3.40574
1.14 3.40423
1.143 3.40272
1.146 3.40121
1.149 3.39972
1.152 3.39823
1.155 3.39676
1.158 3.39529
1.161 3.39383
1.164 3.39237
1.167 3.39093
1.17 3.38949
1.173 3.38807
1.176 3.38665
1.179 3.38523
1.182 3.38383
1.185 3.38243
1.188 3.38104
1.191 3.37966
1.194 3.37829
1.197 3.37693
1.2 3.37557
1.203 3.37422
1.206 3.37288
1.209 3.37155
1.212 3.37022
1.215 3.36891
1.218 3.3676
1.221 3.36629
1.224 3.365
1.227 3.36371
1.23 3.36243
1.233 3.36116
1.236 3.35989
1.239 3.35863
1.242 3.35738
1.245 3.35614
1.248 3.3549
1.251 3.35367
1.254 3.35245
1.257 3.35123
1.26 3.35002
1.263 3.34881
1.266 3.34762
1.269 3.34643
1.272 3.34524
1.275 3.34406
1.278 3.34289
1.281 3.34173
1.284 3.34057
1.287 3.33941
1.29 3.33826
1.293 3.33712
1.296 3.33599
1.299 3.33485
1.302 3.33373
1.305 3.33261
1.308 3.33149
1.311 3.33039
1.314 3.32928
1.317 3.32818
1.32 3.32709
1.323 3.326
1.326 3.32491
1.329 3.32383
1.332 3.32276
1.335 3.32169
1.338 3.32062
1.341 3.31956
1.344 3.3185
1.347 3.31745
1.35 3.3164
1.353 3.31535
1.356 3.31431
1.359 3.31327
1.362 3.31223
1.365 3.3112
1.368 3.31017
1.371 3.30915
1.374 3.30813
1.377 3.30711
1.38 3.30609
1.383 3.30508
1.386 3.30407
1.389 3.30306
1.392 3.30206
1.395 3.30105
1.398 3.30005
1.401 3.29905
1.404 3.29806
1.407 3.29706
1.41 3.29607
1.413 3.29508
1.416 3.29409
1.419 3.29311
1.422 3.29212
1.425 3.29114
1.428 3.29015
1.431 3.28917
1.434 3.28819
1.437 3.28721
1.44 3.28623
1.443 3.28525
1.446 3.28428
1.449 3.2833
1.452 3.28232
1.455 3.28134
1.458 3.28037
1.461 3.27939
1.464 3.27842
1.467 3.27744
1.47 3.27646
1.473 3.27548
1.476 3.27451
1.479 3.27353
1.482 3.27255
1.485 3.27157
1.488 3.27059
1.491 3.26961
1.494 3.26862
1.497 3.26764
1.5 3.26665
1.503 3.26567
1.506 3.26468
1.509 3.26369
1.512 3.2627
1.515 3.2617
1.518 3.26071
1.521 3.25971
1.524 3.25871
1.527 3.2577
1.53 3.2567
1.533 3.25569
1.536 3.25468
1.539 3.25367
1.542 3.25265
1.545 3.25163
1.548 3.25061
1.551 3.24958
1.554 3.24855
1.557 3.24752
1.56 3.24649
1.563 3.24545
1.566 3.2444
1.569 3.24336
1.572 3.2423
1.575 3.24125
1.578 3.24019
1.581 3.23913
1.584 3.23806
1.587 3.23699
1.59 3.23591
1.593 3.23483
1.596 3.23374
1.599 3.23265
1.602 3.23155
1.605 3.23045
1.608 3.22934
1.611 3.22823
1.614 3.22711
1.617 3.22599
1.62 3.22486
1.623 3.22372
1.626 3.22258
1.629 3.22143
1.632 3.22028
1.635 3.21912
1.638 3.21795
1.641 3.21678
1.644 3.2156
1.647 3.21442
1.65 3.21322
1.653 3.21203
1.656 3.21082
1.659 3.20961
1.662 3.20839
1.665 3.20716
1.668 3.20592
1.671 3.20468
1.674 3.20343
1.677 3.20218
1.68 3.20091
1.683 3.19964
1.686 3.19836
1.689 3.19707
1.692 3.19577
1.695 3.19447
1.698 3.19316
1.701 3.19183
1.704 3.19051
1.707 3.18917
1.71 3.18782
1.713 3.18647
1.716 3.1851
1.719 3.18373
1.722 3.18235
1.725 3.18096
1.728 3.17956
1.731 3.17815
1.734 3.17673
1.737 3.1753
1.74 3.17387
1.743 3.17242
1.746 3.17097
1.749 3.1695
1.752 3.16803
1.755 3.16654
1.758 3.16505
1.761 3.16355
1.764 3.16203
1.767 3.16051
1.77 3.15898
1.773 3.15744
1.776 3.15588
1.779 3.15432
1.782 3.15275
1.785 3.15116
1.788 3.14957
1.791 3.14797
1.794 3.14635
1.797 3.14473
1.8 3.1431
1.803 3.14145
1.806 3.1398
1.809 3.13813
1.812 3.13646
1.815 3.13477
1.818 3.13307
1.821 3.13137
1.824 3.12965
1.827 3.12792
1.83 3.12618
1.833 3.12444
1.836 3.12268
1.839 3.12091
1.842 3.11913
1.845 3.11734
1.848 3.11554
1.851 3.11373
1.854 3.11191
1.857 3.11008
1.86 3.10824
1.863 3.10638
1.866 3.10452
1.869 3.10265
1.872 3.10077
1.875 3.09888
1.878 3.09698
1.881 3.09506
1.884 3.09314
1.887 3.09121
1.89 3.08927
1.893 3.08732
1.896 3.08536
1.899 3.08339
1.902 3.08141
1.905 3.07942
1.908 3.07742
1.911 3.07542
1.914 3.0734
1.917 3.07137
1.92 3.06934
1.923 3.0673
1.926 3.06525
1.929 3.06319
1.932 3.06112
1.935 3.05904
1.938 3.05696
1.941 3.05486
1.944 3.05276
1.947 3.05065
1.95 3.04854
1.953 3.04641
1.956 3.04428
1.959 3.04214
1.962 3.04
1.965 3.03784
1.968 3.03568
1.971 3.03352
1.974 3.03135
1.977 3.02917
1.98 3.02698
1.983 3.02479
1.986 3.0226
1.989 3.02039
1.992 3.01819
1.995 3.01597
1.998 3.01376
2.001 3.01153
2.004 3.00931
2.007 3.00708
2.01 3.00484
2.013 3.0026
2.016 3.00036
2.019 2.99811
2.022 2.99586
2.025 2.99361
2.028 2.99135
2.031 2.9891
2.034 2.98683
2.037 2.98457
2.04 2.98231
2.043 2.98004
2.046 2.97777
2.049 2.9755
2.052 2.97323
2.055 2.97096
2.058 2.96868
2.061 2.96641
2.064 2.96414
2.067 2.96187
2.07 2.95959
2.073 2.95732
2.076 2.95505
2.079 2.95278
2.082 2.95051
2.085 2.94825
2.088 2.94598
2.091 2.94372
2.094 2.94146
2.097 2.9392
2.1 2.93695
2.103 2.93469
2.106 2.93245
2.109 2.9302
2.112 2.92796
2.115 2.92572
2.118 2.92349
2.121 2.92126
2.124 2.91904
2.127 2.91682
2.13 2.91461
2.133 2.91241
2.136 2.9102
2.139 2.90801
2.142 2.90582
2.145 2.90364
2.148 2.90147
2.151 2.8993
2.154 2.89714
2.157 2.89498
2.16 2.89284
2.163 2.8907
2.166 2.88857
2.169 2.88645
2.172 2.88434
2.175 2.88224
2.178 2.88014
2.181 2.87806
2.184 2.87598
2.187 2.87392
2.19 2.87186
2.193 2.86982
2.196 2.86778
2.199 2.86576
2.202 2.86374
2.205 2.86174
2.208 2.85975
2.211 2.85777
2.214 2.8558
2.217 2.85384
2.22 2.85189
2.223 2.84996
2.226 2.84804
2.229 2.84613
2.232 2.84423
2.235 2.84235
2.238 2.84047
2.241 2.83861
2.244 2.83677
2.247 2.83493
2.25 2.83311
2.253 2.83131
2.256 2.82951
2.259 2.82773
2.262 2.82597
2.265 2.82421
2.268 2.82247
2.271 2.82075
2.274 2.81904
2.277 2.81734
2.28 2.81566
2.283 2.81399
2.286 2.81233
2.289 2.81069
2.292 2.80907
2.295 2.80746
2.298 2.80586
2.301 2.80428
2.304 2.80271
2.307 2.80116
2.31 2.79962
2.313 2.79809
2.316 2.79658
2.319 2.79509
2.322 2.79361
2.325 2.79215
2.328 2.7907
2.331 2.78926
2.334 2.78784
2.337 2.78643
2.34 2.78504
2.343 2.78367
2.346 2.78231
2.349 2.78096
2.352 2.77963
2.355 2.77831
2.358 2.77701
2.361 2.77572
2.364 2.77444
2.367 2.77319
2.37 2.77194
2.373 2.77071
2.376 2.7695
2.379 2.76829
2.382 2.76711
2.385 2.76593
2.388 2.76478
2.391 2.76363
2.394 2.7625
2.397 2.76139
2.4 2.76028
2.403 2.75919
2.406 2.75812
2.409 2.75706
2.412 2.75601
2.415 2.75498
2.418 2.75396
2.421 2.75295
2.424 2.75196
2.427 2.75098
2.43 2.75001
2.433 2.74905
2.436 2.74811
2.439 2.74718
2.442 2.74627
2.445 2.74537
2.448 2.74448
2.451 2.7436
2.454 2.74273
2.457 2.74188
2.46 2.74104
2.463 2.74021
2.466 2.73939
2.469 2.73859
2.472 2.73779
2.475 2.73701
2.478 2.73624
2.481 2.73548
2.484 2.73473
2.487 2.734
2.49 2.73327
2.493 2.73256
2.496 2.73185
2.499 2.73116
2.502 2.73048
2.505 2.72981
2.508 2.72915
2.511 2.7285
2.514 2.72786
2.517 2.72723
2.52 2.72661
2.523 2.726
2.526 2.7254
2.529 2.72481
2.532 2.72423
2.535 2.72365
2.538 2.72309
2.541 2.72254
2.544 2.722
2.547 2.72146
2.55 2.72094
2.553 2.72042
2.556 2.71991
2.559 2.71941
2.562 2.71892
2.565 2.71844
2.568 2.71796
2.571 2.7175
2.574 2.71704
2.577 2.71659
2.58 2.71615
2.583 2.71571
2.586 2.71529
2.589 2.71487
2.592 2.71446
2.595 2.71405
2.598 2.71366
2.601 2.71327
2.604 2.71288
2.607 2.71251
2.61 2.71214
2.613 2.71178
2.616 2.71143
2.619 2.71108
2.622 2.71074
2.625 2.7104
2.628 2.71007
2.631 2.70975
2.634 2.70943
2.637 2.70912
2.64 2.70882
2.643 2.70852
2.646 2.70823
2.649 2.70794
2.652 2.70766
2.655 2.70739
2.658 2.70712
2.661 2.70685
2.664 2.70659
2.667 2.70634
2.67 2.70609
2.673 2.70585
2.676 2.70561
2.679 2.70537
2.682 2.70515
2.685 2.70492
2.688 2.7047
2.691 2.70449
2.694 2.70428
2.697 2.70407
2.7 2.70387
2.703 2.70368
2.706 2.70349
2.709 2.7033
2.712 2.70311
2.715 2.70293
2.718 2.70276
2.721 2.70259
2.724 2.70242
2.727 2.70226
2.73 2.7021
2.733 2.70194
2.736 2.70179
2.739 2.70164
2.742 2.70149
2.745 2.70135
2.748 2.70121
2.751 2.70108
2.754 2.70095
2.757 2.70082
2.76 2.70069
2.763 2.70057
2.766 2.70045
2.769 2.70034
2.772 2.70023
2.775 2.70012
2.778 2.70001
2.781 2.69991
2.784 2.69981
2.787 2.69971
2.79 2.69961
2.793 2.69952
2.796 2.69943
2.799 2.69934
2.802 2.69926
2.805 2.69917
2.808 2.69909
2.811 2.69902
2.814 2.69894
2.817 2.69887
2.82 2.6988
2.823 2.69873
2.826 2.69866
2.829 2.6986
2.832 2.69854
2.835 2.69848
2.838 2.69842
2.841 2.69836
2.844 2.69831
2.847 2.69826
2.85 2.69821
2.853 2.69816
2.856 2.69811
2.859 2.69807
2.862 2.69803
2.865 2.69799
2.868 2.69795
2.871 2.69791
2.874 2.69788
2.877 2.69784
2.88 2.69781
2.883 2.69778
2.886 2.69775
2.889 2.69772
2.892 2.6977
2.895 2.69767
2.898 2.69765
2.901 2.69763
2.904 2.6976
2.907 2.69759
2.91 2.69757
2.913 2.69755
2.916 2.69754
2.919 2.69752
2.922 2.69751
2.925 2.6975
2.928 2.69749
2.931 2.69748
2.934 2.69747
2.937 2.69746
2.94 2.69746
2.943 2.69745
2.946 2.69745
2.949 2.69744
2.952 2.69744
2.955 2.69744
2.958 2.69744
2.961 2.69744
2.964 2.69745
2.967 2.69745
2.97 2.69745
2.973 2.69746
2.976 2.69746
2.979 2.69747
2.982 2.69748
2.985 2.69749
2.988 2.69749
2.991 2.6975
2.994 2.69751
2.997 2.69753
3 2.69754
3.001 5
