0 -10
0.003 -6.96083
0.006 -6.96008
0.009 -6.95931
0.012 -6.95853
0.015 -6.95774
0.018 -6.95693
0.021 -6.9561
0.024 -6.95526
0.027 -6.9544
0.03 -6.95353
0.033 -6.95263
0.036 -6.95173
0.039 -6.9508
0.042 -6.94986
0.045 -6.94891
0.048 -6.94793
0.051 -6.94694
0.054 -6.94593
0.057 -6.9449
0.06 -6.94386
0.063 -6.94279
0.066 -6.94171
0.069 -6.94061
0.072 -6.93949
0.075 -6.93835
0.078 -6.93719
0.081 -6.93602
0.084 -6.93482
0.087 -6.9336
0.09 -6.93237
0.093 -6.93111
0.096 -6.92983
0.099 -6.92854
0.102 -6.92722
0.105 -6.92588
0.108 -6.92452
0.111 -6.92313
0.114 -6.92173
0.117 -6.9203
0.12 -6.91885
0.123 -6.91738
0.126 -6.91589
0.129 -6.91437
0.132 -6.91283
0.135 -6.91126
0.138 -6.90968
0.141 -6.90806
0.144 -6.90643
0.147 -6.90477
0.15 -6.90308
0.153 -6.90137
0.156 -6.89963
0.159 -6.89787
0.162 -6.89608
0.165 -6.89427
0.168 -6.89243
0.171 -6.89056
0.174 -6.88866
0.177 -6.88674
0.18 -6.88479
0.183 -6.88281
0.186 -6.88081
0.189 -6.87878
0.192 -6.87671
0.195 -6.87462
0.198 -6.8725
0.201 -6.87035
0.204 -6.86817
0.207 -6.86595
0.21 -6.86371
0.213 -6.86144
0.216 -6.85913
0.219 -6.8568
0.222 -6.85443
0.225 -6.85203
0.228 -6.84959
0.231 -6.84713
0.234 -6.84463
0.237 -6.84209
0.24 -6.83953
0.243 -6.83692
0.246 -6.83429
0.249 -6.83161
0.252 -6.82891
0.255 -6.82616
0.258 -6.82338
0.261 -6.82057
0.264 -6.81771
0.267 -6.81482
0.27 -6.81189
0.273 -6.80892
0.276 -6.80592
0.279 -6.80287
0.282 -6.79979
0.285 -6.79666
0.288 -6.7935
0.291 -6.79029
0.294 -6.78705
0.297 -6.78376
0.3 -6.78043
0.303 -6.77706
0.306 -6.77364
0.309 -6.77018
0.312 -6.76668
0.315 -6.76313
0.318 -6.75954
0.321 -6.7559
0.324 -6.75222
0.327 -6.74849
0.33 -6.74471
0.333 -6.74089
0.336 -6.73702
0.339 -6.7331
0.342 -6.72913
0.345 -6.72511
0.348 -6.72105
0.351 -6.71693
0.354 -6.71276
0.357 -6.70855
0.36 -6.70428
0.363 -6.69995
0.366 -6.69558
0.369 -6.69115
0.372 -6.68667
0.375 -6.68213
0.378 -6.67754
0.381 -6.67289
0.384 -6.66819
0.387 -6.66343
0.39 -6.65861
0.393 -6.65374
0.396 -6.6488
0.399 -6.64381
0.402 -6.63876
0.405 -6.63364
0.408 -6.62847
0.411 -6.62324
0.414 -6.61794
0.417 -6.61258
0.42 -6.60716
0.423 -6.60167
0.426 -6.59612
0.429 -6.5905
0.432 -6.58482
0.435 -6.57907
0.438 -6.57326
0.441 -6.56738
0.444 -6.56142
0.447 -6.55541
0.45 -6.54932
0.453 -6.54316
0.456 -6.53693
0.459 -6.53063
0.462 -6.52425
0.465 -6.51781
0.468 -6.51129
0.471 -6.5047
0.474 -6.49803
0.477 -6.49129
0.48 -6.48447
0.483 -6.47757
0.486 -6.4706
0.489 -6.46355
0.492 -6.45642
0.495 -6.44922
0.498 -6.44193
0.501 -6.43456
0.504 -6.42712
0.507 -6.41959
0.51 -6.41198
0.513 -6.40429
0.516 -6.39651
0.519 -6.38865
0.522 -6.38071
0.525 -6.37268
0.528 -6.36457
0.531 -6.35637
0.534 -6.34809
0.537 -6.33972
0.54 -6.33126
0.543 -6.32271
0.546 -6.31408
0.549 -6.30536
0.552 -6.29655
0.555 -6.28765
0.558 -6.27866
0.561 -6.26958
0.564 -6.26041
0.567 -6.25114
0.57 -6.24179
0.573 -6.23235
0.576 -6.22281
0.579 -6.21319
0.582 -6.20347
0.585 -6.19366
0.588 -6.18376
0.591 -6.17376
0.594 -6.16368
0.597 -6.1535
0.6 -6.14323
0.603 -6.13286
0.606 -6.12241
0.609 -6.11186
0.612 -6.10122
0.615 -6.09048
0.618 -6.07966
0.621 -6.06874
0.624 -6.05774
0.627 -6.04664
0.63 -6.03545
0.633 -6.02417
0.636 -6.0128
0.639 -6.00134
0.642 -5.9898
0.645 -5.97816
0.648 -5.96644
0.651 -5.95463
0.654 -5.94274
0.657 -5.93075
0.66 -5.91869
0.663 -5.90654
0.666 -5.89431
0.669 -5.882
0.672 -5.8696
0.675 -5.85713
0.678 -5.84458
0.681 -5.83195
0.684 -5.81924
0.687 -5.80646
0.69 -5.79361
0.693 -5.78068
0.696 -5.76769
0.699 -5.75462
0.702 -5.74149
0.705 -5.72829
0.708 -5.71502
0.711 -5.7017
0.714 -5.68831
0.717 -5.67486
0.72 -5.66136
0.723 -5.6478
0.726 -5.63419
0.729 -5.62052
0.732 -5.60681
0.735 -5.59305
0.738 -5.57924
0.741 -5.56539
0.744 -5.5515
0.747 -5.53757
0.75 -5.5236
0.753 -5.5096
0.756 -5.49557
0.759 -5.48151
0.762 -5.46742
0.765 -5.45331
0.768 -5.43917
0.771 -5.42502
0.774 -5.41085
0.777 -5.39666
0.78 -5.38246
0.783 -5.36825
0.786 -5.35403
0.789 -5.33981
0.792 -5.32559
0.795 -5.31137
0.798 -5.29715
0.801 -5.28294
0.804 -5.26873
0.807 -5.25454
0.81 -5.24036
0.813 -5.22619
0.816 -5.21205
0.819 -5.19792
0.822 -5.18382
0.825 -5.16975
0.828 -5.1557
0.831 -5.14169
0.834 -5.12771
0.837 -5.11376
0.84 -5.09985
0.843 -5.08599
0.846 -5.07216
0.849 -5.05839
0.852 -5.04466
0.855 -5.03098
0.858 -5.01735
0.861 -5.00377
0.864 -4.99025
0.867 -4.97679
0.87 -4.96339
0.873 -4.95006
0.876 -4.93678
0.879 -4.92357
0.882 -4.91043
0.885 -4.89736
0.888 -4.88436
0.891 -4.87144
0.894 -4.85858
0.897 -4.84581
0.9 -4.83311
0.903 -4.82049
0.906 -4.80795
0.909 -4.79549
0.912 -4.78311
0.915 -4.77082
0.918 -4.75861
0.921 -4.74649
0.924 -4.73446
0.927 -4.72251
0.93 -4.71066
0.933 -4.69889
0.936 -4.68722
0.939 -4.67563
0.942 -4.66414
0.945 -4.65274
0.948 -4.64144
0.951 -4.63023
0.954 -4.61911
0.957 -4.60809
0.96 -4.59717
0.963 -4.58634
0.966 -4.57561
0.969 -4.56497
0.972 -4.55443
0.975 -4.54399
0.978 -4.53364
0.981 -4.52339
0.984 -4.51324
0.987 -4.50319
0.99 -4.49323
0.993 -4.48337
0.996 -4.4736
0.999 -4.46394
1.002 -4.45437
1.005 -4.44489
1.008 -4.43552
1.011 -4.42623
1.014 -4.41705
1.017 -4.40796
1.02 -4.39896
1.023 -4.39006
1.026 -4.38125
1.029 -4.37254
1.032 -4.36392
1.035 -4.35539
1.038 -4.34695
1.041 -4.33861
1.044 -4.33036
1.047 -4.32219
1.05 -4.31412
1.053 -4.30614
1.056 -4.29824
1.059 -4.29043
1.062 -4.28271
1.065 -4.27508
1.068 -4.26754
1.071 -4.26007
1.074 -4.2527
1.077 -4.2454
1.08 -4.23819
1.083 -4.23107
1.086 -4.22402
1.089 -4.21706
1.092 -4.21017
1.095 -4.20337
1.098 -4.19664
1.101 -4.18999
1.104 -4.18342
1.107 -4.17693
1.11 -4.17051
1.113 -4.16416
1.116 -4.15789
1.119 -4.1517
1.122 -4.14557
1.125 -4.13952
1.128 -4.13353
1.131 -4.12762
1.134 -4.12178
1.137 -4.116
1.14 -4.11029
1.143 -4.10465
1.146 -4.09908
1.149 -4.09357
1.152 -4.08812
1.155 -4.08274
1.158 -4.07742
1.161 -4.07216
1.164 -4.06697
1.167 -4.06183
1.17 -4.05675
1.173 -4.05173
1.176 -4.04677
1.179 -4.04187
1.182 -4.03703
1.185 -4.03224
1.188 -4.0275
1.191 -4.02282
1.194 -4.01819
1.197 -4.01362
1.2 -4.00909
1.203 -4.00462
1.206 -4.0002
1.209 -3.99583
1.212 -3.9915
1.215 -3.98723
1.218 -3.983
1.221 -3.97882
1.224 -3.97469
1.227 -3.9706
1.23 -3.96656
1.233 -3.96256
1.236 -3.9586
1.239 -3.95469
1.242 -3.95082
1.245 -3.94699
1.248 -3.9432
1.251 -3.93945
1.254 -3.93574
1.257 -3.93207
1.26 -3.92844
1.263 -3.92485
1.266 -3.92129
1.269 -3.91777
1.272 -3.91428
1.275 -3.91083
1.278 -3.90742
1.281 -3.90404
1.284 -3.90069
1.287 -3.89737
1.29 -3.89409
1.293 -3.89084
1.296 -3.88762
1.299 -3.88443
1.302 -3.88127
1.305 -3.87814
1.308 -3.87504
1.311 -3.87196
1.314 -3.86892
1.317 -3.8659
1.32 -3.86291
1.323 -3.85995
1.326 -3.85701
1.329 -3.85409
1.332 -3.8512
1.335 -3.84834
1.338 -3.8455
1.341 -3.84268
1.344 -3.83988
1.347 -3.83711
1.35 -3.83436
1.353 -3.83163
1.356 -3.82892
1.359 -3.82624
1.362 -3.82357
1.365 -3.82092
1.368 -3.81829
1.371 -3.81568
1.374 -3.81309
1.377 -3.81052
1.38 -3.80796
1.383 -3.80542
1.386 -3.8029
1.389 -3.80039
1.392 -3.7979
1.395 -3.79543
1.398 -3.79297
1.401 -3.79052
1.404 -3.78809
1.407 -3.78567
1.41 -3.78327
1.413 -3.78088
1.416 -3.7785
1.419 -3.77614
1.422 -3.77379
1.425 -3.77144
1.428 -3.76912
1.431 -3.7668
1.434 -3.76449
1.437 -3.76219
1.44 -3.7599
1.443 -3.75763
1.446 -3.75536
1.449 -3.7531
1.452 -3.75085
1.455 -3.74861
1.458 -3.74637
1.461 -3.74415
1.464 -3.74193
1.467 -3.73972
1.47 -3.73751
1.473 -3.73531
1.476 -3.73312
1.479 -3.73094
1.482 -3.72876
1.485 -3.72658
1.488 -3.72441
1.491 -3.72225
1.494 -3.72009
1.497 -3.71793
1.5 -3.71578
1.503 -3.71363
1.506 -3.71149
1.509 -3.70935
1.512 -3.70721
1.515 -3.70508
1.518 -3.70295
1.521 -3.70082
1.524 -3.69869
1.527 -3.69656
1.53 -3.69444
1.533 -3.69232
1.536 -3.69019
1.539 -3.68807
1.542 -3.68595
1.545 -3.68383
1.548 -3.68172
1.551 -3.6796
1.554 -3.67748
1.557 -3.67536
1.56 -3.67324
1.563 -3.67112
1.566 -3.669
1.569 -3.66687
1.572 -3.66475
1.575 -3.66262
1.578 -3.6605
1.581 -3.65837
1.584 -3.65624
1.587 -3.6541
1.59 -3.65197
1.593 -3.64983
1.596 -3.64769
1.599 -3.64555
1.602 -3.6434
1.605 -3.64125
1.608 -3.6391
1.611 -3.63694
1.614 -3.63478
1.617 -3.63261
1.62 -3.63045
1.623 -3.62827
1.626 -3.6261
1.629 -3.62392
1.632 -3.62173
1.635 -3.61954
1.638 -3.61735
1.641 -3.61515
1.644 -3.61295
1.647 -3.61074
1.65 -3.60852
1.653 -3.60631
1.656 -3.60408
1.659 -3.60185
1.662 -3.59962
1.665 -3.59738
1.668 -3.59513
1.671 -3.59288
1.674 -3.59062
1.677 -3.58836
1.68 -3.58609
1.683 -3.58381
1.686 -3.58153
1.689 -3.57924
1.692 -3.57695
1.695 -3.57465
1.698 -3.57234
1.701 -3.57003
1.704 -3.56771
1.707 -3.56539
1.71 -3.56306
1.713 -3.56072
1.716 -3.55838
1.719 -3.55603
1.722 -3.55367
1.725 -3.5513
1.728 -3.54893
1.731 -3.54656
1.734 -3.54418
1.737 -3.54179
1.74 -3.53939
1.743 -3.53699
1.746 -3.53458
1.749 -3.53217
1.752 -3.52974
1.755 -3.52732
1.758 -3.52488
1.761 -3.52244
1.764 -3.52
1.767 -3.51754
1.77 -3.51509
1.773 -3.51262
1.776 -3.51015
1.779 -3.50767
1.782 -3.50519
1.785 -3.5027
1.788 -3.50021
1.791 -3.49771
1.794 -3.49521
1.797 -3.4927
1.8 -3.49018
1.803 -3.48766
1.806 -3.48513
1.809 -3.4826
1.812 -3.48007
1.815 -3.47753
1.818 -3.47498
1.821 -3.47243
1.824 -3.46987
1.827 -3.46732
1.83 -3.46475
1.833 -3.46218
1.836 -3.45961
1.839 -3.45704
1.842 -3.45446
1.845 -3.45188
1.848 -3.44929
1.851 -3.4467
1.854 -3.44411
1.857 -3.44151
1.86 -3.43892
1.863 -3.43632
1.866 -3.43371
1.869 -3.43111
1.872 -3.4285
1.875 -3.42589
1.878 -3.42328
1.881 -3.42067
1.884 -3.41805
1.887 -3.41544
1.89 -3.41282
1.893 -3.4102
1.896 -3.40758
1.899 -3.40497
1.902 -3.40235
1.905 -3.39973
1.908 -3.39711
1.911 -3.39449
1.914 -3.39187
1.917 -3.38926
1.92 -3.38664
1.923 -3.38403
1.926 -3.38141
1.929 -3.3788
1.932 -3.37619
1.935 -3.37358
1.938 -3.37098
1.941 -3.36837
1.944 -3.36577
1.947 -3.36317
1.95 -3.36058
1.953 -3.35799
1.956 -3.3554
1.959 -3.35281
1.962 -3.35023
1.965 -3.34766
1.968 -3.34508
1.971 -3.34252
1.974 -3.33995
1.977 -3.3374
1.98 -3.33484
1.983 -3.3323
1.986 -3.32975
1.989 -3.32722
1.992 -3.32469
1.995 -3.32217
1.998 -3.31965
2.001 -3.31714
2.004 -3.31464
2.007 -3.31215
2.01 -3.30966
2.013 -3.30718
2.016 -3.30471
2.019 -3.30225
2.022 -3.29979
2.025 -3.29734
2.028 -3.29491
2.031 -3.29248
2.034 -3.29006
2.037 -3.28765
2.04 -3.28525
2.043 -3.28286
2.046 -3.28048
2.049 -3.27811
2.052 -3.27576
2.055 -3.27341
2.058 -3.27107
2.061 -3.26875
2.064 -3.26644
2.067 -3.26413
2.07 -3.26185
2.073 -3.25957
2.076 -3.2573
2.079 -3.25505
2.082 -3.25281
2.085 -3.25059
2.088 -3.24837
2.091 -3.24617
2.094 -3.24399
2.097 -3.24182
2.1 -3.23966
2.103 -3.23752
2.106 -3.23539
2.109 -3.23327
2.112 -3.23117
2.115 -3.22909
2.118 -3.22702
2.121 -3.22497
2.124 -3.22293
2.127 -3.22091
2.13 -3.2189
2.133 -3.21691
2.136 -3.21494
2.139 -3.21298
2.142 -3.21105
2.145 -3.20912
2.148 -3.20722
2.151 -3.20533
2.154 -3.20346
2.157 -3.20161
2.16 -3.19977
2.163 -3.19795
2.166 -3.19616
2.169 -3.19437
2.172 -3.19261
2.175 -3.19087
2.178 -3.18915
2.181 -3.18744
2.184 -3.18575
2.187 -3.18409
2.19 -3.18244
2.193 -3.18081
2.196 -3.1792
2.199 -3.17761
2.202 -3.17604
2.205 -3.17449
2.208 -3.17296
2.211 -3.17145
2.214 -3.16996
2.217 -3.16849
2.22 -3.16705
2.223 -3.16562
2.226 -3.16421
2.229 -3.16282
2.232 -3.16146
2.235 -3.16011
2.238 -3.15879
2.241 -3.15749
2.244 -3.1562
2.247 -3.15494
2.25 -3.1537
2.253 -3.15248
2.256 -3.15129
2.259 -3.15011
2.262 -3.14896
2.265 -3.14782
2.268 -3.14671
2.271 -3.14562
2.274 -3.14455
2.277 -3.1435
2.28 -3.14247
2.283 -3.14147
2.286 -3.14048
2.289 -3.13952
2.292 -3.13858
2.295 -3.13766
2.298 -3.13676
2.301 -3.13588
2.304 -3.13502
2.307 -3.13419
2.31 -3.13337
2.313 -3.13258
2.316 -3.1318
2.319 -3.13105
2.322 -3.13032
2.325 -3.12961
2.328 -3.12892
2.331 -3.12825
2.334 -3.1276
2.337 -3.12697
2.34 -3.12636
2.343 -3.12578
2.346 -3.12521
2.349 -3.12466
2.352 -3.12413
2.355 -3.12362
2.358 -3.12313
2.361 -3.12266
2.364 -3.12221
2.367 -3.12178
2.37 -3.12137
2.373 -3.12098
2.376 -3.12061
2.379 -3.12025
2.382 -3.11991
2.385 -3.1196
2.388 -3.1193
2.391 -3.11901
2.394 -3.11875
2.397 -3.1185
2.4 -3.11827
2.403 -3.11806
2.406 -3.11787
2.409 -3.11769
2.412 -3.11753
2.415 -3.11739
2.418 -3.11726
2.421 -3.11715
2.424 -3.11706
2.427 -3.11698
2.43 -3.11692
2.433 -3.11687
2.436 -3.11684
2.439 -3.11683
2.442 -3.11683
2.445 -3.11684
2.448 -3.11687
2.451 -3.11692
2.454 -3.11697
2.457 -3.11705
2.46 -3.11713
2.463 -3.11723
2.466 -3.11735
2.469 -3.11747
2.472 -3.11762
2.475 -3.11777
2.478 -3.11794
2.481 -3.11811
2.484 -3.11831
2.487 -3.11851
2.49 -3.11873
2.493 -3.11895
2.496 -3.11919
2.499 -3.11945
2.502 -3.11971
2.505 -3.11998
2.508 -3.12027
2.511 -3.12056
2.514 -3.12087
2.517 -3.12118
2.52 -3.12151
2.523 -3.12185
2.526 -3.12219
2.529 -3.12255
2.532 -3.12292
2.535 -3.12329
2.538 -3.12367
2.541 -3.12407
2.544 -3.12447
2.547 -3.12488
2.55 -3.1253
2.553 -3.12572
2.556 -3.12616
2.559 -3.1266
2.562 -3.12705
2.565 -3.12751
2.568 -3.12797
2.571 -3.12845
2.574 -3.12893
2.577 -3.12941
2.58 -3.12991
2.583 -3.13041
2.586 -3.13091
2.589 -3.13143
2.592 -3.13194
2.595 -3.13247
2.598 -3.133
2.601 -3.13354
2.604 -3.13408
2.607 -3.13462
2.61 -3.13518
2.613 -3.13573
2.616 -3.1363
2.619 -3.13686
2.622 -3.13743
2.625 -3.13801
2.628 -3.13859
2.631 -3.13918
2.634 -3.13977
2.637 -3.14036
2.64 -3.14096
2.643 -3.14156
2.646 -3.14216
2.649 -3.14277
2.652 -3.14338
2.655 -3.14399
2.658 -3.14461
2.661 -3.14523
2.664 -3.14586
2.667 -3.14648
2.67 -3.14711
2.673 -3.14774
2.676 -3.14838
2.679 -3.14902
2.682 -3.14965
2.685 -3.1503
2.688 -3.15094
2.691 -3.15158
2.694 -3.15223
2.697 -3.15288
2.7 -3.15353
2.703 -3.15418
2.706 -3.15484
2.709 -3.15549
2.712 -3.15615
2.715 -3.15681
2.718 -3.15747
2.721 -3.15813
2.724 -3.15879
2.727 -3.15945
2.73 -3.16012
2.733 -3.16078
2.736 -3.16145
2.739 -3.16211
2.742 -3.16278
2.745 -3.16344
2.748 -3.16411
2.751 -3.16478
2.754 -3.16545
2.757 -3.16611
2.76 -3.16678
2.763 -3.16745
2.766 -3.16812
2.769 -3.16879
2.772 -3.16946
2.775 -3.17012
2.778 -3.17079
2.781 -3.17146
2.784 -3.17213
2.787 -3.17279
2.79 -3.17346
2.793 -3.17413
2.796 -3.17479
2.799 -3.17546
2.802 -3.17612
2.805 -3.17679
2.808 -3.17745
2.811 -3.17811
2.814 -3.17878
2.817 -3.17944
2.82 -3.1801
2.823 -3.18076
2.826 -3.18142
2.829 -3.18207
2.832 -3.18273
2.835 -3.18339
2.838 -3.18404
2.841 -3.18469
2.844 -3.18535
2.847 -3.186
2.85 -3.18665
2.853 -3.1873
2.856 -3.18794
2.859 -3.18859
2.862 -3.18923
2.865 -3.18988
2.868 -3.19052
2.871 -3.19116
2.874 -3.1918
2.877 -3.19244
2.88 -3.19307
2.883 -3.19371
2.886 -3.19434
2.889 -3.19497
2.892 -3.1956
2.895 -3.19623
2.898 -3.19686
2.901 -3.19748
2.904 -3.19811
2.907 -3.19873
2.91 -3.19935
2.913 -3.19997
2.916 -3.20058
2.919 -3.2012
2.922 -3.20181
2.925 -3.20242
2.928 -3.20303
2.931 -3.20364
2.934 -3.20425
2.937 -3.20485
2.94 -3.20545
2.943 -3.20605
2.946 -3.20665
2.949 -3.20725
2.952 -3.20784
2.955 -3.20844
2.958 -3.20903
2.961 -3.20962
2.964 -3.21021
2.967 -3.21079
2.97 -3.21137
2.973 -3.21196
2.976 -3.21254
2.979 -3.21311
2.982 -3.21369
2.985 -3.21426
2.988 -3.21483
2.991 -3.2154
2.994 -3.21597
2.997 -3.21654
3 -3.2171
3.001 -10
