0 5
0.003 4.71253
0.006 4.72078
0.009 4.72902
0.012 4.73727
0.015 4.74551
0.018 4.75375
0.021 4.76199
0.024 4.77022
0.027 4.77845
0.03 4.78666
0.033 4.79487
0.036 4.80306
0.039 4.81125
0.042 4.81942
0.045 4.82758
0.048 4.83573
0.051 4.84386
0.054 4.85197
0.057 4.86007
0.06 4.86815
0.063 4.87621
0.066 4.88425
0.069 4.89227
0.072 4.90027
0.075 4.90825
0.078 4.91621
0.081 4.92414
0.084 4.93205
0.087 4.93993
0.09 4.94779
0.093 4.95563
0.096 4.96343
0.099 4.97121
0.102 4.97896
0.105 4.98669
0.108 4.99438
0.111 5.00205
0.114 5.00968
0.117 5.01729
0.12 5.02486
0.123 5.0324
0.126 5.03991
0.129 5.04739
0.132 5.05483
0.135 5.06224
0.138 5.06961
0.141 5.07695
0.144 5.08426
0.147 5.09153
0.15 5.09876
0.153 5.10595
0.156 5.11311
0.159 5.12022
0.162 5.1273
0.165 5.13434
0.168 5.14134
0.171 5.14829
0.174 5.15521
0.177 5.16208
0.18 5.16891
0.183 5.17569
0.186 5.18243
0.189 5.18913
0.192 5.19577
0.195 5.20238
0.198 5.20893
0.201 5.21543
0.204 5.22189
0.207 5.2283
0.21 5.23465
0.213 5.24095
0.216 5.2472
0.219 5.2534
0.222 5.25955
0.225 5.26563
0.228 5.27167
0.231 5.27764
0.234 5.28356
0.237 5.28942
0.24 5.29522
0.243 5.30097
0.246 5.30665
0.249 5.31227
0.252 5.31783
0.255 5.32332
0.258 5.32876
0.261 5.33412
0.264 5.33943
0.267 5.34467
0.27 5.34984
0.273 5.35494
0.276 5.35998
0.279 5.36495
0.282 5.36985
0.285 5.37469
0.288 5.37945
0.291 5.38415
0.294 5.38877
0.297 5.39332
0.3 5.39781
0.303 5.40222
0.306 5.40656
0.309 5.41083
0.312 5.41503
0.315 5.41915
0.318 5.4232
0.321 5.42719
0.324 5.43109
0.327 5.43493
0.33 5.4387
0.333 5.44239
0.336 5.44601
0.339 5.44956
0.342 5.45304
0.345 5.45644
0.348 5.45978
0.351 5.46304
0.354 5.46624
0.357 5.46936
0.36 5.47241
0.363 5.4754
0.366 5.47831
0.369 5.48116
0.372 5.48394
0.375 5.48666
0.378 5.4893
0.381 5.49188
0.384 5.4944
0.387 5.49685
0.39 5.49924
0.393 5.50156
0.396 5.50382
0.399 5.50602
0.402 5.50816
0.405 5.51024
0.408 5.51226
0.411 5.51422
0.414 5.51612
0.417 5.51797
0.42 5.51976
0.423 5.5215
0.426 5.52318
0.429 5.52481
0.432 5.52639
0.435 5.52791
0.438 5.52939
0.441 5.53081
0.444 5.53219
0.447 5.53352
0.45 5.5348
0.453 5.53604
0.456 5.53723
0.459 5.53838
0.462 5.53949
0.465 5.54056
0.468 5.54158
0.471 5.54256
0.474 5.54351
0.477 5.54442
0.48 5.54529
0.483 5.54612
0.486 5.54692
0.489 5.54768
0.492 5.54841
0.495 5.54911
0.498 5.54977
0.501 5.55041
0.504 5.55101
0.507 5.55159
0.51 5.55213
0.513 5.55265
0.516 5.55314
0.519 5.55361
0.522 5.55404
0.525 5.55446
0.528 5.55485
0.531 5.55522
0.534 5.55556
0.537 5.55589
0.54 5.55619
0.543 5.55647
0.546 5.55673
0.549 5.55698
0.552 5.5572
0.555 5.55741
0.558 5.5576
0.561 5.55777
0.564 5.55793
0.567 5.55807
0.57 5.5582
0.573 5.55831
0.576 5.55841
0.579 5.55849
0.582 5.55856
0.585 5.55862
0.588 5.55867
0.591 5.55871
0.594 5.55873
0.597 5.55875
0.6 5.55875
0.603 5.55875
0.606 5.55873
0.609 5.55871
0.612 5.55868
0.615 5.55864
0.618 5.55859
0.621 5.55853
0.624 5.55847
0.627 5.5584
0.63 5.55832
0.633 5.55824
0.636 5.55815
0.639 5.55806
0.642 5.55796
0.645 5.55786
0.648 5.55775
0.651 5.55764
0.654 5.55752
0.657 5.5574
0.66 5.55727
0.663 5.55714
0.666 5.55701
0.669 5.55687
0.672 5.55674
0.675 5.55659
0.678 5.55645
0.681 5.5563
0.684 5.55615
0.687 5.556
0.69 5.55585
0.693 5.5557
0.696 5.55554
0.699 5.55538
0.702 5.55522
0.705 5.55506
0.708 5.5549
0.711 5.55473
0.714 5.55457
0.717 5.5544
0.72 5.55424
0.723 5.55407
0.726 5.55391
0.729 5.55374
0.732 5.55357
0.735 5.5534
0.738 5.55323
0.741 5.55306
0.744 5.55289
0.747 5.55273
0.75 5.55256
0.753 5.55239
0.756 5.55222
0.759 5.55205
0.762 5.55188
0.765 5.55171
0.768 5.55155
0.771 5.55138
0.774 5.55121
0.777 5.55104
0.78 5.55088
0.783 5.55071
0.786 5.55055
0.789 5.55038
0.792 5.55022
0.795 5.55005
0.798 5.54989
0.801 5.54973
0.804 5.54957
0.807 5.54941
0.81 5.54925
0.813 5.54909
0.816 5.54893
0.819 5.54877
0.822 5.54861
0.825 5.54845
0.828 5.5483
0.831 5.54814
0.834 5.54798
0.837 5.54783
0.84 5.54768
0.843 5.54752
0.846 5.54737
0.849 5.54722
0.852 5.54707
0.855 5.54692
0.858 5.54677
0.861 5.54662
0.864 5.54647
0.867 5.54632
0.87 5.54617
0.873 5.54603
0.876 5.54588
0.879 5.54573
0.882 5.54559
0.885 5.54544
0.888 5.5453
0.891 5.54515
0.894 5.54501
0.897 5.54487
0.9 5.54472
0.903 5.54458
0.906 5.54444
0.909 5.5443
0.912 5.54415
0.915 5.54401
0.918 5.54387
0.921 5.54373
0.924 5.54359
0.927 5.54345
0.93 5.54331
0.933 5.54317
0.936 5.54303
0.939 5.54289
0.942 5.54275
0.945 5.54261
0.948 5.54247
0.951 5.54233
0.954 5.54219
0.957 5.54205
0.96 5.54191
0.963 5.54177
0.966 5.54163
0.969 5.54149
0.972 5.54135
0.975 5.54121
0.978 5.54106
0.981 5.54092
0.984 5.54078
0.987 5.54064
0.99 5.54049
0.993 5.54035
0.996 5.54021
0.999 5.54006
1.002 5.53992
1.005 5.53977
1.008 5.53963
1.011 5.53948
1.014 5.53933
1.017 5.53918
1.02 5.53903
1.023 5.53888
1.026 5.53873
1.029 5.53858
1.032 5.53843
1.035 5.53828
1.038 5.53812
1.041 5.53797
1.044 5.53781
1.047 5.53765
1.05 5.53749
1.053 5.53733
1.056 5.53717
1.059 5.53701
1.062 5.53685
1.065 5.53668
1.068 5.53652
1.071 5.53635
1.074 5.53618
1.077 5.53601
1.08 5.53584
1.083 5.53567
1.086 5.53549
1.089 5.53532
1.092 5.53514
1.095 5.53496
1.098 5.53478
1.101 5.53459
1.104 5.53441
1.107 5.53422
1.11 5.53403
1.113 5.53384
1.116 5.53365
1.119 5.53346
1.122 5.53326
1.125 5.53306
1.128 5.53286
1.131 5.53266
1.134 5.53245
1.137 5.53224
1.14 5.53203
1.143 5.53182
1.146 5.53161
1.149 5.53139
1.152 5.53117
1.155 5.53095
1.158 5.53072
1.161 5.53049
1.164 5.53026
1.167 5.53003
1.17 5.52979
1.173 5.52955
1.176 5.52931
1.179 5.52907
1.182 5.52882
1.185 5.52857
1.188 5.52831
1.191 5.52805
1.194 5.52779
1.197 5.52753
1.2 5.52726
1.203 5.52699
1.206 5.52672
1.209 5.52644
1.212 5.52616
1.215 5.52587
1.218 5.52558
1.221 5.52529
1.224 5.52499
1.227 5.52469
1.23 5.52439
1.233 5.52408
1.236 5.52377
1.239 5.52345
1.242 5.52313
1.245 5.5228
1.248 5.52247
1.251 5.52214
1.254 5.5218
1.257 5.52146
1.26 5.52111
1.263 5.52075
1.266 5.5204
1.269 5.52003
1.272 5.51967
1.275 5.51929
1.278 5.51892
1.281 5.51853
1.284 5.51814
1.287 5.51775
1.29 5.51735
1.293 5.51695
1.296 5.51654
1.299 5.51612
1.302 5.5157
1.305 5.51527
1.308 5.51484
1.311 5.5144
1.314 5.51395
1.317 5.5135
1.32 5.51304
1.323 5.51258
1.326 5.51211
1.329 5.51163
1.332 5.51115
1.335 5.51066
1.338 5.51016
1.341 5.50965
1.344 5.50914
1.347 5.50862
1.35 5.5081
1.353 5.50756
1.356 5.50702
1.359 5.50647
1.362 5.50592
1.365 5.50535
1.368 5.50478
1.371 5.5042
1.374 5.50361
1.377 5.50301
1.38 5.50241
1.383 5.5018
1.386 5.50117
1.389 5.50054
1.392 5.4999
1.395 5.49925
1.398 5.4986
1.401 5.49793
1.404 5.49725
1.407 5.49657
1.41 5.49587
1.413 5.49517
1.416 5.49445
1.419 5.49373
1.422 5.493
1.425 5.49225
1.428 5.4915
1.431 5.49073
1.434 5.48995
1.437 5.48917
1.44 5.48837
1.443 5.48756
1.446 5.48674
1.449 5.48591
1.452 5.48506
1.455 5.48421
1.458 5.48334
1.461 5.48246
1.464 5.48157
1.467 5.48067
1.47 5.47975
1.473 5.47883
1.476 5.47788
1.479 5.47693
1.482 5.47596
1.485 5.47498
1.488 5.47399
1.491 5.47298
1.494 5.47196
1.497 5.47093
1.5 5.46988
1.503 5.46882
1.506 5.46774
1.509 5.46665
1.512 5.46555
1.515 5.46443
1.518 5.46329
1.521 5.46214
1.524 5.46097
1.527 5.45979
1.53 5.45859
1.533 5.45738
1.536 5.45615
1.539 5.4549
1.542 5.45364
1.545 5.45236
1.548 5.45107
1.551 5.44976
1.554 5.44843
1.557 5.44708
1.56 5.44572
1.563 5.44433
1.566 5.44293
1.569 5.44152
1.572 5.44008
1.575 5.43863
1.578 5.43715
1.581 5.43566
1.584 5.43415
1.587 5.43262
1.59 5.43107
1.593 5.42951
1.596 5.42792
1.599 5.42631
1.602 5.42468
1.605 5.42304
1.608 5.42137
1.611 5.41968
1.614 5.41797
1.617 5.41624
1.62 5.41449
1.623 5.41272
1.626 5.41093
1.629 5.40911
1.632 5.40728
1.635 5.40542
1.638 5.40354
1.641 5.40164
1.644 5.39972
1.647 5.39777
1.65 5.3958
1.653 5.39381
1.656 5.3918
1.659 5.38977
1.662 5.38771
1.665 5.38563
1.668 5.38352
1.671 5.38139
1.674 5.37924
1.677 5.37707
1.68 5.37487
1.683 5.37265
1.686 5.3704
1.689 5.36813
1.692 5.36584
1.695 5.36352
1.698 5.36118
1.701 5.35881
1.704 5.35642
1.707 5.35401
1.71 5.35157
1.713 5.34911
1.716 5.34662
1.719 5.34411
1.722 5.34158
1.725 5.33902
1.728 5.33644
1.731 5.33383
1.734 5.3312
1.737 5.32854
1.74 5.32586
1.743 5.32315
1.746 5.32043
1.749 5.31767
1.752 5.3149
1.755 5.31209
1.758 5.30927
1.761 5.30642
1.764 5.30355
1.767 5.30065
1.77 5.29773
1.773 5.29479
1.776 5.29182
1.779 5.28883
1.782 5.28582
1.785 5.28278
1.788 5.27973
1.791 5.27665
1.794 5.27354
1.797 5.27042
1.8 5.26727
1.803 5.2641
1.806 5.26091
1.809 5.2577
1.812 5.25447
1.815 5.25121
1.818 5.24794
1.821 5.24464
1.824 5.24133
1.827 5.238
1.83 5.23464
1.833 5.23127
1.836 5.22787
1.839 5.22446
1.842 5.22103
1.845 5.21759
1.848 5.21412
1.851 5.21064
1.854 5.20714
1.857 5.20362
1.86 5.20009
1.863 5.19654
1.866 5.19297
1.869 5.18939
1.872 5.1858
1.875 5.18219
1.878 5.17856
1.881 5.17492
1.884 5.17127
1.887 5.16761
1.89 5.16393
1.893 5.16024
1.896 5.15654
1.899 5.15282
1.902 5.1491
1.905 5.14536
1.908 5.14162
1.911 5.13786
1.914 5.1341
1.917 5.13032
1.92 5.12654
1.923 5.12275
1.926 5.11895
1.929 5.11514
1.932 5.11133
1.935 5.10751
1.938 5.10368
1.941 5.09985
1.944 5.09601
1.947 5.09217
1.95 5.08832
1.953 5.08447
1.956 5.08062
1.959 5.07676
1.962 5.07289
1.965 5.06903
1.968 5.06516
1.971 5.06129
1.974 5.05742
1.977 5.05355
1.98 5.04968
1.983 5.04581
1.986 5.04193
1.989 5.03806
1.992 5.03419
1.995 5.03032
1.998 5.02645
2.001 5.02258
2.004 5.01872
2.007 5.01485
2.01 5.01099
2.013 5.00713
2.016 5.00328
2.019 4.99943
2.022 4.99558
2.025 4.99174
2.028 4.9879
2.031 4.98406
2.034 4.98023
2.037 4.97641
2.04 4.97259
2.043 4.96878
2.046 4.96497
2.049 4.96117
2.052 4.95738
2.055 4.95359
2.058 4.94981
2.061 4.94603
2.064 4.94227
2.067 4.93851
2.07 4.93475
2.073 4.93101
2.076 4.92727
2.079 4.92355
2.082 4.91983
2.085 4.91611
2.088 4.91241
2.091 4.90872
2.094 4.90503
2.097 4.90135
2.1 4.89769
2.103 4.89403
2.106 4.89038
2.109 4.88674
2.112 4.88311
2.115 4.87949
2.118 4.87588
2.121 4.87228
2.124 4.86869
2.127 4.8651
2.13 4.86153
2.133 4.85797
2.136 4.85442
2.139 4.85088
2.142 4.84735
2.145 4.84383
2.148 4.84032
2.151 4.83682
2.154 4.83333
2.157 4.82985
2.16 4.82638
2.163 4.82292
2.166 4.81947
2.169 4.81603
2.172 4.81261
2.175 4.80919
2.178 4.80578
2.181 4.80239
2.184 4.799
2.187 4.79563
2.19 4.79226
2.193 4.78891
2.196 4.78557
2.199 4.78223
2.202 4.77891
2.205 4.7756
2.208 4.7723
2.211 4.76901
2.214 4.76573
2.217 4.76246
2.22 4.75919
2.223 4.75594
2.226 4.7527
2.229 4.74947
2.232 4.74626
2.235 4.74305
2.238 4.73985
2.241 4.73666
2.244 4.73348
2.247 4.73031
2.25 4.72715
2.253 4.724
2.256 4.72086
2.259 4.71773
2.262 4.71461
2.265 4.7115
2.268 4.7084
2.271 4.70531
2.274 4.70223
2.277 4.69916
2.28 4.69609
2.283 4.69304
2.286 4.69
2.289 4.68696
2.292 4.68394
2.295 4.68093
2.298 4.67792
2.301 4.67492
2.304 4.67194
2.307 4.66896
2.31 4.66599
2.313 4.66303
2.316 4.66008
2.319 4.65714
2.322 4.6542
2.325 4.65128
2.328 4.64836
2.331 4.64546
2.334 4.64256
2.337 4.63967
2.34 4.63679
2.343 4.63392
2.346 4.63106
2.349 4.6282
2.352 4.62536
2.355 4.62252
2.358 4.61969
2.361 4.61687
2.364 4.61406
2.367 4.61126
2.37 4.60846
2.373 4.60567
2.376 4.6029
2.379 4.60013
2.382 4.59736
2.385 4.59461
2.388 4.59186
2.391 4.58913
2.394 4.5864
2.397 4.58368
2.4 4.58096
2.403 4.57826
2.406 4.57556
2.409 4.57287
2.412 4.57019
2.415 4.56751
2.418 4.56485
2.421 4.56219
2.424 4.55954
2.427 4.5569
2.43 4.55426
2.433 4.55164
2.436 4.54902
2.439 4.54641
2.442 4.5438
2.445 4.54121
2.448 4.53862
2.451 4.53604
2.454 4.53347
2.457 4.5309
2.46 4.52834
2.463 4.52579
2.466 4.52325
2.469 4.52072
2.472 4.51819
2.475 4.51567
2.478 4.51315
2.481 4.51065
2.484 4.50815
2.487 4.50566
2.49 4.50318
2.493 4.5007
2.496 4.49823
2.499 4.49577
2.502 4.49332
2.505 4.49087
2.508 4.48843
2.511 4.486
2.514 4.48358
2.517 4.48116
2.52 4.47875
2.523 4.47635
2.526 4.47395
2.529 4.47157
2.532 4.46918
2.535 4.46681
2.538 4.46444
2.541 4.46208
2.544 4.45973
2.547 4.45739
2.55 4.45505
2.553 4.45272
2.556 4.4504
2.559 4.44808
2.562 4.44577
2.565 4.44347
2.568 4.44117
2.571 4.43888
2.574 4.4366
2.577 4.43433
2.58 4.43206
2.583 4.4298
2.586 4.42755
2.589 4.4253
2.592 4.42306
2.595 4.42083
2.598 4.41861
2.601 4.41639
2.604 4.41418
2.607 4.41197
2.61 4.40978
2.613 4.40759
2.616 4.4054
2.619 4.40323
2.622 4.40106
2.625 4.39889
2.628 4.39674
2.631 4.39459
2.634 4.39245
2.637 4.39031
2.64 4.38818
2.643 4.38606
2.646 4.38395
2.649 4.38184
2.652 4.37974
2.655 4.37764
2.658 4.37556
2.661 4.37348
2.664 4.3714
2.667 4.36934
2.67 4.36728
2.673 4.36522
2.676 4.36317
2.679 4.36113
2.682 4.3591
2.685 4.35707
2.688 4.35505
2.691 4.35304
2.694 4.35103
2.697 4.34903
2.7 4.34704
2.703 4.34505
2.706 4.34307
2.709 4.3411
2.712 4.33913
2.715 4.33717
2.718 4.33522
2.721 4.33327
2.724 4.33133
2.727 4.32939
2.73 4.32747
2.733 4.32554
2.736 4.32363
2.739 4.32172
2.742 4.31982
2.745 4.31792
2.748 4.31603
2.751 4.31415
2.754 4.31228
2.757 4.31041
2.76 4.30854
2.763 4.30668
2.766 4.30483
2.769 4.30299
2.772 4.30115
2.775 4.29932
2.778 4.29749
2.781 4.29568
2.784 4.29386
2.787 4.29206
2.79 4.29026
2.793 4.28846
2.796 4.28667
2.799 4.28489
2.802 4.28312
2.805 4.28135
2.808 4.27959
2.811 4.27783
2.814 4.27608
2.817 4.27433
2.82 4.27259
2.823 4.27086
2.826 4.26914
2.829 4.26742
2.832 4.2657
2.835 4.26399
2.838 4.26229
2.841 4.2606
2.844 4.2589
2.847 4.25722
2.85 4.25554
2.853 4.25387
2.856 4.2522
2.859 4.25054
2.862 4.24889
2.865 4.24724
2.868 4.2456
2.871 4.24396
2.874 4.24233
2.877 4.2407
2.88 4.23909
2.883 4.23747
2.886 4.23586
2.889 4.23426
2.892 4.23267
2.895 4.23108
2.898 4.22949
2.901 4.22791
2.904 4.22634
2.907 4.22477
2.91 4.22321
2.913 4.22165
2.916 4.2201
2.919 4.21855
2.922 4.21701
2.925 4.21548
2.928 4.21395
2.931 4.21243
2.934 4.21091
2.937 4.2094
2.94 4.20789
2.943 4.20639
2.946 4.20489
2.949 4.2034
2.952 4.20192
2.955 4.20044
2.958 4.19897
2.961 4.1975
2.964 4.19603
2.967 4.19457
2.97 4.19312
2.973 4.19167
2.976 4.19023
2.979 4.18879
2.982 4.18736
2.985 4.18594
2.988 4.18451
2.991 4.1831
2.994 4.18169
2.997 4.18028
3 4.17888
3.001 5
