0 0
0.003 0.410098
0.006 0.4111
0.009 0.412108
0.012 0.413123
0.015 0.414144
0.018 0.41517
0.021 0.416203
0.024 0.417243
0.027 0.418288
0.03 0.41934
0.033 0.420398
0.036 0.421462
0.039 0.422532
0.042 0.423609
0.045 0.424692
0.048 0.425782
0.051 0.426878
0.054 0.42798
0.057 0.429089
0.06 0.430204
0.063 0.431326
0.066 0.432454
0.069 0.433589
0.072 0.43473
0.075 0.435878
0.078 0.437032
0.081 0.438193
0.084 0.43936
0.087 0.440534
0.09 0.441714
0.093 0.442901
0.096 0.444095
0.099 0.445295
0.102 0.446502
0.105 0.447716
0.108 0.448936
0.111 0.450163
0.114 0.451397
0.117 0.452638
0.12 0.453885
0.123 0.455139
0.126 0.4564
0.129 0.457667
0.132 0.458941
0.135 0.460222
0.138 0.46151
0.141 0.462805
0.144 0.464106
0.147 0.465415
0.15 0.46673
0.153 0.468052
0.156 0.469381
0.159 0.470716
0.162 0.472059
0.165 0.473408
0.168 0.474765
0.171 0.476128
0.174 0.477498
0.177 0.478875
0.18 0.480259
0.183 0.48165
0.186 0.483048
0.189 0.484453
0.192 0.485864
0.195 0.487283
0.198 0.488708
0.201 0.490141
0.204 0.49158
0.207 0.493027
0.21 0.49448
0.213 0.49594
0.216 0.497408
0.219 0.498882
0.222 0.500363
0.225 0.501851
0.228 0.503346
0.231 0.504848
0.234 0.506357
0.237 0.507873
0.24 0.509396
0.243 0.510926
0.246 0.512463
0.249 0.514007
0.252 0.515557
0.255 0.517115
0.258 0.518679
0.261 0.520251
0.264 0.521829
0.267 0.523415
0.27 0.525007
0.273 0.526606
0.276 0.528212
0.279 0.529825
0.282 0.531445
0.285 0.533071
0.288 0.534705
0.291 0.536345
0.294 0.537992
0.297 0.539647
0.3 0.541307
0.303 0.542975
0.306 0.54465
0.309 0.546331
0.312 0.548019
0.315 0.549714
0.318 0.551416
0.321 0.553124
0.324 0.554839
0.327 0.556561
0.33 0.55829
0.333 0.560025
0.336 0.561767
0.339 0.563516
0.342 0.565271
0.345 0.567033
0.348 0.568802
0.351 0.570577
0.354 0.572359
0.357 0.574147
0.36 0.575942
0.363 0.577743
0.366 0.579551
0.369 0.581366
0.372 0.583187
0.375 0.585014
0.378 0.586848
0.381 0.588688
0.384 0.590535
0.387 0.592388
0.39 0.594247
0.393 0.596113
0.396 0.597985
0.399 0.599863
0.402 0.601748
0.405 0.603639
0.408 0.605536
0.411 0.607439
0.414 0.609349
0.417 0.611265
0.42 0.613187
0.423 0.615115
0.426 0.617049
0.429 0.618989
0.432 0.620935
0.435 0.622888
0.438 0.624846
0.441 0.62681
0.444 0.62878
0.447 0.630756
0.45 0.632738
0.453 0.634726
0.456 0.63672
0.459 0.63872
0.462 0.640725
0.465 0.642736
0.468 0.644753
0.471 0.646776
0.474 0.648804
0.477 0.650838
0.48 0.652878
0.483 0.654923
0.486 0.656974
0.489 0.659031
0.492 0.661093
0.495 0.66316
0.498 0.665233
0.501 0.667312
0.504 0.669396
0.507 0.671485
0.51 0.67358
0.513 0.67568
0.516 0.677785
0.519 0.679896
0.522 0.682012
0.525 0.684133
0.528 0.686259
0.531 0.688391
0.534 0.690527
0.537 0.692669
0.54 0.694816
0.543 0.696968
0.546 0.699126
0.549 0.701288
0.552 0.703455
0.555 0.705627
0.558 0.707804
0.561 0.709986
0.564 0.712173
0.567 0.714365
0.57 0.716562
0.573 0.718763
0.576 0.720969
0.579 0.72318
0.582 0.725396
0.585 0.727617
0.588 0.729842
0.591 0.732072
0.594 0.734306
0.597 0.736545
0.6 0.738789
0.603 0.741037
0.606 0.74329
0.609 0.745547
0.612 0.747809
0.615 0.750075
0.618 0.752346
0.621 0.754621
0.624 0.756901
0.627 0.759185
0.63 0.761473
0.633 0.763766
0.636 0.766063
0.639 0.768364
0.642 0.77067
0.645 0.77298
0.648 0.775294
0.651 0.777612
0.654 0.779934
0.657 0.782261
0.66 0.784592
0.663 0.786927
0.666 0.789266
0.669 0.791609
0.672 0.793956
0.675 0.796307
0.678 0.798662
0.681 0.801021
0.684 0.803385
0.687 0.805752
0.69 0.808123
0.693 0.810498
0.696 0.812877
0.699 0.81526
0.702 0.817647
0.705 0.820038
0.708 0.822433
0.711 0.824831
0.714 0.827233
0.717 0.82964
0.72 0.83205
0.723 0.834463
0.726 0.836881
0.729 0.839302
0.732 0.841727
0.735 0.844156
0.738 0.846589
0.741 0.849025
0.744 0.851465
0.747 0.853909
0.75 0.856356
0.753 0.858807
0.756 0.861262
0.759 0.863721
0.762 0.866183
0.765 0.868649
0.768 0.871118
0.771 0.873591
0.774 0.876068
0.777 0.878548
0.78 0.881032
0.783 0.883519
0.786 0.88601
0.789 0.888505
0.792 0.891003
0.795 0.893505
0.798 0.896011
0.801 0.89852
0.804 0.901032
0.807 0.903548
0.81 0.906068
0.813 0.908591
0.816 0.911118
0.819 0.913648
0.822 0.916182
0.825 0.91872
0.828 0.921261
0.831 0.923805
0.834 0.926353
0.837 0.928905
0.84 0.93146
0.843 0.934019
0.846 0.936581
0.849 0.939147
0.852 0.941717
0.855 0.94429
0.858 0.946866
0.861 0.949446
0.864 0.95203
0.867 0.954617
0.87 0.957208
0.873 0.959803
0.876 0.962401
0.879 0.965002
0.882 0.967607
0.885 0.970216
0.888 0.972828
0.891 0.975444
0.894 0.978064
0.897 0.980687
0.9 0.983314
0.903 0.985944
0.906 0.988579
0.909 0.991216
0.912 0.993858
0.915 0.996503
0.918 0.999152
0.921 1.0018
0.924 1.00446
0.927 1.00712
0.93 1.00978
0.933 1.01245
0.936 1.01512
0.939 1.0178
0.942 1.02048
0.945 1.02316
0.948 1.02584
0.951 1.02853
0.954 1.03123
0.957 1.03393
0.96 1.03663
0.963 1.03933
0.966 1.04204
0.969 1.04475
0.972 1.04747
0.975 1.05019
0.978 1.05292
0.981 1.05565
0.984 1.05838
0.987 1.06112
0.99 1.06386
0.993 1.0666
0.996 1.06935
0.999 1.0721
1.002 1.07486
1.005 1.07762
1.008 1.08039
1.011 1.08316
1.014 1.08593
1.017 1.08871
1.02 1.09149
1.023 1.09427
1.026 1.09706
1.029 1.09986
1.032 1.10266
1.035 1.10546
1.038 1.10827
1.041 1.11108
1.044 1.1139
1.047 1.11672
1.05 1.11954
1.053 1.12237
1.056 1.1252
1.059 1.12804
1.062 1.13088
1.065 1.13373
1.068 1.13658
1.071 1.13944
1.074 1.1423
1.077 1.14516
1.08 1.14803
1.083 1.15091
1.086 1.15379
1.089 1.15667
1.092 1.15956
1.095 1.16245
1.098 1.16535
1.101 1.16826
1.104 1.17116
1.107 1.17408
1.11 1.177
1.113 1.17992
1.116 1.18285
1.119 1.18578
1.122 1.18872
1.125 1.19166
1.128 1.19461
1.131 1.19756
1.134 1.20052
1.137 1.20348
1.14 1.20645
1.143 1.20943
1.146 1.2124
1.149 1.21539
1.152 1.21838
1.155 1.22137
1.158 1.22437
1.161 1.22738
1.164 1.23039
1.167 1.23341
1.17 1.23643
1.173 1.23946
1.176 1.24249
1.179 1.24553
1.182 1.24858
1.185 1.25163
1.188 1.25469
1.191 1.25775
1.194 1.26082
1.197 1.26389
1.2 1.26697
1.203 1.27006
1.206 1.27315
1.209 1.27625
1.212 1.27935
1.215 1.28246
1.218 1.28558
1.221 1.2887
1.224 1.29183
1.227 1.29497
1.23 1.29811
1.233 1.30126
1.236 1.30441
1.239 1.30757
1.242 1.31074
1.245 1.31391
1.248 1.31709
1.251 1.32028
1.254 1.32347
1.257 1.32667
1.26 1.32988
1.263 1.33309
1.266 1.33631
1.269 1.33954
1.272 1.34278
1.275 1.34602
1.278 1.34927
1.281 1.35252
1.284 1.35578
1.287 1.35905
1.29 1.36233
1.293 1.36562
1.296 1.36891
1.299 1.37221
1.302 1.37551
1.305 1.37883
1.308 1.38215
1.311 1.38548
1.314 1.38881
1.317 1.39216
1.32 1.39551
1.323 1.39887
1.326 1.40224
1.329 1.40561
1.332 1.409
1.335 1.41239
1.338 1.41579
1.341 1.4192
1.344 1.42261
1.347 1.42604
1.35 1.42947
1.353 1.43291
1.356 1.43636
1.359 1.43982
1.362 1.44328
1.365 1.44676
1.368 1.45024
1.371 1.45373
1.374 1.45724
1.377 1.46074
1.38 1.46426
1.383 1.46779
1.386 1.47133
1.389 1.47487
1.392 1.47843
1.395 1.48199
1.398 1.48556
1.401 1.48915
1.404 1.49274
1.407 1.49634
1.41 1.49995
1.413 1.50357
1.416 1.5072
1.419 1.51084
1.422 1.51449
1.425 1.51815
1.428 1.52182
1.431 1.5255
1.434 1.52919
1.437 1.53289
1.44 1.5366
1.443 1.54032
1.446 1.54405
1.449 1.54779
1.452 1.55154
1.455 1.5553
1.458 1.55907
1.461 1.56286
1.464 1.56665
1.467 1.57045
1.47 1.57427
1.473 1.5781
1.476 1.58193
1.479 1.58578
1.482 1.58964
1.485 1.59351
1.488 1.5974
1.491 1.60129
1.494 1.60519
1.497 1.60911
1.5 1.61304
1.503 1.61698
1.506 1.62093
1.509 1.6249
1.512 1.62887
1.515 1.63286
1.518 1.63686
1.521 1.64087
1.524 1.6449
1.527 1.64894
1.53 1.65298
1.533 1.65705
1.536 1.66112
1.539 1.66521
1.542 1.66931
1.545 1.67342
1.548 1.67755
1.551 1.68169
1.554 1.68584
1.557 1.69
1.56 1.69418
1.563 1.69837
1.566 1.70258
1.569 1.7068
1.572 1.71103
1.575 1.71527
1.578 1.71953
1.581 1.72381
1.584 1.72809
1.587 1.73239
1.59 1.73671
1.593 1.74104
1.596 1.74538
1.599 1.74974
1.602 1.75411
1.605 1.7585
1.608 1.7629
1.611 1.76732
1.614 1.77175
1.617 1.77619
1.62 1.78065
1.623 1.78513
1.626 1.78962
1.629 1.79412
1.632 1.79864
1.635 1.80318
1.638 1.80773
1.641 1.8123
1.644 1.81688
1.647 1.82148
1.65 1.82609
1.653 1.83072
1.656 1.83537
1.659 1.84003
1.662 1.8447
1.665 1.8494
1.668 1.85411
1.671 1.85883
1.674 1.86357
1.677 1.86833
1.68 1.87311
1.683 1.8779
1.686 1.88271
1.689 1.88753
1.692 1.89237
1.695 1.89723
1.698 1.9021
1.701 1.907
1.704 1.91191
1.707 1.91683
1.71 1.92177
1.713 1.92673
1.716 1.93171
1.719 1.93671
1.722 1.94172
1.725 1.94675
1.728 1.9518
1.731 1.95686
1.734 1.96195
1.737 1.96705
1.74 1.97216
1.743 1.9773
1.746 1.98245
1.749 1.98763
1.752 1.99282
1.755 1.99802
1.758 2.00325
1.761 2.0085
1.764 2.01376
1.767 2.01904
1.77 2.02434
1.773 2.02966
1.776 2.03499
1.779 2.04035
1.782 2.04572
1.785 2.05111
1.788 2.05652
1.791 2.06195
1.794 2.0674
1.797 2.07286
1.8 2.07835
1.803 2.08385
1.806 2.08937
1.809 2.09491
1.812 2.10047
1.815 2.10605
1.818 2.11165
1.821 2.11726
1.824 2.1229
1.827 2.12855
1.83 2.13422
1.833 2.13991
1.836 2.14562
1.839 2.15135
1.842 2.1571
1.845 2.16287
1.848 2.16865
1.851 2.17446
1.854 2.18028
1.857 2.18612
1.86 2.19199
1.863 2.19787
1.866 2.20376
1.869 2.20968
1.872 2.21562
1.875 2.22157
1.878 2.22755
1.881 2.23354
1.884 2.23955
1.887 2.24558
1.89 2.25163
1.893 2.2577
1.896 2.26378
1.899 2.26989
1.902 2.27601
1.905 2.28215
1.908 2.28831
1.911 2.29449
1.914 2.30068
1.917 2.30689
1.92 2.31313
1.923 2.31938
1.926 2.32564
1.929 2.33193
1.932 2.33823
1.935 2.34455
1.938 2.35089
1.941 2.35724
1.944 2.36362
1.947 2.37001
1.95 2.37641
1.953 2.38284
1.956 2.38928
1.959 2.39574
1.962 2.40221
1.965 2.4087
1.968 2.41521
1.971 2.42173
1.974 2.42827
1.977 2.43483
1.98 2.4414
1.983 2.44799
1.986 2.45459
1.989 2.46121
1.992 2.46785
1.995 2.4745
1.998 2.48116
2.001 2.48784
2.004 2.49453
2.007 2.50124
2.01 2.50797
2.013 2.5147
2.016 2.52145
2.019 2.52822
2.022 2.535
2.025 2.54179
2.028 2.54859
2.031 2.55541
2.034 2.56224
2.037 2.56908
2.04 2.57594
2.043 2.58281
2.046 2.58969
2.049 2.59658
2.052 2.60348
2.055 2.6104
2.058 2.61732
2.061 2.62426
2.064 2.6312
2.067 2.63816
2.07 2.64512
2.073 2.6521
2.076 2.65909
2.079 2.66608
2.082 2.67308
2.085 2.6801
2.088 2.68712
2.091 2.69414
2.094 2.70118
2.097 2.70822
2.1 2.71527
2.103 2.72233
2.106 2.7294
2.109 2.73647
2.112 2.74354
2.115 2.75063
2.118 2.75771
2.121 2.76481
2.124 2.7719
2.127 2.779
2.13 2.78611
2.133 2.79322
2.136 2.80033
2.139 2.80745
2.142 2.81456
2.145 2.82168
2.148 2.82881
2.151 2.83593
2.154 2.84305
2.157 2.85018
2.16 2.85731
2.163 2.86443
2.166 2.87156
2.169 2.87868
2.172 2.88581
2.175 2.89293
2.178 2.90005
2.181 2.90717
2.184 2.91428
2.187 2.9214
2.19 2.92851
2.193 2.93561
2.196 2.94271
2.199 2.94981
2.202 2.9569
2.205 2.96399
2.208 2.97107
2.211 2.97814
2.214 2.98521
2.217 2.99227
2.22 2.99932
2.223 3.00637
2.226 3.0134
2.229 3.02043
2.232 3.02745
2.235 3.03446
2.238 3.04145
2.241 3.04844
2.244 3.05542
2.247 3.06238
2.25 3.06934
2.253 3.07628
2.256 3.0832
2.259 3.09012
2.262 3.09702
2.265 3.10391
2.268 3.11078
2.271 3.11764
2.274 3.12448
2.277 3.13131
2.28 3.13812
2.283 3.14491
2.286 3.15169
2.289 3.15844
2.292 3.16519
2.295 3.17191
2.298 3.17861
2.301 3.18529
2.304 3.19196
2.307 3.1986
2.31 3.20523
2.313 3.21183
2.316 3.21841
2.319 3.22497
2.322 3.2315
2.325 3.23802
2.328 3.24451
2.331 3.25098
2.334 3.25742
2.337 3.26384
2.34 3.27023
2.343 3.2766
2.346 3.28294
2.349 3.28926
2.352 3.29555
2.355 3.30182
2.358 3.30805
2.361 3.31426
2.364 3.32044
2.367 3.3266
2.37 3.33272
2.373 3.33882
2.376 3.34489
2.379 3.35092
2.382 3.35693
2.385 3.36291
2.388 3.36885
2.391 3.37477
2.394 3.38065
2.397 3.3865
2.4 3.39232
2.403 3.39811
2.406 3.40387
2.409 3.40959
2.412 3.41528
2.415 3.42093
2.418 3.42656
2.421 3.43215
2.424 3.4377
2.427 3.44322
2.43 3.4487
2.433 3.45415
2.436 3.45957
2.439 3.46495
2.442 3.47029
2.445 3.4756
2.448 3.48087
2.451 3.48611
2.454 3.49131
2.457 3.49647
2.46 3.5016
2.463 3.50669
2.466 3.51174
2.469 3.51676
2.472 3.52173
2.475 3.52667
2.478 3.53158
2.481 3.53644
2.484 3.54127
2.487 3.54606
2.49 3.55081
2.493 3.55552
2.496 3.5602
2.499 3.56483
2.502 3.56943
2.505 3.57399
2.508 3.57851
2.511 3.58299
2.514 3.58744
2.517 3.59184
2.52 3.59621
2.523 3.60053
2.526 3.60482
2.529 3.60907
2.532 3.61329
2.535 3.61746
2.538 3.62159
2.541 3.62569
2.544 3.62975
2.547 3.63376
2.55 3.63774
2.553 3.64168
2.556 3.64559
2.559 3.64945
2.562 3.65328
2.565 3.65707
2.568 3.66082
2.571 3.66453
2.574 3.6682
2.577 3.67184
2.58 3.67544
2.583 3.679
2.586 3.68252
2.589 3.68601
2.592 3.68945
2.595 3.69287
2.598 3.69624
2.601 3.69958
2.604 3.70288
2.607 3.70614
2.61 3.70937
2.613 3.71256
2.616 3.71572
2.619 3.71883
2.622 3.72192
2.625 3.72497
2.628 3.72798
2.631 3.73096
2.634 3.7339
2.637 3.7368
2.64 3.73968
2.643 3.74251
2.646 3.74532
2.649 3.74809
2.652 3.75082
2.655 3.75353
2.658 3.7562
2.661 3.75883
2.664 3.76143
2.667 3.764
2.67 3.76654
2.673 3.76905
2.676 3.77152
2.679 3.77396
2.682 3.77637
2.685 3.77875
2.688 3.78109
2.691 3.78341
2.694 3.78569
2.697 3.78795
2.7 3.79017
2.703 3.79237
2.706 3.79453
2.709 3.79666
2.712 3.79877
2.715 3.80085
2.718 3.80289
2.721 3.80491
2.724 3.8069
2.727 3.80887
2.73 3.8108
2.733 3.81271
2.736 3.81459
2.739 3.81644
2.742 3.81827
2.745 3.82007
2.748 3.82184
2.751 3.82359
2.754 3.82531
2.757 3.827
2.76 3.82867
2.763 3.83032
2.766 3.83194
2.769 3.83354
2.772 3.83511
2.775 3.83665
2.778 3.83818
2.781 3.83968
2.784 3.84115
2.787 3.84261
2.79 3.84404
2.793 3.84544
2.796 3.84683
2.799 3.84819
2.802 3.84953
2.805 3.85085
2.808 3.85215
2.811 3.85343
2.814 3.85468
2.817 3.85592
2.82 3.85713
2.823 3.85833
2.826 3.8595
2.829 3.86066
2.832 3.86179
2.835 3.8629
2.838 3.864
2.841 3.86508
2.844 3.86614
2.847 3.86717
2.85 3.8682
2.853 3.8692
2.856 3.87018
2.859 3.87115
2.862 3.8721
2.865 3.87303
2.868 3.87395
2.871 3.87485
2.874 3.87573
2.877 3.8766
2.88 3.87745
2.883 3.87828
2.886 3.8791
2.889 3.8799
2.892 3.88069
2.895 3.88146
2.898 3.88222
2.901 3.88296
2.904 3.88368
2.907 3.8844
2.91 3.88509
2.913 3.88578
2.916 3.88645
2.919 3.8871
2.922 3.88775
2.925 3.88838
2.928 3.88899
2.931 3.8896
2.934 3.89019
2.937 3.89076
2.94 3.89133
2.943 3.89188
2.946 3.89242
2.949 3.89295
2.952 3.89347
2.955 3.89397
2.958 3.89446
2.961 3.89494
2.964 3.89541
2.967 3.89587
2.97 3.89632
2.973 3.89676
2.976 3.89719
2.979 3.8976
2.982 3.89801
2.985 3.8984
2.988 3.89879
2.991 3.89917
2.994 3.89953
2.997 3.89989
3 3.90023
3.001 0
