0 -10
0.003 -6.5674
0.006 -6.56473
0.009 -6.56204
0.012 -6.55934
0.015 -6.55663
0.018 -6.5539
0.021 -6.55115
0.024 -6.54839
0.027 -6.54561
0.03 -6.54282
0.033 -6.54001
0.036 -6.53719
0.039 -6.53435
0.042 -6.53149
0.045 -6.52862
0.048 -6.52574
0.051 -6.52284
0.054 -6.51992
0.057 -6.51699
0.06 -6.51404
0.063 -6.51107
0.066 -6.50809
0.069 -6.5051
0.072 -6.50209
0.075 -6.49906
0.078 -6.49602
0.081 -6.49296
0.084 -6.48988
0.087 -6.48679
0.09 -6.48369
0.093 -6.48057
0.096 -6.47743
0.099 -6.47428
0.102 -6.47111
0.105 -6.46792
0.108 -6.46472
0.111 -6.4615
0.114 -6.45827
0.117 -6.45502
0.12 -6.45176
0.123 -6.44848
0.126 -6.44518
0.129 -6.44187
0.132 -6.43854
0.135 -6.4352
0.138 -6.43184
0.141 -6.42846
0.144 -6.42507
0.147 -6.42167
0.15 -6.41824
0.153 -6.41481
0.156 -6.41135
0.159 -6.40788
0.162 -6.4044
0.165 -6.4009
0.168 -6.39738
0.171 -6.39385
0.174 -6.3903
0.177 -6.38673
0.18 -6.38315
0.183 -6.37956
0.186 -6.37595
0.189 -6.37232
0.192 -6.36868
0.195 -6.36502
0.198 -6.36135
0.201 -6.35766
0.204 -6.35396
0.207 -6.35024
0.21 -6.34651
0.213 -6.34276
0.216 -6.33899
0.219 -6.33521
0.222 -6.33142
0.225 -6.32761
0.228 -6.32378
0.231 -6.31994
0.234 -6.31608
0.237 -6.31221
0.24 -6.30833
0.243 -6.30443
0.246 -6.30051
0.249 -6.29658
0.252 -6.29264
0.255 -6.28868
0.258 -6.28471
0.261 -6.28072
0.264 -6.27671
0.267 -6.2727
0.27 -6.26866
0.273 -6.26462
0.276 -6.26056
0.279 -6.25648
0.282 -6.2524
0.285 -6.24829
0.288 -6.24418
0.291 -6.24004
0.294 -6.2359
0.297 -6.23174
0.3 -6.22757
0.303 -6.22338
0.306 -6.21918
0.309 -6.21497
0.312 -6.21075
0.315 -6.20651
0.318 -6.20225
0.321 -6.19799
0.324 -6.19371
0.327 -6.18941
0.33 -6.18511
0.333 -6.18079
0.336 -6.17646
0.339 -6.17212
0.342 -6.16776
0.345 -6.16339
0.348 -6.15901
0.351 -6.15461
0.354 -6.15021
0.357 -6.14579
0.36 -6.14136
0.363 -6.13692
0.366 -6.13246
0.369 -6.128
0.372 -6.12352
0.375 -6.11903
0.378 -6.11453
0.381 -6.11001
0.384 -6.10549
0.387 -6.10095
0.39 -6.09641
0.393 -6.09185
0.396 -6.08728
0.399 -6.0827
0.402 -6.07811
0.405 -6.07351
0.408 -6.0689
0.411 -6.06428
0.414 -6.05964
0.417 -6.055
0.42 -6.05035
0.423 -6.04569
0.426 -6.04101
0.429 -6.03633
0.432 -6.03164
0.435 -6.02694
0.438 -6.02223
0.441 -6.01751
0.444 -6.01278
0.447 -6.00804
0.45 -6.00329
0.453 -5.99853
0.456 -5.99377
0.459 -5.98899
0.462 -5.98421
0.465 -5.97942
0.468 -5.97462
0.471 -5.96981
0.474 -5.96499
0.477 -5.96017
0.48 -5.95533
0.483 -5.95049
0.486 -5.94564
0.489 -5.94079
0.492 -5.93592
0.495 -5.93105
0.498 -5.92618
0.501 -5.92129
0.504 -5.9164
0.507 -5.9115
0.51 -5.90659
0.513 -5.90168
0.516 -5.89676
0.519 -5.89184
0.522 -5.8869
0.525 -5.88196
0.528 -5.87702
0.531 -5.87207
0.534 -5.86711
0.537 -5.86215
0.54 -5.85718
0.543 -5.85221
0.546 -5.84723
0.549 -5.84224
0.552 -5.83725
0.555 -5.83226
0.558 -5.82726
0.561 -5.82225
0.564 -5.81724
0.567 -5.81223
0.57 -5.80721
0.573 -5.80219
0.576 -5.79716
0.579 -5.79213
0.582 -5.78709
0.585 -5.78205
0.588 -5.77701
0.591 -5.77196
0.594 -5.7669
0.597 -5.76185
0.6 -5.75679
0.603 -5.75173
0.606 -5.74666
0.609 -5.74159
0.612 -5.73652
0.615 -5.73144
0.618 -5.72636
0.621 -5.72128
0.624 -5.7162
0.627 -5.71111
0.63 -5.70602
0.633 -5.70093
0.636 -5.69584
0.639 -5.69074
0.642 -5.68564
0.645 -5.68054
0.648 -5.67544
0.651 -5.67033
0.654 -5.66523
0.657 -5.66012
0.66 -5.65501
0.663 -5.6499
0.666 -5.64479
0.669 -5.63967
0.672 -5.63456
0.675 -5.62944
0.678 -5.62432
0.681 -5.6192
0.684 -5.61408
0.687 -5.60896
0.69 -5.60384
0.693 -5.59872
0.696 -5.5936
0.699 -5.58847
0.702 -5.58335
0.705 -5.57823
0.708 -5.5731
0.711 -5.56798
0.714 -5.56285
0.717 -5.55773
0.72 -5.55261
0.723 -5.54748
0.726 -5.54236
0.729 -5.53723
0.732 -5.53211
0.735 -5.52699
0.738 -5.52186
0.741 -5.51674
0.744 -5.51162
0.747 -5.5065
0.75 -5.50138
0.753 -5.49626
0.756 -5.49114
0.759 -5.48602
0.762 -5.4809
0.765 -5.47579
0.768 -5.47067
0.771 -5.46556
0.774 -5.46045
0.777 -5.45534
0.78 -5.45023
0.783 -5.44512
0.786 -5.44001
0.789 -5.4349
0.792 -5.4298
0.795 -5.4247
0.798 -5.4196
0.801 -5.4145
0.804 -5.4094
0.807 -5.40431
0.81 -5.39921
0.813 -5.39412
0.816 -5.38903
0.819 -5.38394
0.822 -5.37886
0.825 -5.37377
0.828 -5.36869
0.831 -5.36361
0.834 -5.35853
0.837 -5.35346
0.84 -5.34839
0.843 -5.34332
0.846 -5.33825
0.849 -5.33318
0.852 -5.32812
0.855 -5.32306
0.858 -5.318
0.861 -5.31295
0.864 -5.30789
0.867 -5.30284
0.87 -5.2978
0.873 -5.29275
0.876 -5.28771
0.879 -5.28267
0.882 -5.27763
0.885 -5.2726
0.888 -5.26757
0.891 -5.26254
0.894 -5.25752
0.897 -5.2525
0.9 -5.24748
0.903 -5.24246
0.906 -5.23745
0.909 -5.23244
0.912 -5.22743
0.915 -5.22243
0.918 -5.21743
0.921 -5.21243
0.924 -5.20744
0.927 -5.20245
0.93 -5.19746
0.933 -5.19248
0.936 -5.1875
0.939 -5.18252
0.942 -5.17755
0.945 -5.17258
0.948 -5.16761
0.951 -5.16265
0.954 -5.15769
0.957 -5.15273
0.96 -5.14778
0.963 -5.14283
0.966 -5.13788
0.969 -5.13294
0.972 -5.128
0.975 -5.12307
0.978 -5.11813
0.981 -5.11321
0.984 -5.10828
0.987 -5.10336
0.99 -5.09844
0.993 -5.09353
0.996 -5.08862
0.999 -5.08371
1.002 -5.07881
1.005 -5.07391
1.008 -5.06901
1.011 -5.06412
1.014 -5.05924
1.017 -5.05435
1.02 -5.04947
1.023 -5.04459
1.026 -5.03972
1.029 -5.03485
1.032 -5.02999
1.035 -5.02513
1.038 -5.02027
1.041 -5.01542
1.044 -5.01057
1.047 -5.00572
1.05 -5.00088
1.053 -4.99604
1.056 -4.9912
1.059 -4.98637
1.062 -4.98155
1.065 -4.97672
1.068 -4.97191
1.071 -4.96709
1.074 -4.96228
1.077 -4.95747
1.08 -4.95267
1.083 -4.94787
1.086 -4.94307
1.089 -4.93828
1.092 -4.9335
1.095 -4.92871
1.098 -4.92393
1.101 -4.91916
1.104 -4.91438
1.107 -4.90962
1.11 -4.90485
1.113 -4.90009
1.116 -4.89534
1.119 -4.89058
1.122 -4.88584
1.125 -4.88109
1.128 -4.87635
1.131 -4.87162
1.134 -4.86688
1.137 -4.86216
1.14 -4.85743
1.143 -4.85271
1.146 -4.84799
1.149 -4.84328
1.152 -4.83857
1.155 -4.83387
1.158 -4.82917
1.161 -4.82447
1.164 -4.81978
1.167 -4.81509
1.17 -4.8104
1.173 -4.80572
1.176 -4.80105
1.179 -4.79637
1.182 -4.7917
1.185 -4.78704
1.188 -4.78238
1.191 -4.77772
1.194 -4.77307
1.197 -4.76842
1.2 -4.76377
1.203 -4.75913
1.206 -4.75449
1.209 -4.74986
1.212 -4.74523
1.215 -4.7406
1.218 -4.73598
1.221 -4.73136
1.224 -4.72675
1.227 -4.72214
1.23 -4.71753
1.233 -4.71293
1.236 -4.70833
1.239 -4.70374
1.242 -4.69915
1.245 -4.69456
1.248 -4.68998
1.251 -4.6854
1.254 -4.68082
1.257 -4.67625
1.26 -4.67168
1.263 -4.66712
1.266 -4.66256
1.269 -4.658
1.272 -4.65345
1.275 -4.6489
1.278 -4.64435
1.281 -4.63981
1.284 -4.63528
1.287 -4.63074
1.29 -4.62621
1.293 -4.62169
1.296 -4.61716
1.299 -4.61265
1.302 -4.60813
1.305 -4.60362
1.308 -4.59911
1.311 -4.59461
1.314 -4.59011
1.317 -4.58561
1.32 -4.58112
1.323 -4.57663
1.326 -4.57215
1.329 -4.56766
1.332 -4.56319
1.335 -4.55871
1.338 -4.55424
1.341 -4.54977
1.344 -4.54531
1.347 -4.54085
1.35 -4.5364
1.353 -4.53194
1.356 -4.52749
1.359 -4.52305
1.362 -4.51861
1.365 -4.51417
1.368 -4.50973
1.371 -4.5053
1.374 -4.50088
1.377 -4.49645
1.38 -4.49203
1.383 -4.48761
1.386 -4.4832
1.389 -4.47879
1.392 -4.47439
1.395 -4.46998
1.398 -4.46558
1.401 -4.46119
1.404 -4.45679
1.407 -4.45241
1.41 -4.44802
1.413 -4.44364
1.416 -4.43926
1.419 -4.43488
1.422 -4.43051
1.425 -4.42614
1.428 -4.42178
1.431 -4.41741
1.434 -4.41306
1.437 -4.4087
1.44 -4.40435
1.443 -4.4
1.446 -4.39566
1.449 -4.39131
1.452 -4.38698
1.455 -4.38264
1.458 -4.37831
1.461 -4.37398
1.464 -4.36965
1.467 -4.36533
1.47 -4.36101
1.473 -4.3567
1.476 -4.35238
1.479 -4.34807
1.482 -4.34377
1.485 -4.33947
1.488 -4.33517
1.491 -4.33087
1.494 -4.32658
1.497 -4.32229
1.5 -4.318
1.503 -4.31372
1.506 -4.30944
1.509 -4.30516
1.512 -4.30088
1.515 -4.29661
1.518 -4.29235
1.521 -4.28808
1.524 -4.28382
1.527 -4.27956
1.53 -4.2753
1.533 -4.27105
1.536 -4.2668
1.539 -4.26256
1.542 -4.25831
1.545 -4.25407
1.548 -4.24984
1.551 -4.2456
1.554 -4.24137
1.557 -4.23714
1.56 -4.23292
1.563 -4.2287
1.566 -4.22448
1.569 -4.22026
1.572 -4.21605
1.575 -4.21184
1.578 -4.20763
1.581 -4.20343
1.584 -4.19923
1.587 -4.19503
1.59 -4.19084
1.593 -4.18665
1.596 -4.18246
1.599 -4.17828
1.602 -4.17409
1.605 -4.16991
1.608 -4.16574
1.611 -4.16156
1.614 -4.1574
1.617 -4.15323
1.62 -4.14906
1.623 -4.1449
1.626 -4.14075
1.629 -4.13659
1.632 -4.13244
1.635 -4.12829
1.638 -4.12415
1.641 -4.12
1.644 -4.11586
1.647 -4.11173
1.65 -4.10759
1.653 -4.10346
1.656 -4.09934
1.659 -4.09521
1.662 -4.09109
1.665 -4.08697
1.668 -4.08286
1.671 -4.07875
1.674 -4.07464
1.677 -4.07054
1.68 -4.06643
1.683 -4.06233
1.686 -4.05824
1.689 -4.05415
1.692 -4.05006
1.695 -4.04597
1.698 -4.04189
1.701 -4.03781
1.704 -4.03373
1.707 -4.02966
1.71 -4.02559
1.713 -4.02153
1.716 -4.01746
1.719 -4.0134
1.722 -4.00935
1.725 -4.00529
1.728 -4.00125
1.731 -3.9972
1.734 -3.99316
1.737 -3.98912
1.74 -3.98508
1.743 -3.98105
1.746 -3.97702
1.749 -3.973
1.752 -3.96898
1.755 -3.96496
1.758 -3.96094
1.761 -3.95693
1.764 -3.95293
1.767 -3.94892
1.77 -3.94492
1.773 -3.94093
1.776 -3.93694
1.779 -3.93295
1.782 -3.92896
1.785 -3.92498
1.788 -3.92101
1.791 -3.91703
1.794 -3.91307
1.797 -3.9091
1.8 -3.90514
1.803 -3.90118
1.806 -3.89723
1.809 -3.89328
1.812 -3.88934
1.815 -3.8854
1.818 -3.88146
1.821 -3.87753
1.824 -3.8736
1.827 -3.86968
1.83 -3.86576
1.833 -3.86184
1.836 -3.85793
1.839 -3.85403
1.842 -3.85013
1.845 -3.84623
1.848 -3.84234
1.851 -3.83845
1.854 -3.83457
1.857 -3.83069
1.86 -3.82682
1.863 -3.82295
1.866 -3.81908
1.869 -3.81522
1.872 -3.81137
1.875 -3.80752
1.878 -3.80368
1.881 -3.79984
1.884 -3.796
1.887 -3.79217
1.89 -3.78835
1.893 -3.78453
1.896 -3.78072
1.899 -3.77691
1.902 -3.77311
1.905 -3.76931
1.908 -3.76552
1.911 -3.76173
1.914 -3.75795
1.917 -3.75417
1.92 -3.7504
1.923 -3.74664
1.926 -3.74288
1.929 -3.73913
1.932 -3.73538
1.935 -3.73164
1.938 -3.72791
1.941 -3.72418
1.944 -3.72046
1.947 -3.71674
1.95 -3.71303
1.953 -3.70933
1.956 -3.70563
1.959 -3.70194
1.962 -3.69826
1.965 -3.69458
1.968 -3.69091
1.971 -3.68724
1.974 -3.68358
1.977 -3.67993
1.98 -3.67629
1.983 -3.67265
1.986 -3.66902
1.989 -3.66539
1.992 -3.66177
1.995 -3.65816
1.998 -3.65456
2.001 -3.65096
2.004 -3.64738
2.007 -3.6438
2.01 -3.64022
2.013 -3.63665
2.016 -3.6331
2.019 -3.62954
2.022 -3.626
2.025 -3.62246
2.028 -3.61894
2.031 -3.61542
2.034 -3.6119
2.037 -3.6084
2.04 -3.6049
2.043 -3.60141
2.046 -3.59793
2.049 -3.59446
2.052 -3.591
2.055 -3.58754
2.058 -3.5841
2.061 -3.58066
2.064 -3.57723
2.067 -3.57381
2.07 -3.57039
2.073 -3.56699
2.076 -3.5636
2.079 -3.56021
2.082 -3.55683
2.085 -3.55347
2.088 -3.55011
2.091 -3.54676
2.094 -3.54342
2.097 -3.54009
2.1 -3.53677
2.103 -3.53345
2.106 -3.53015
2.109 -3.52686
2.112 -3.52358
2.115 -3.5203
2.118 -3.51704
2.121 -3.51379
2.124 -3.51054
2.127 -3.50731
2.13 -3.50409
2.133 -3.50088
2.136 -3.49767
2.139 -3.49448
2.142 -3.4913
2.145 -3.48813
2.148 -3.48497
2.151 -3.48182
2.154 -3.47868
2.157 -3.47556
2.16 -3.47244
2.163 -3.46934
2.166 -3.46624
2.169 -3.46316
2.172 -3.46009
2.175 -3.45703
2.178 -3.45398
2.181 -3.45094
2.184 -3.44792
2.187 -3.4449
2.19 -3.4419
2.193 -3.43891
2.196 -3.43594
2.199 -3.43297
2.202 -3.43002
2.205 -3.42708
2.208 -3.42415
2.211 -3.42123
2.214 -3.41833
2.217 -3.41544
2.22 -3.41256
2.223 -3.4097
2.226 -3.40684
2.229 -3.404
2.232 -3.40118
2.235 -3.39837
2.238 -3.39557
2.241 -3.39278
2.244 -3.39001
2.247 -3.38725
2.25 -3.38451
2.253 -3.38177
2.256 -3.37906
2.259 -3.37635
2.262 -3.37366
2.265 -3.37099
2.268 -3.36833
2.271 -3.36568
2.274 -3.36305
2.277 -3.36043
2.28 -3.35783
2.283 -3.35524
2.286 -3.35267
2.289 -3.35011
2.292 -3.34757
2.295 -3.34504
2.298 -3.34253
2.301 -3.34003
2.304 -3.33755
2.307 -3.33509
2.31 -3.33264
2.313 -3.3302
2.316 -3.32778
2.319 -3.32538
2.322 -3.323
2.325 -3.32063
2.328 -3.31827
2.331 -3.31594
2.334 -3.31362
2.337 -3.31131
2.34 -3.30902
2.343 -3.30675
2.346 -3.3045
2.349 -3.30226
2.352 -3.30004
2.355 -3.29784
2.358 -3.29566
2.361 -3.29349
2.364 -3.29134
2.367 -3.28921
2.37 -3.28709
2.373 -3.285
2.376 -3.28292
2.379 -3.28086
2.382 -3.27881
2.385 -3.27679
2.388 -3.27478
2.391 -3.2728
2.394 -3.27083
2.397 -3.26887
2.4 -3.26694
2.403 -3.26503
2.406 -3.26313
2.409 -3.26126
2.412 -3.2594
2.415 -3.25756
2.418 -3.25574
2.421 -3.25394
2.424 -3.25216
2.427 -3.2504
2.43 -3.24866
2.433 -3.24694
2.436 -3.24524
2.439 -3.24355
2.442 -3.24189
2.445 -3.24025
2.448 -3.23862
2.451 -3.23702
2.454 -3.23544
2.457 -3.23387
2.46 -3.23233
2.463 -3.23081
2.466 -3.2293
2.469 -3.22782
2.472 -3.22636
2.475 -3.22492
2.478 -3.2235
2.481 -3.22209
2.484 -3.22071
2.487 -3.21935
2.49 -3.21801
2.493 -3.21669
2.496 -3.2154
2.499 -3.21412
2.502 -3.21286
2.505 -3.21163
2.508 -3.21041
2.511 -3.20921
2.514 -3.20804
2.517 -3.20689
2.52 -3.20576
2.523 -3.20464
2.526 -3.20355
2.529 -3.20248
2.532 -3.20144
2.535 -3.20041
2.538 -3.1994
2.541 -3.19841
2.544 -3.19745
2.547 -3.1965
2.55 -3.19558
2.553 -3.19468
2.556 -3.1938
2.559 -3.19293
2.562 -3.19209
2.565 -3.19127
2.568 -3.19047
2.571 -3.1897
2.574 -3.18894
2.577 -3.1882
2.58 -3.18749
2.583 -3.18679
2.586 -3.18611
2.589 -3.18546
2.592 -3.18482
2.595 -3.18421
2.598 -3.18362
2.601 -3.18304
2.604 -3.18249
2.607 -3.18196
2.61 -3.18144
2.613 -3.18095
2.616 -3.18048
2.619 -3.18002
2.622 -3.17959
2.625 -3.17918
2.628 -3.17878
2.631 -3.17841
2.634 -3.17805
2.637 -3.17772
2.64 -3.1774
2.643 -3.17711
2.646 -3.17683
2.649 -3.17657
2.652 -3.17633
2.655 -3.17611
2.658 -3.17591
2.661 -3.17573
2.664 -3.17556
2.667 -3.17542
2.67 -3.17529
2.673 -3.17518
2.676 -3.17509
2.679 -3.17501
2.682 -3.17496
2.685 -3.17492
2.688 -3.1749
2.691 -3.1749
2.694 -3.17491
2.697 -3.17495
2.7 -3.175
2.703 -3.17506
2.706 -3.17515
2.709 -3.17525
2.712 -3.17537
2.715 -3.1755
2.718 -3.17565
2.721 -3.17582
2.724 -3.176
2.727 -3.1762
2.73 -3.17642
2.733 -3.17665
2.736 -3.1769
2.739 -3.17716
2.742 -3.17744
2.745 -3.17773
2.748 -3.17804
2.751 -3.17836
2.754 -3.1787
2.757 -3.17905
2.76 -3.17942
2.763 -3.1798
2.766 -3.18019
2.769 -3.1806
2.772 -3.18103
2.775 -3.18147
2.778 -3.18192
2.781 -3.18238
2.784 -3.18286
2.787 -3.18335
2.79 -3.18385
2.793 -3.18437
2.796 -3.1849
2.799 -3.18544
2.802 -3.186
2.805 -3.18657
2.808 -3.18715
2.811 -3.18774
2.814 -3.18834
2.817 -3.18896
2.82 -3.18958
2.823 -3.19022
2.826 -3.19087
2.829 -3.19153
2.832 -3.1922
2.835 -3.19288
2.838 -3.19358
2.841 -3.19428
2.844 -3.19499
2.847 -3.19572
2.85 -3.19645
2.853 -3.19719
2.856 -3.19795
2.859 -3.19871
2.862 -3.19948
2.865 -3.20026
2.868 -3.20106
2.871 -3.20186
2.874 -3.20267
2.877 -3.20348
2.88 -3.20431
2.883 -3.20514
2.886 -3.20599
2.889 -3.20684
2.892 -3.2077
2.895 -3.20857
2.898 -3.20944
2.901 -3.21032
2.904 -3.21121
2.907 -3.21211
2.91 -3.21302
2.913 -3.21393
2.916 -3.21485
2.919 -3.21577
2.922 -3.2167
2.925 -3.21764
2.928 -3.21859
2.931 -3.21954
2.934 -3.2205
2.937 -3.22146
2.94 -3.22243
2.943 -3.22341
2.946 -3.22439
2.949 -3.22537
2.952 -3.22636
2.955 -3.22736
2.958 -3.22836
2.961 -3.22937
2.964 -3.23038
2.967 -3.2314
2.97 -3.23242
2.973 -3.23345
2.976 -3.23448
2.979 -3.23552
2.982 -3.23656
2.985 -3.2376
2.988 -3.23865
2.991 -3.2397
2.994 -3.24075
2.997 -3.24181
3 -3.24288
3.001 -10
