0 5
0.003 3.68218
0.006 3.68179
0.009 3.6814
0.012 3.68101
0.015 3.68062
0.018 3.68023
0.021 3.67983
0.024 3.67943
0.027 3.67903
0.03 3.67863
0.033 3.67822
0.036 3.67781
0.039 3.6774
0.042 3.67699
0.045 3.67658
0.048 3.67616
0.051 3.67574
0.054 3.67532
0.057 3.6749
0.06 3.67448
0.063 3.67405
0.066 3.67362
0.069 3.67319
0.072 3.67276
0.075 3.67232
0.078 3.67188
0.081 3.67144
0.084 3.671
0.087 3.67056
0.09 3.67011
0.093 3.66966
0.096 3.66921
0.099 3.66876
0.102 3.6683
0.105 3.66785
0.108 3.66739
0.111 3.66693
0.114 3.66646
0.117 3.666
0.12 3.66553
0.123 3.66506
0.126 3.66459
0.129 3.66411
0.132 3.66364
0.135 3.66316
0.138 3.66268
0.141 3.6622
0.144 3.66171
0.147 3.66122
0.15 3.66074
0.153 3.66024
0.156 3.65975
0.159 3.65926
0.162 3.65876
0.165 3.65826
0.168 3.65776
0.171 3.65725
0.174 3.65675
0.177 3.65624
0.18 3.65573
0.183 3.65522
0.186 3.6547
0.189 3.65419
0.192 3.65367
0.195 3.65315
0.198 3.65263
0.201 3.6521
0.204 3.65158
0.207 3.65105
0.21 3.65052
0.213 3.64999
0.216 3.64945
0.219 3.64892
0.222 3.64838
0.225 3.64784
0.228 3.6473
0.231 3.64675
0.234 3.64621
0.237 3.64566
0.24 3.64511
0.243 3.64456
0.246 3.644
0.249 3.64345
0.252 3.64289
0.255 3.64233
0.258 3.64177
0.261 3.64121
0.264 3.64064
0.267 3.64008
0.27 3.63951
0.273 3.63894
0.276 3.63836
0.279 3.63779
0.282 3.63721
0.285 3.63664
0.288 3.63606
0.291 3.63548
0.294 3.63489
0.297 3.63431
0.3 3.63372
0.303 3.63313
0.306 3.63254
0.309 3.63195
0.312 3.63136
0.315 3.63076
0.318 3.63017
0.321 3.62957
0.324 3.62897
0.327 3.62836
0.33 3.62776
0.333 3.62716
0.336 3.62655
0.339 3.62594
0.342 3.62533
0.345 3.62472
0.348 3.62411
0.351 3.62349
0.354 3.62288
0.357 3.62226
0.36 3.62164
0.363 3.62102
0.366 3.6204
0.369 3.61977
0.372 3.61915
0.375 3.61852
0.378 3.61789
0.381 3.61726
0.384 3.61663
0.387 3.616
0.39 3.61537
0.393 3.61473
0.396 3.6141
0.399 3.61346
0.402 3.61282
0.405 3.61218
0.408 3.61154
0.411 3.6109
0.414 3.61025
0.417 3.60961
0.42 3.60896
0.423 3.60831
0.426 3.60766
0.429 3.60701
0.432 3.60636
0.435 3.60571
0.438 3.60505
0.441 3.6044
0.444 3.60374
0.447 3.60308
0.45 3.60243
0.453 3.60177
0.456 3.60111
0.459 3.60044
0.462 3.59978
0.465 3.59912
0.468 3.59845
0.471 3.59779
0.474 3.59712
0.477 3.59645
0.48 3.59578
0.483 3.59511
0.486 3.59444
0.489 3.59377
0.492 3.59309
0.495 3.59242
0.498 3.59175
0.501 3.59107
0.504 3.59039
0.507 3.58972
0.51 3.58904
0.513 3.58836
0.516 3.58768
0.519 3.587
0.522 3.58632
0.525 3.58563
0.528 3.58495
0.531 3.58426
0.534 3.58358
0.537 3.58289
0.54 3.58221
0.543 3.58152
0.546 3.58083
0.549 3.58014
0.552 3.57945
0.555 3.57876
0.558 3.57807
0.561 3.57738
0.564 3.57669
0.567 3.576
0.57 3.5753
0.573 3.57461
0.576 3.57391
0.579 3.57322
0.582 3.57252
0.585 3.57183
0.588 3.57113
0.591 3.57043
0.594 3.56973
0.597 3.56903
0.6 3.56833
0.603 3.56763
0.606 3.56693
0.609 3.56623
0.612 3.56553
0.615 3.56483
0.618 3.56413
0.621 3.56342
0.624 3.56272
0.627 3.56201
0.63 3.56131
0.633 3.56061
0.636 3.5599
0.639 3.55919
0.642 3.55849
0.645 3.55778
0.648 3.55707
0.651 3.55637
0.654 3.55566
0.657 3.55495
0.66 3.55424
0.663 3.55353
0.666 3.55282
0.669 3.55211
0.672 3.5514
0.675 3.55069
0.678 3.54998
0.681 3.54927
0.684 3.54856
0.687 3.54784
0.69 3.54713
0.693 3.54642
0.696 3.54571
0.699 3.54499
0.702 3.54428
0.705 3.54356
0.708 3.54285
0.711 3.54213
0.714 3.54142
0.717 3.5407
0.72 3.53999
0.723 3.53927
0.726 3.53856
0.729 3.53784
0.732 3.53712
0.735 3.5364
0.738 3.53569
0.741 3.53497
0.744 3.53425
0.747 3.53353
0.75 3.53281
0.753 3.5321
0.756 3.53138
0.759 3.53066
0.762 3.52994
0.765 3.52922
0.768 3.5285
0.771 3.52778
0.774 3.52706
0.777 3.52633
0.78 3.52561
0.783 3.52489
0.786 3.52417
0.789 3.52345
0.792 3.52273
0.795 3.522
0.798 3.52128
0.801 3.52056
0.804 3.51983
0.807 3.51911
0.81 3.51838
0.813 3.51766
0.816 3.51694
0.819 3.51621
0.822 3.51549
0.825 3.51476
0.828 3.51403
0.831 3.51331
0.834 3.51258
0.837 3.51186
0.84 3.51113
0.843 3.5104
0.846 3.50967
0.849 3.50895
0.852 3.50822
0.855 3.50749
0.858 3.50676
0.861 3.50603
0.864 3.5053
0.867 3.50457
0.87 3.50384
0.873 3.50311
0.876 3.50238
0.879 3.50165
0.882 3.50092
0.885 3.50019
0.888 3.49946
0.891 3.49873
0.894 3.49799
0.897 3.49726
0.9 3.49653
0.903 3.49579
0.906 3.49506
0.909 3.49432
0.912 3.49359
0.915 3.49285
0.918 3.49212
0.921 3.49138
0.924 3.49065
0.927 3.48991
0.93 3.48917
0.933 3.48843
0.936 3.4877
0.939 3.48696
0.942 3.48622
0.945 3.48548
0.948 3.48474
0.951 3.484
0.954 3.48326
0.957 3.48252
0.96 3.48178
0.963 3.48103
0.966 3.48029
0.969 3.47955
0.972 3.4788
0.975 3.47806
0.978 3.47731
0.981 3.47657
0.984 3.47582
0.987 3.47508
0.99 3.47433
0.993 3.47358
0.996 3.47283
0.999 3.47208
1.002 3.47133
1.005 3.47058
1.008 3.46983
1.011 3.46908
1.014 3.46833
1.017 3.46758
1.02 3.46682
1.023 3.46607
1.026 3.46531
1.029 3.46456
1.032 3.4638
1.035 3.46305
1.038 3.46229
1.041 3.46153
1.044 3.46077
1.047 3.46001
1.05 3.45925
1.053 3.45849
1.056 3.45773
1.059 3.45697
1.062 3.4562
1.065 3.45544
1.068 3.45467
1.071 3.45391
1.074 3.45314
1.077 3.45237
1.08 3.4516
1.083 3.45083
1.086 3.45006
1.089 3.44929
1.092 3.44852
1.095 3.44775
1.098 3.44697
1.101 3.4462
1.104 3.44542
1.107 3.44465
1.11 3.44387
1.113 3.44309
1.116 3.44231
1.119 3.44153
1.122 3.44075
1.125 3.43997
1.128 3.43918
1.131 3.4384
1.134 3.43761
1.137 3.43682
1.14 3.43603
1.143 3.43525
1.146 3.43445
1.149 3.43366
1.152 3.43287
1.155 3.43208
1.158 3.43128
1.161 3.43048
1.164 3.42969
1.167 3.42889
1.17 3.42809
1.173 3.42729
1.176 3.42648
1.179 3.42568
1.182 3.42488
1.185 3.42407
1.188 3.42326
1.191 3.42245
1.194 3.42164
1.197 3.42083
1.2 3.42002
1.203 3.4192
1.206 3.41839
1.209 3.41757
1.212 3.41675
1.215 3.41593
1.218 3.41511
1.221 3.41428
1.224 3.41346
1.227 3.41263
1.23 3.4118
1.233 3.41098
1.236 3.41014
1.239 3.40931
1.242 3.40848
1.245 3.40764
1.248 3.4068
1.251 3.40597
1.254 3.40512
1.257 3.40428
1.26 3.40344
1.263 3.40259
1.266 3.40174
1.269 3.40089
1.272 3.40004
1.275 3.39919
1.278 3.39834
1.281 3.39748
1.284 3.39662
1.287 3.39576
1.29 3.3949
1.293 3.39403
1.296 3.39317
1.299 3.3923
1.302 3.39143
1.305 3.39056
1.308 3.38969
1.311 3.38881
1.314 3.38793
1.317 3.38705
1.32 3.38617
1.323 3.38529
1.326 3.3844
1.329 3.38351
1.332 3.38262
1.335 3.38173
1.338 3.38083
1.341 3.37994
1.344 3.37904
1.347 3.37814
1.35 3.37723
1.353 3.37633
1.356 3.37542
1.359 3.37451
1.362 3.3736
1.365 3.37268
1.368 3.37176
1.371 3.37084
1.374 3.36992
1.377 3.369
1.38 3.36807
1.383 3.36714
1.386 3.36621
1.389 3.36527
1.392 3.36434
1.395 3.3634
1.398 3.36245
1.401 3.36151
1.404 3.36056
1.407 3.35961
1.41 3.35866
1.413 3.3577
1.416 3.35674
1.419 3.35578
1.422 3.35482
1.425 3.35385
1.428 3.35288
1.431 3.35191
1.434 3.35094
1.437 3.34996
1.44 3.34898
1.443 3.34799
1.446 3.34701
1.449 3.34602
1.452 3.34502
1.455 3.34403
1.458 3.34303
1.461 3.34203
1.464 3.34102
1.467 3.34001
1.47 3.339
1.473 3.33799
1.476 3.33697
1.479 3.33595
1.482 3.33493
1.485 3.3339
1.488 3.33287
1.491 3.33183
1.494 3.3308
1.497 3.32976
1.5 3.32871
1.503 3.32766
1.506 3.32661
1.509 3.32556
1.512 3.3245
1.515 3.32344
1.518 3.32237
1.521 3.32131
1.524 3.32023
1.527 3.31916
1.53 3.31808
1.533 3.317
1.536 3.31591
1.539 3.31482
1.542 3.31372
1.545 3.31263
1.548 3.31152
1.551 3.31042
1.554 3.30931
1.557 3.3082
1.56 3.30708
1.563 3.30596
1.566 3.30483
1.569 3.3037
1.572 3.30257
1.575 3.30143
1.578 3.30029
1.581 3.29914
1.584 3.29799
1.587 3.29684
1.59 3.29568
1.593 3.29452
1.596 3.29335
1.599 3.29218
1.602 3.29101
1.605 3.28983
1.608 3.28864
1.611 3.28746
1.614 3.28626
1.617 3.28507
1.62 3.28387
1.623 3.28266
1.626 3.28145
1.629 3.28023
1.632 3.27901
1.635 3.27779
1.638 3.27656
1.641 3.27533
1.644 3.27409
1.647 3.27285
1.65 3.2716
1.653 3.27035
1.656 3.26909
1.659 3.26783
1.662 3.26656
1.665 3.26529
1.668 3.26401
1.671 3.26273
1.674 3.26144
1.677 3.26015
1.68 3.25885
1.683 3.25755
1.686 3.25625
1.689 3.25493
1.692 3.25362
1.695 3.2523
1.698 3.25097
1.701 3.24964
1.704 3.2483
1.707 3.24696
1.71 3.24561
1.713 3.24425
1.716 3.2429
1.719 3.24153
1.722 3.24016
1.725 3.23879
1.728 3.23741
1.731 3.23602
1.734 3.23463
1.737 3.23323
1.74 3.23183
1.743 3.23042
1.746 3.22901
1.749 3.22759
1.752 3.22617
1.755 3.22474
1.758 3.2233
1.761 3.22186
1.764 3.22041
1.767 3.21896
1.77 3.2175
1.773 3.21604
1.776 3.21457
1.779 3.21309
1.782 3.21161
1.785 3.21012
1.788 3.20863
1.791 3.20713
1.794 3.20563
1.797 3.20411
1.8 3.2026
1.803 3.20107
1.806 3.19955
1.809 3.19801
1.812 3.19647
1.815 3.19492
1.818 3.19337
1.821 3.19181
1.824 3.19025
1.827 3.18868
1.83 3.1871
1.833 3.18552
1.836 3.18393
1.839 3.18234
1.842 3.18074
1.845 3.17913
1.848 3.17752
1.851 3.1759
1.854 3.17427
1.857 3.17264
1.86 3.171
1.863 3.16936
1.866 3.16771
1.869 3.16605
1.872 3.16439
1.875 3.16272
1.878 3.16105
1.881 3.15937
1.884 3.15768
1.887 3.15599
1.89 3.15429
1.893 3.15259
1.896 3.15087
1.899 3.14916
1.902 3.14743
1.905 3.1457
1.908 3.14397
1.911 3.14223
1.914 3.14048
1.917 3.13873
1.92 3.13696
1.923 3.1352
1.926 3.13343
1.929 3.13165
1.932 3.12986
1.935 3.12807
1.938 3.12628
1.941 3.12447
1.944 3.12267
1.947 3.12085
1.95 3.11903
1.953 3.1172
1.956 3.11537
1.959 3.11353
1.962 3.11169
1.965 3.10984
1.968 3.10798
1.971 3.10612
1.974 3.10426
1.977 3.10238
1.98 3.1005
1.983 3.09862
1.986 3.09673
1.989 3.09483
1.992 3.09293
1.995 3.09102
1.998 3.08911
2.001 3.08719
2.004 3.08527
2.007 3.08334
2.01 3.08141
2.013 3.07947
2.016 3.07752
2.019 3.07557
2.022 3.07362
2.025 3.07166
2.028 3.06969
2.031 3.06772
2.034 3.06574
2.037 3.06376
2.04 3.06177
2.043 3.05978
2.046 3.05779
2.049 3.05579
2.052 3.05378
2.055 3.05177
2.058 3.04976
2.061 3.04774
2.064 3.04571
2.067 3.04368
2.07 3.04165
2.073 3.03961
2.076 3.03757
2.079 3.03553
2.082 3.03348
2.085 3.03142
2.088 3.02936
2.091 3.0273
2.094 3.02524
2.097 3.02317
2.1 3.02109
2.103 3.01902
2.106 3.01693
2.109 3.01485
2.112 3.01276
2.115 3.01067
2.118 3.00858
2.121 3.00648
2.124 3.00438
2.127 3.00228
2.13 3.00017
2.133 2.99806
2.136 2.99595
2.139 2.99383
2.142 2.99171
2.145 2.98959
2.148 2.98747
2.151 2.98535
2.154 2.98322
2.157 2.98109
2.16 2.97896
2.163 2.97683
2.166 2.97469
2.169 2.97255
2.172 2.97042
2.175 2.96828
2.178 2.96613
2.181 2.96399
2.184 2.96185
2.187 2.9597
2.19 2.95756
2.193 2.95541
2.196 2.95326
2.199 2.95111
2.202 2.94896
2.205 2.94681
2.208 2.94466
2.211 2.94251
2.214 2.94036
2.217 2.93821
2.22 2.93606
2.223 2.93391
2.226 2.93177
2.229 2.92962
2.232 2.92747
2.235 2.92532
2.238 2.92317
2.241 2.92103
2.244 2.91888
2.247 2.91674
2.25 2.9146
2.253 2.91246
2.256 2.91032
2.259 2.90818
2.262 2.90605
2.265 2.90391
2.268 2.90178
2.271 2.89965
2.274 2.89753
2.277 2.8954
2.28 2.89328
2.283 2.89116
2.286 2.88905
2.289 2.88694
2.292 2.88483
2.295 2.88272
2.298 2.88062
2.301 2.87852
2.304 2.87643
2.307 2.87433
2.31 2.87225
2.313 2.87016
2.316 2.86809
2.319 2.86601
2.322 2.86394
2.325 2.86188
2.328 2.85982
2.331 2.85776
2.334 2.85571
2.337 2.85367
2.34 2.85163
2.343 2.84959
2.346 2.84756
2.349 2.84554
2.352 2.84353
2.355 2.84151
2.358 2.83951
2.361 2.83751
2.364 2.83552
2.367 2.83353
2.37 2.83156
2.373 2.82958
2.376 2.82762
2.379 2.82566
2.382 2.82371
2.385 2.82177
2.388 2.81983
2.391 2.81791
2.394 2.81599
2.397 2.81407
2.4 2.81217
2.403 2.81027
2.406 2.80838
2.409 2.8065
2.412 2.80463
2.415 2.80277
2.418 2.80092
2.421 2.79907
2.424 2.79723
2.427 2.79541
2.43 2.79359
2.433 2.79178
2.436 2.78998
2.439 2.78819
2.442 2.78641
2.445 2.78464
2.448 2.78287
2.451 2.78112
2.454 2.77938
2.457 2.77765
2.46 2.77593
2.463 2.77422
2.466 2.77252
2.469 2.77082
2.472 2.76914
2.475 2.76748
2.478 2.76582
2.481 2.76417
2.484 2.76253
2.487 2.7609
2.49 2.75929
2.493 2.75768
2.496 2.75609
2.499 2.75451
2.502 2.75294
2.505 2.75138
2.508 2.74983
2.511 2.7483
2.514 2.74677
2.517 2.74526
2.52 2.74375
2.523 2.74226
2.526 2.74079
2.529 2.73932
2.532 2.73787
2.535 2.73642
2.538 2.73499
2.541 2.73357
2.544 2.73217
2.547 2.73077
2.55 2.72939
2.553 2.72802
2.556 2.72666
2.559 2.72531
2.562 2.72398
2.565 2.72266
2.568 2.72135
2.571 2.72005
2.574 2.71877
2.577 2.71749
2.58 2.71623
2.583 2.71499
2.586 2.71375
2.589 2.71253
2.592 2.71132
2.595 2.71012
2.598 2.70893
2.601 2.70776
2.604 2.7066
2.607 2.70545
2.61 2.70432
2.613 2.70319
2.616 2.70208
2.619 2.70098
2.622 2.6999
2.625 2.69882
2.628 2.69776
2.631 2.69671
2.634 2.69567
2.637 2.69465
2.64 2.69364
2.643 2.69264
2.646 2.69165
2.649 2.69067
2.652 2.68971
2.655 2.68876
2.658 2.68782
2.661 2.68689
2.664 2.68598
2.667 2.68508
2.67 2.68418
2.673 2.68331
2.676 2.68244
2.679 2.68158
2.682 2.68074
2.685 2.67991
2.688 2.67909
2.691 2.67828
2.694 2.67749
2.697 2.6767
2.7 2.67593
2.703 2.67517
2.706 2.67442
2.709 2.67368
2.712 2.67295
2.715 2.67223
2.718 2.67153
2.721 2.67084
2.724 2.67015
2.727 2.66948
2.73 2.66882
2.733 2.66817
2.736 2.66753
2.739 2.66691
2.742 2.66629
2.745 2.66568
2.748 2.66509
2.751 2.6645
2.754 2.66393
2.757 2.66336
2.76 2.66281
2.763 2.66227
2.766 2.66174
2.769 2.66121
2.772 2.6607
2.775 2.6602
2.778 2.6597
2.781 2.65922
2.784 2.65875
2.787 2.65829
2.79 2.65783
2.793 2.65739
2.796 2.65695
2.799 2.65653
2.802 2.65611
2.805 2.65571
2.808 2.65531
2.811 2.65492
2.814 2.65454
2.817 2.65417
2.82 2.65381
2.823 2.65346
2.826 2.65311
2.829 2.65278
2.832 2.65245
2.835 2.65214
2.838 2.65183
2.841 2.65153
2.844 2.65123
2.847 2.65095
2.85 2.65067
2.853 2.6504
2.856 2.65014
2.859 2.64989
2.862 2.64965
2.865 2.64941
2.868 2.64918
2.871 2.64896
2.874 2.64875
2.877 2.64854
2.88 2.64834
2.883 2.64815
2.886 2.64796
2.889 2.64779
2.892 2.64762
2.895 2.64745
2.898 2.6473
2.901 2.64715
2.904 2.647
2.907 2.64687
2.91 2.64674
2.913 2.64661
2.916 2.6465
2.919 2.64638
2.922 2.64628
2.925 2.64618
2.928 2.64609
2.931 2.646
2.934 2.64592
2.937 2.64585
2.94 2.64578
2.943 2.64572
2.946 2.64566
2.949 2.64561
2.952 2.64557
2.955 2.64552
2.958 2.64549
2.961 2.64546
2.964 2.64544
2.967 2.64542
2.97 2.6454
2.973 2.64539
2.976 2.64539
2.979 2.64539
2.982 2.6454
2.985 2.64541
2.988 2.64542
2.991 2.64544
2.994 2.64547
2.997 2.6455
3 2.64553
3.001 5
