0 -10
0.003 -6.99434
0.006 -6.99326
0.009 -6.99216
0.012 -6.99105
0.015 -6.98993
0.018 -6.98879
0.021 -6.98765
0.024 -6.98649
0.027 -6.98532
0.03 -6.98413
0.033 -6.98294
0.036 -6.98173
0.039 -6.9805
0.042 -6.97927
0.045 -6.97802
0.048 -6.97676
0.051 -6.97548
0.054 -6.97419
0.057 -6.97288
0.06 -6.97157
0.063 -6.97023
0.066 -6.96889
0.069 -6.96753
0.072 -6.96615
0.075 -6.96476
0.078 -6.96336
0.081 -6.96194
0.084 -6.9605
0.087 -6.95905
0.09 -6.95759
0.093 -6.9561
0.096 -6.95461
0.099 -6.95309
0.102 -6.95157
0.105 -6.95002
0.108 -6.94846
0.111 -6.94688
0.114 -6.94529
0.117 -6.94368
0.12 -6.94205
0.123 -6.9404
0.126 -6.93874
0.129 -6.93706
0.132 -6.93536
0.135 -6.93364
0.138 -6.93191
0.141 -6.93016
0.144 -6.92839
0.147 -6.9266
0.15 -6.92479
0.153 -6.92296
0.156 -6.92112
0.159 -6.91925
0.162 -6.91737
0.165 -6.91546
0.168 -6.91354
0.171 -6.91159
0.174 -6.90963
0.177 -6.90764
0.18 -6.90564
0.183 -6.90361
0.186 -6.90156
0.189 -6.89949
0.192 -6.8974
0.195 -6.89529
0.198 -6.89316
0.201 -6.891
0.204 -6.88882
0.207 -6.88662
0.21 -6.8844
0.213 -6.88215
0.216 -6.87988
0.219 -6.87759
0.222 -6.87527
0.225 -6.87293
0.228 -6.87057
0.231 -6.86818
0.234 -6.86577
0.237 -6.86333
0.24 -6.86086
0.243 -6.85837
0.246 -6.85586
0.249 -6.85332
0.252 -6.85075
0.255 -6.84816
0.258 -6.84554
0.261 -6.8429
0.264 -6.84022
0.267 -6.83752
0.27 -6.83479
0.273 -6.83204
0.276 -6.82926
0.279 -6.82644
0.282 -6.8236
0.285 -6.82073
0.288 -6.81783
0.291 -6.81491
0.294 -6.81195
0.297 -6.80896
0.3 -6.80594
0.303 -6.80289
0.306 -6.79981
0.309 -6.7967
0.312 -6.79356
0.315 -6.79039
0.318 -6.78718
0.321 -6.78394
0.324 -6.78067
0.327 -6.77737
0.33 -6.77403
0.333 -6.77066
0.336 -6.76725
0.339 -6.76382
0.342 -6.76034
0.345 -6.75683
0.348 -6.75329
0.351 -6.74971
0.354 -6.7461
0.357 -6.74245
0.36 -6.73876
0.363 -6.73504
0.366 -6.73128
0.369 -6.72748
0.372 -6.72364
0.375 -6.71977
0.378 -6.71586
0.381 -6.71191
0.384 -6.70792
0.387 -6.70389
0.39 -6.69982
0.393 -6.69571
0.396 -6.69156
0.399 -6.68737
0.402 -6.68314
0.405 -6.67887
0.408 -6.67455
0.411 -6.6702
0.414 -6.6658
0.417 -6.66135
0.42 -6.65687
0.423 -6.65234
0.426 -6.64777
0.429 -6.64315
0.432 -6.63849
0.435 -6.63378
0.438 -6.62903
0.441 -6.62423
0.444 -6.61939
0.447 -6.6145
0.45 -6.60956
0.453 -6.60458
0.456 -6.59955
0.459 -6.59447
0.462 -6.58934
0.465 -6.58417
0.468 -6.57895
0.471 -6.57367
0.474 -6.56835
0.477 -6.56298
0.48 -6.55756
0.483 -6.55208
0.486 -6.54656
0.489 -6.54099
0.492 -6.53536
0.495 -6.52968
0.498 -6.52395
0.501 -6.51817
0.504 -6.51233
0.507 -6.50645
0.51 -6.5005
0.513 -6.49451
0.516 -6.48846
0.519 -6.48236
0.522 -6.4762
0.525 -6.46999
0.528 -6.46372
0.531 -6.4574
0.534 -6.45102
0.537 -6.44459
0.54 -6.4381
0.543 -6.43156
0.546 -6.42495
0.549 -6.4183
0.552 -6.41158
0.555 -6.40481
0.558 -6.39798
0.561 -6.39109
0.564 -6.38415
0.567 -6.37714
0.57 -6.37009
0.573 -6.36297
0.576 -6.35579
0.579 -6.34856
0.582 -6.34126
0.585 -6.33391
0.588 -6.3265
0.591 -6.31904
0.594 -6.31151
0.597 -6.30393
0.6 -6.29628
0.603 -6.28858
0.606 -6.28082
0.609 -6.273
0.612 -6.26512
0.615 -6.25719
0.618 -6.24919
0.621 -6.24114
0.624 -6.23303
0.627 -6.22486
0.63 -6.21663
0.633 -6.20835
0.636 -6.20001
0.639 -6.19161
0.642 -6.18315
0.645 -6.17464
0.648 -6.16607
0.651 -6.15744
0.654 -6.14876
0.657 -6.14002
0.66 -6.13123
0.663 -6.12238
0.666 -6.11348
0.669 -6.10452
0.672 -6.09551
0.675 -6.08645
0.678 -6.07733
0.681 -6.06816
0.684 -6.05894
0.687 -6.04967
0.69 -6.04035
0.693 -6.03098
0.696 -6.02156
0.699 -6.01209
0.702 -6.00257
0.705 -5.993
0.708 -5.98339
0.711 -5.97373
0.714 -5.96403
0.717 -5.95428
0.72 -5.94449
0.723 -5.93465
0.726 -5.92478
0.729 -5.91486
0.732 -5.9049
0.735 -5.89491
0.738 -5.88487
0.741 -5.8748
0.744 -5.86469
0.747 -5.85455
0.75 -5.84437
0.753 -5.83415
0.756 -5.82391
0.759 -5.81363
0.762 -5.80333
0.765 -5.79299
0.768 -5.78263
0.771 -5.77224
0.774 -5.76182
0.777 -5.75138
0.78 -5.74092
0.783 -5.73043
0.786 -5.71993
0.789 -5.7094
0.792 -5.69886
0.795 -5.6883
0.798 -5.67772
0.801 -5.66713
0.804 -5.65652
0.807 -5.6459
0.81 -5.63528
0.813 -5.62464
0.816 -5.61399
0.819 -5.60334
0.822 -5.59268
0.825 -5.58202
0.828 -5.57135
0.831 -5.56069
0.834 -5.55002
0.837 -5.53936
0.84 -5.52869
0.843 -5.51803
0.846 -5.50738
0.849 -5.49673
0.852 -5.48609
0.855 -5.47546
0.858 -5.46484
0.861 -5.45423
0.864 -5.44364
0.867 -5.43306
0.87 -5.42249
0.873 -5.41194
0.876 -5.40141
0.879 -5.3909
0.882 -5.38041
0.885 -5.36994
0.888 -5.3595
0.891 -5.34908
0.894 -5.33868
0.897 -5.32832
0.9 -5.31797
0.903 -5.30766
0.906 -5.29738
0.909 -5.28713
0.912 -5.27691
0.915 -5.26673
0.918 -5.25658
0.921 -5.24646
0.924 -5.23639
0.927 -5.22635
0.93 -5.21634
0.933 -5.20638
0.936 -5.19646
0.939 -5.18658
0.942 -5.17674
0.945 -5.16694
0.948 -5.15719
0.951 -5.14748
0.954 -5.13782
0.957 -5.12821
0.96 -5.11864
0.963 -5.10912
0.966 -5.09964
0.969 -5.09022
0.972 -5.08085
0.975 -5.07152
0.978 -5.06225
0.981 -5.05303
0.984 -5.04386
0.987 -5.03474
0.99 -5.02568
0.993 -5.01667
0.996 -5.00771
0.999 -4.99881
1.002 -4.98997
1.005 -4.98118
1.008 -4.97244
1.011 -4.96376
1.014 -4.95514
1.017 -4.94657
1.02 -4.93806
1.023 -4.92961
1.026 -4.92122
1.029 -4.91288
1.032 -4.9046
1.035 -4.89638
1.038 -4.88822
1.041 -4.88011
1.044 -4.87207
1.047 -4.86408
1.05 -4.85615
1.053 -4.84828
1.056 -4.84046
1.059 -4.83271
1.062 -4.82502
1.065 -4.81738
1.068 -4.8098
1.071 -4.80228
1.074 -4.79482
1.077 -4.78742
1.08 -4.78008
1.083 -4.77279
1.086 -4.76556
1.089 -4.75839
1.092 -4.75128
1.095 -4.74423
1.098 -4.73723
1.101 -4.73029
1.104 -4.72341
1.107 -4.71658
1.11 -4.70981
1.113 -4.7031
1.116 -4.69644
1.119 -4.68984
1.122 -4.68329
1.125 -4.6768
1.128 -4.67036
1.131 -4.66398
1.134 -4.65765
1.137 -4.65138
1.14 -4.64516
1.143 -4.63899
1.146 -4.63288
1.149 -4.62682
1.152 -4.62081
1.155 -4.61485
1.158 -4.60894
1.161 -4.60309
1.164 -4.59728
1.167 -4.59153
1.17 -4.58582
1.173 -4.58017
1.176 -4.57456
1.179 -4.56901
1.182 -4.5635
1.185 -4.55803
1.188 -4.55262
1.191 -4.54725
1.194 -4.54193
1.197 -4.53666
1.2 -4.53143
1.203 -4.52624
1.206 -4.5211
1.209 -4.51601
1.212 -4.51096
1.215 -4.50595
1.218 -4.50098
1.221 -4.49606
1.224 -4.49118
1.227 -4.48634
1.23 -4.48155
1.233 -4.47679
1.236 -4.47207
1.239 -4.46739
1.242 -4.46276
1.245 -4.45816
1.248 -4.4536
1.251 -4.44907
1.254 -4.44459
1.257 -4.44014
1.26 -4.43573
1.263 -4.43136
1.266 -4.42702
1.269 -4.42271
1.272 -4.41844
1.275 -4.41421
1.278 -4.41001
1.281 -4.40584
1.284 -4.40171
1.287 -4.3976
1.29 -4.39353
1.293 -4.3895
1.296 -4.38549
1.299 -4.38151
1.302 -4.37757
1.305 -4.37365
1.308 -4.36977
1.311 -4.36591
1.314 -4.36209
1.317 -4.35829
1.32 -4.35452
1.323 -4.35077
1.326 -4.34706
1.329 -4.34337
1.332 -4.3397
1.335 -4.33607
1.338 -4.33246
1.341 -4.32887
1.344 -4.32531
1.347 -4.32177
1.35 -4.31826
1.353 -4.31477
1.356 -4.3113
1.359 -4.30786
1.362 -4.30444
1.365 -4.30104
1.368 -4.29766
1.371 -4.29431
1.374 -4.29097
1.377 -4.28766
1.38 -4.28436
1.383 -4.28109
1.386 -4.27784
1.389 -4.2746
1.392 -4.27139
1.395 -4.26819
1.398 -4.26501
1.401 -4.26185
1.404 -4.25871
1.407 -4.25558
1.41 -4.25247
1.413 -4.24938
1.416 -4.24631
1.419 -4.24325
1.422 -4.2402
1.425 -4.23717
1.428 -4.23416
1.431 -4.23116
1.434 -4.22818
1.437 -4.22521
1.44 -4.22225
1.443 -4.21931
1.446 -4.21638
1.449 -4.21347
1.452 -4.21056
1.455 -4.20767
1.458 -4.2048
1.461 -4.20193
1.464 -4.19907
1.467 -4.19623
1.47 -4.1934
1.473 -4.19058
1.476 -4.18777
1.479 -4.18497
1.482 -4.18218
1.485 -4.1794
1.488 -4.17663
1.491 -4.17387
1.494 -4.17112
1.497 -4.16837
1.5 -4.16564
1.503 -4.16291
1.506 -4.1602
1.509 -4.15749
1.512 -4.15478
1.515 -4.15209
1.518 -4.1494
1.521 -4.14672
1.524 -4.14405
1.527 -4.14138
1.53 -4.13872
1.533 -4.13607
1.536 -4.13342
1.539 -4.13078
1.542 -4.12814
1.545 -4.12551
1.548 -4.12288
1.551 -4.12026
1.554 -4.11765
1.557 -4.11503
1.56 -4.11243
1.563 -4.10982
1.566 -4.10722
1.569 -4.10463
1.572 -4.10204
1.575 -4.09945
1.578 -4.09686
1.581 -4.09428
1.584 -4.0917
1.587 -4.08912
1.59 -4.08655
1.593 -4.08397
1.596 -4.0814
1.599 -4.07883
1.602 -4.07627
1.605 -4.0737
1.608 -4.07114
1.611 -4.06858
1.614 -4.06602
1.617 -4.06346
1.62 -4.0609
1.623 -4.05834
1.626 -4.05578
1.629 -4.05322
1.632 -4.05066
1.635 -4.04811
1.638 -4.04555
1.641 -4.04299
1.644 -4.04043
1.647 -4.03787
1.65 -4.03531
1.653 -4.03275
1.656 -4.03019
1.659 -4.02763
1.662 -4.02506
1.665 -4.0225
1.668 -4.01993
1.671 -4.01736
1.674 -4.01479
1.677 -4.01221
1.68 -4.00964
1.683 -4.00706
1.686 -4.00448
1.689 -4.0019
1.692 -3.99931
1.695 -3.99673
1.698 -3.99414
1.701 -3.99154
1.704 -3.98895
1.707 -3.98635
1.71 -3.98374
1.713 -3.98114
1.716 -3.97853
1.719 -3.97591
1.722 -3.9733
1.725 -3.97067
1.728 -3.96805
1.731 -3.96542
1.734 -3.96279
1.737 -3.96015
1.74 -3.9575
1.743 -3.95486
1.746 -3.95221
1.749 -3.94955
1.752 -3.94689
1.755 -3.94422
1.758 -3.94155
1.761 -3.93888
1.764 -3.9362
1.767 -3.93351
1.77 -3.93082
1.773 -3.92812
1.776 -3.92542
1.779 -3.92271
1.782 -3.92
1.785 -3.91728
1.788 -3.91455
1.791 -3.91182
1.794 -3.90909
1.797 -3.90634
1.8 -3.9036
1.803 -3.90084
1.806 -3.89808
1.809 -3.89531
1.812 -3.89254
1.815 -3.88976
1.818 -3.88698
1.821 -3.88419
1.824 -3.88139
1.827 -3.87858
1.83 -3.87577
1.833 -3.87295
1.836 -3.87013
1.839 -3.8673
1.842 -3.86446
1.845 -3.86162
1.848 -3.85877
1.851 -3.85591
1.854 -3.85305
1.857 -3.85017
1.86 -3.8473
1.863 -3.84441
1.866 -3.84152
1.869 -3.83862
1.872 -3.83572
1.875 -3.83281
1.878 -3.82989
1.881 -3.82696
1.884 -3.82403
1.887 -3.82109
1.89 -3.81815
1.893 -3.81519
1.896 -3.81224
1.899 -3.80927
1.902 -3.8063
1.905 -3.80332
1.908 -3.80033
1.911 -3.79734
1.914 -3.79434
1.917 -3.79134
1.92 -3.78832
1.923 -3.7853
1.926 -3.78228
1.929 -3.77925
1.932 -3.77621
1.935 -3.77316
1.938 -3.77011
1.941 -3.76706
1.944 -3.76399
1.947 -3.76092
1.95 -3.75785
1.953 -3.75477
1.956 -3.75168
1.959 -3.74859
1.962 -3.74549
1.965 -3.74238
1.968 -3.73927
1.971 -3.73616
1.974 -3.73304
1.977 -3.72991
1.98 -3.72678
1.983 -3.72364
1.986 -3.7205
1.989 -3.71735
1.992 -3.7142
1.995 -3.71104
1.998 -3.70788
2.001 -3.70472
2.004 -3.70155
2.007 -3.69837
2.01 -3.69519
2.013 -3.69201
2.016 -3.68882
2.019 -3.68563
2.022 -3.68243
2.025 -3.67923
2.028 -3.67603
2.031 -3.67283
2.034 -3.66962
2.037 -3.6664
2.04 -3.66319
2.043 -3.65997
2.046 -3.65675
2.049 -3.65352
2.052 -3.6503
2.055 -3.64707
2.058 -3.64384
2.061 -3.64061
2.064 -3.63737
2.067 -3.63413
2.07 -3.6309
2.073 -3.62766
2.076 -3.62441
2.079 -3.62117
2.082 -3.61793
2.085 -3.61468
2.088 -3.61144
2.091 -3.60819
2.094 -3.60495
2.097 -3.6017
2.1 -3.59846
2.103 -3.59521
2.106 -3.59196
2.109 -3.58872
2.112 -3.58547
2.115 -3.58223
2.118 -3.57899
2.121 -3.57574
2.124 -3.5725
2.127 -3.56926
2.13 -3.56603
2.133 -3.56279
2.136 -3.55956
2.139 -3.55632
2.142 -3.55309
2.145 -3.54987
2.148 -3.54664
2.151 -3.54342
2.154 -3.5402
2.157 -3.53698
2.16 -3.53377
2.163 -3.53056
2.166 -3.52735
2.169 -3.52415
2.172 -3.52095
2.175 -3.51776
2.178 -3.51457
2.181 -3.51138
2.184 -3.5082
2.187 -3.50502
2.19 -3.50185
2.193 -3.49868
2.196 -3.49552
2.199 -3.49237
2.202 -3.48921
2.205 -3.48607
2.208 -3.48293
2.211 -3.4798
2.214 -3.47667
2.217 -3.47355
2.22 -3.47043
2.223 -3.46732
2.226 -3.46422
2.229 -3.46113
2.232 -3.45804
2.235 -3.45496
2.238 -3.45188
2.241 -3.44882
2.244 -3.44576
2.247 -3.4427
2.25 -3.43966
2.253 -3.43663
2.256 -3.4336
2.259 -3.43058
2.262 -3.42757
2.265 -3.42456
2.268 -3.42157
2.271 -3.41859
2.274 -3.41561
2.277 -3.41264
2.28 -3.40968
2.283 -3.40673
2.286 -3.40379
2.289 -3.40086
2.292 -3.39794
2.295 -3.39503
2.298 -3.39213
2.301 -3.38923
2.304 -3.38635
2.307 -3.38348
2.31 -3.38062
2.313 -3.37777
2.316 -3.37492
2.319 -3.37209
2.322 -3.36927
2.325 -3.36646
2.328 -3.36366
2.331 -3.36088
2.334 -3.3581
2.337 -3.35533
2.34 -3.35258
2.343 -3.34983
2.346 -3.3471
2.349 -3.34438
2.352 -3.34167
2.355 -3.33897
2.358 -3.33629
2.361 -3.33361
2.364 -3.33095
2.367 -3.3283
2.37 -3.32566
2.373 -3.32303
2.376 -3.32042
2.379 -3.31782
2.382 -3.31523
2.385 -3.31265
2.388 -3.31008
2.391 -3.30753
2.394 -3.30499
2.397 -3.30246
2.4 -3.29995
2.403 -3.29745
2.406 -3.29496
2.409 -3.29248
2.412 -3.29002
2.415 -3.28757
2.418 -3.28513
2.421 -3.28271
2.424 -3.2803
2.427 -3.2779
2.43 -3.27551
2.433 -3.27314
2.436 -3.27079
2.439 -3.26844
2.442 -3.26611
2.445 -3.2638
2.448 -3.2615
2.451 -3.25921
2.454 -3.25693
2.457 -3.25467
2.46 -3.25242
2.463 -3.25019
2.466 -3.24797
2.469 -3.24577
2.472 -3.24357
2.475 -3.2414
2.478 -3.23924
2.481 -3.23709
2.484 -3.23495
2.487 -3.23283
2.49 -3.23073
2.493 -3.22864
2.496 -3.22656
2.499 -3.2245
2.502 -3.22245
2.505 -3.22042
2.508 -3.2184
2.511 -3.2164
2.514 -3.21441
2.517 -3.21243
2.52 -3.21047
2.523 -3.20853
2.526 -3.2066
2.529 -3.20469
2.532 -3.20279
2.535 -3.2009
2.538 -3.19903
2.541 -3.19717
2.544 -3.19533
2.547 -3.19351
2.55 -3.1917
2.553 -3.1899
2.556 -3.18812
2.559 -3.18636
2.562 -3.18461
2.565 -3.18287
2.568 -3.18115
2.571 -3.17945
2.574 -3.17776
2.577 -3.17608
2.58 -3.17442
2.583 -3.17278
2.586 -3.17115
2.589 -3.16953
2.592 -3.16793
2.595 -3.16635
2.598 -3.16478
2.601 -3.16323
2.604 -3.16169
2.607 -3.16017
2.61 -3.15866
2.613 -3.15716
2.616 -3.15569
2.619 -3.15422
2.622 -3.15277
2.625 -3.15134
2.628 -3.14992
2.631 -3.14852
2.634 -3.14713
2.637 -3.14576
2.64 -3.1444
2.643 -3.14305
2.646 -3.14172
2.649 -3.14041
2.652 -3.13911
2.655 -3.13783
2.658 -3.13656
2.661 -3.1353
2.664 -3.13406
2.667 -3.13283
2.67 -3.13162
2.673 -3.13043
2.676 -3.12924
2.679 -3.12808
2.682 -3.12692
2.685 -3.12578
2.688 -3.12466
2.691 -3.12355
2.694 -3.12245
2.697 -3.12137
2.7 -3.1203
2.703 -3.11924
2.706 -3.1182
2.709 -3.11718
2.712 -3.11616
2.715 -3.11516
2.718 -3.11418
2.721 -3.11321
2.724 -3.11225
2.727 -3.1113
2.73 -3.11037
2.733 -3.10945
2.736 -3.10855
2.739 -3.10766
2.742 -3.10678
2.745 -3.10591
2.748 -3.10506
2.751 -3.10422
2.754 -3.1034
2.757 -3.10258
2.76 -3.10178
2.763 -3.10099
2.766 -3.10022
2.769 -3.09945
2.772 -3.0987
2.775 -3.09796
2.778 -3.09724
2.781 -3.09652
2.784 -3.09582
2.787 -3.09513
2.79 -3.09445
2.793 -3.09378
2.796 -3.09313
2.799 -3.09249
2.802 -3.09185
2.805 -3.09123
2.808 -3.09062
2.811 -3.09003
2.814 -3.08944
2.817 -3.08886
2.82 -3.0883
2.823 -3.08775
2.826 -3.0872
2.829 -3.08667
2.832 -3.08615
2.835 -3.08564
2.838 -3.08514
2.841 -3.08465
2.844 -3.08417
2.847 -3.0837
2.85 -3.08324
2.853 -3.08279
2.856 -3.08235
2.859 -3.08192
2.862 -3.0815
2.865 -3.08109
2.868 -3.08069
2.871 -3.0803
2.874 -3.07991
2.877 -3.07954
2.88 -3.07918
2.883 -3.07882
2.886 -3.07848
2.889 -3.07814
2.892 -3.07781
2.895 -3.07749
2.898 -3.07718
2.901 -3.07688
2.904 -3.07659
2.907 -3.0763
2.91 -3.07602
2.913 -3.07575
2.916 -3.07549
2.919 -3.07524
2.922 -3.07499
2.925 -3.07476
2.928 -3.07453
2.931 -3.0743
2.934 -3.07409
2.937 -3.07388
2.94 -3.07368
2.943 -3.07349
2.946 -3.07331
2.949 -3.07313
2.952 -3.07296
2.955 -3.07279
2.958 -3.07264
2.961 -3.07248
2.964 -3.07234
2.967 -3.0722
2.97 -3.07207
2.973 -3.07195
2.976 -3.07183
2.979 -3.07172
2.982 -3.07161
2.985 -3.07151
2.988 -3.07142
2.991 -3.07133
2.994 -3.07125
2.997 -3.07118
3 -3.07111
3.001 -10
