0 0
0.003 0.265525
0.006 0.265906
0.009 0.266291
0.012 0.26668
0.015 0.267073
0.018 0.26747
0.021 0.267872
0.024 0.268277
0.027 0.268686
0.03 0.2691
0.033 0.269518
0.036 0.26994
0.039 0.270367
0.042 0.270797
0.045 0.271233
0.048 0.271672
0.051 0.272117
0.054 0.272566
0.057 0.273019
0.06 0.273477
0.063 0.27394
0.066 0.274407
0.069 0.27488
0.072 0.275357
0.075 0.275839
0.078 0.276326
0.081 0.276818
0.084 0.277316
0.087 0.277818
0.09 0.278325
0.093 0.278838
0.096 0.279356
0.099 0.27988
0.102 0.280408
0.105 0.280942
0.108 0.281482
0.111 0.282028
0.114 0.282579
0.117 0.283135
0.12 0.283698
0.123 0.284266
0.126 0.28484
0.129 0.28542
0.132 0.286006
0.135 0.286598
0.138 0.287197
0.141 0.287801
0.144 0.288412
0.147 0.289029
0.15 0.289653
0.153 0.290283
0.156 0.290919
0.159 0.291563
0.162 0.292212
0.165 0.292869
0.168 0.293533
0.171 0.294203
0.174 0.294881
0.177 0.295565
0.18 0.296257
0.183 0.296956
0.186 0.297662
0.189 0.298376
0.192 0.299097
0.195 0.299826
0.198 0.300562
0.201 0.301306
0.204 0.302058
0.207 0.302817
0.21 0.303585
0.213 0.304361
0.216 0.305145
0.219 0.305937
0.222 0.306738
0.225 0.307547
0.228 0.308364
0.231 0.30919
0.234 0.310025
0.237 0.310868
0.24 0.311721
0.243 0.312583
0.246 0.313453
0.249 0.314333
0.252 0.315222
0.255 0.316121
0.258 0.317029
0.261 0.317946
0.264 0.318874
0.267 0.319811
0.27 0.320758
0.273 0.321716
0.276 0.322683
0.279 0.323661
0.282 0.324649
0.285 0.325648
0.288 0.326657
0.291 0.327677
0.294 0.328708
0.297 0.32975
0.3 0.330802
0.303 0.331867
0.306 0.332942
0.309 0.334029
0.312 0.335128
0.315 0.336238
0.318 0.337361
0.321 0.338495
0.324 0.339641
0.327 0.3408
0.33 0.341971
0.333 0.343154
0.336 0.344351
0.339 0.34556
0.342 0.346782
0.345 0.348017
0.348 0.349265
0.351 0.350527
0.354 0.351802
0.357 0.353091
0.36 0.354394
0.363 0.355711
0.366 0.357041
0.369 0.358387
0.372 0.359746
0.375 0.36112
0.378 0.362509
0.381 0.363913
0.384 0.365332
0.387 0.366766
0.39 0.368216
0.393 0.369681
0.396 0.371162
0.399 0.372658
0.402 0.374171
0.405 0.3757
0.408 0.377246
0.411 0.378808
0.414 0.380386
0.417 0.381982
0.42 0.383595
0.423 0.385225
0.426 0.386872
0.429 0.388537
0.432 0.39022
0.435 0.391921
0.438 0.39364
0.441 0.395377
0.444 0.397133
0.447 0.398908
0.45 0.400702
0.453 0.402514
0.456 0.404346
0.459 0.406198
0.462 0.408069
0.465 0.40996
0.468 0.41187
0.471 0.413802
0.474 0.415753
0.477 0.417726
0.48 0.419719
0.483 0.421733
0.486 0.423768
0.489 0.425824
0.492 0.427903
0.495 0.430003
0.498 0.432124
0.501 0.434269
0.504 0.436435
0.507 0.438624
0.51 0.440836
0.513 0.44307
0.516 0.445328
0.519 0.447609
0.522 0.449914
0.525 0.452242
0.528 0.454594
0.531 0.45697
0.534 0.459371
0.537 0.461796
0.54 0.464245
0.543 0.466719
0.546 0.469219
0.549 0.471743
0.552 0.474293
0.555 0.476868
0.558 0.479469
0.561 0.482096
0.564 0.484749
0.567 0.487428
0.57 0.490133
0.573 0.492865
0.576 0.495624
0.579 0.498409
0.582 0.501221
0.585 0.504061
0.588 0.506927
0.591 0.509822
0.594 0.512743
0.597 0.515693
0.6 0.51867
0.603 0.521675
0.606 0.524708
0.609 0.527769
0.612 0.530858
0.615 0.533976
0.618 0.537123
0.621 0.540298
0.624 0.543501
0.627 0.546733
0.63 0.549994
0.633 0.553284
0.636 0.556603
0.639 0.559951
0.642 0.563328
0.645 0.566734
0.648 0.570169
0.651 0.573633
0.654 0.577127
0.657 0.580649
0.66 0.584201
0.663 0.587782
0.666 0.591392
0.669 0.595031
0.672 0.5987
0.675 0.602397
0.678 0.606124
0.681 0.609879
0.684 0.613664
0.687 0.617477
0.69 0.62132
0.693 0.625191
0.696 0.62909
0.699 0.633018
0.702 0.636975
0.705 0.640959
0.708 0.644972
0.711 0.649013
0.714 0.653081
0.717 0.657178
0.72 0.661301
0.723 0.665452
0.726 0.66963
0.729 0.673835
0.732 0.678067
0.735 0.682325
0.738 0.686609
0.741 0.69092
0.744 0.695256
0.747 0.699617
0.75 0.704004
0.753 0.708415
0.756 0.712851
0.759 0.717311
0.762 0.721795
0.765 0.726303
0.768 0.730834
0.771 0.735388
0.774 0.739965
0.777 0.744563
0.78 0.749184
0.783 0.753826
0.786 0.758489
0.789 0.763172
0.792 0.767876
0.795 0.7726
0.798 0.777343
0.801 0.782105
0.804 0.786885
0.807 0.791684
0.81 0.7965
0.813 0.801333
0.816 0.806183
0.819 0.811048
0.822 0.81593
0.825 0.820827
0.828 0.825738
0.831 0.830664
0.834 0.835603
0.837 0.840555
0.84 0.84552
0.843 0.850497
0.846 0.855486
0.849 0.860486
0.852 0.865496
0.855 0.870516
0.858 0.875545
0.861 0.880584
0.864 0.88563
0.867 0.890685
0.87 0.895746
0.873 0.900815
0.876 0.905889
0.879 0.910969
0.882 0.916054
0.885 0.921143
0.888 0.926237
0.891 0.931333
0.894 0.936432
0.897 0.941534
0.9 0.946637
0.903 0.951742
0.906 0.956847
0.909 0.961952
0.912 0.967056
0.915 0.972159
0.918 0.977261
0.921 0.982361
0.924 0.987458
0.927 0.992552
0.93 0.997642
0.933 1.00273
0.936 1.00781
0.939 1.01289
0.942 1.01796
0.945 1.02302
0.948 1.02808
0.951 1.03313
0.954 1.03817
0.957 1.04321
0.96 1.04823
0.963 1.05325
0.966 1.05826
0.969 1.06325
0.972 1.06824
0.975 1.07322
0.978 1.07818
0.981 1.08314
0.984 1.08808
0.987 1.09301
0.99 1.09793
0.993 1.10283
0.996 1.10772
0.999 1.1126
1.002 1.11746
1.005 1.1223
1.008 1.12714
1.011 1.13195
1.014 1.13676
1.017 1.14154
1.02 1.14631
1.023 1.15106
1.026 1.1558
1.029 1.16052
1.032 1.16522
1.035 1.16991
1.038 1.17457
1.041 1.17922
1.044 1.18385
1.047 1.18846
1.05 1.19306
1.053 1.19763
1.056 1.20218
1.059 1.20672
1.062 1.21124
1.065 1.21573
1.068 1.22021
1.071 1.22467
1.074 1.2291
1.077 1.23352
1.08 1.23792
1.083 1.24229
1.086 1.24665
1.089 1.25098
1.092 1.25529
1.095 1.25959
1.098 1.26386
1.101 1.26811
1.104 1.27234
1.107 1.27655
1.11 1.28073
1.113 1.2849
1.116 1.28904
1.119 1.29317
1.122 1.29727
1.125 1.30135
1.128 1.30541
1.131 1.30945
1.134 1.31346
1.137 1.31746
1.14 1.32143
1.143 1.32538
1.146 1.32931
1.149 1.33322
1.152 1.33711
1.155 1.34098
1.158 1.34483
1.161 1.34865
1.164 1.35246
1.167 1.35624
1.17 1.36
1.173 1.36374
1.176 1.36747
1.179 1.37117
1.182 1.37485
1.185 1.37851
1.188 1.38215
1.191 1.38577
1.194 1.38936
1.197 1.39294
1.2 1.3965
1.203 1.40004
1.206 1.40356
1.209 1.40706
1.212 1.41055
1.215 1.41401
1.218 1.41745
1.221 1.42088
1.224 1.42428
1.227 1.42767
1.23 1.43104
1.233 1.43439
1.236 1.43772
1.239 1.44103
1.242 1.44433
1.245 1.44761
1.248 1.45087
1.251 1.45412
1.254 1.45734
1.257 1.46055
1.26 1.46375
1.263 1.46692
1.266 1.47008
1.269 1.47323
1.272 1.47636
1.275 1.47947
1.278 1.48257
1.281 1.48565
1.284 1.48872
1.287 1.49177
1.29 1.4948
1.293 1.49783
1.296 1.50083
1.299 1.50383
1.302 1.50681
1.305 1.50977
1.308 1.51272
1.311 1.51566
1.314 1.51859
1.317 1.5215
1.32 1.5244
1.323 1.52728
1.326 1.53016
1.329 1.53302
1.332 1.53587
1.335 1.53871
1.338 1.54153
1.341 1.54435
1.344 1.54715
1.347 1.54995
1.35 1.55273
1.353 1.5555
1.356 1.55826
1.359 1.56101
1.362 1.56375
1.365 1.56648
1.368 1.56921
1.371 1.57192
1.374 1.57462
1.377 1.57732
1.38 1.58
1.383 1.58268
1.386 1.58535
1.389 1.58801
1.392 1.59066
1.395 1.59331
1.398 1.59594
1.401 1.59857
1.404 1.6012
1.407 1.60381
1.41 1.60642
1.413 1.60903
1.416 1.61162
1.419 1.61421
1.422 1.6168
1.425 1.61938
1.428 1.62195
1.431 1.62452
1.434 1.62709
1.437 1.62965
1.44 1.6322
1.443 1.63475
1.446 1.63729
1.449 1.63984
1.452 1.64237
1.455 1.64491
1.458 1.64744
1.461 1.64997
1.464 1.65249
1.467 1.65501
1.47 1.65753
1.473 1.66004
1.476 1.66256
1.479 1.66507
1.482 1.66758
1.485 1.67009
1.488 1.67259
1.491 1.6751
1.494 1.6776
1.497 1.68011
1.5 1.68261
1.503 1.68511
1.506 1.68761
1.509 1.69011
1.512 1.69261
1.515 1.69511
1.518 1.69762
1.521 1.70012
1.524 1.70262
1.527 1.70512
1.53 1.70763
1.533 1.71013
1.536 1.71264
1.539 1.71515
1.542 1.71766
1.545 1.72018
1.548 1.72269
1.551 1.72521
1.554 1.72773
1.557 1.73025
1.56 1.73278
1.563 1.73531
1.566 1.73784
1.569 1.74038
1.572 1.74292
1.575 1.74546
1.578 1.74801
1.581 1.75056
1.584 1.75312
1.587 1.75568
1.59 1.75825
1.593 1.76082
1.596 1.76339
1.599 1.76598
1.602 1.76856
1.605 1.77116
1.608 1.77375
1.611 1.77636
1.614 1.77897
1.617 1.78159
1.62 1.78421
1.623 1.78685
1.626 1.78948
1.629 1.79213
1.632 1.79478
1.635 1.79744
1.638 1.80011
1.641 1.80279
1.644 1.80547
1.647 1.80817
1.65 1.81087
1.653 1.81358
1.656 1.8163
1.659 1.81903
1.662 1.82177
1.665 1.82451
1.668 1.82727
1.671 1.83004
1.674 1.83282
1.677 1.8356
1.68 1.8384
1.683 1.84121
1.686 1.84403
1.689 1.84686
1.692 1.8497
1.695 1.85255
1.698 1.85542
1.701 1.85829
1.704 1.86118
1.707 1.86408
1.71 1.86699
1.713 1.86992
1.716 1.87286
1.719 1.87581
1.722 1.87877
1.725 1.88175
1.728 1.88474
1.731 1.88774
1.734 1.89076
1.737 1.89379
1.74 1.89684
1.743 1.8999
1.746 1.90298
1.749 1.90607
1.752 1.90917
1.755 1.91229
1.758 1.91543
1.761 1.91858
1.764 1.92175
1.767 1.92493
1.77 1.92813
1.773 1.93135
1.776 1.93458
1.779 1.93783
1.782 1.9411
1.785 1.94438
1.788 1.94768
1.791 1.951
1.794 1.95433
1.797 1.95769
1.8 1.96106
1.803 1.96445
1.806 1.96786
1.809 1.97128
1.812 1.97473
1.815 1.97819
1.818 1.98168
1.821 1.98518
1.824 1.9887
1.827 1.99225
1.83 1.99581
1.833 1.99939
1.836 2.00299
1.839 2.00661
1.842 2.01026
1.845 2.01392
1.848 2.01761
1.851 2.02131
1.854 2.02504
1.857 2.02879
1.86 2.03256
1.863 2.03635
1.866 2.04016
1.869 2.044
1.872 2.04786
1.875 2.05174
1.878 2.05564
1.881 2.05956
1.884 2.06351
1.887 2.06748
1.89 2.07148
1.893 2.0755
1.896 2.07954
1.899 2.0836
1.902 2.08769
1.905 2.0918
1.908 2.09594
1.911 2.1001
1.914 2.10428
1.917 2.10849
1.92 2.11272
1.923 2.11698
1.926 2.12126
1.929 2.12557
1.932 2.1299
1.935 2.13426
1.938 2.13864
1.941 2.14304
1.944 2.14748
1.947 2.15193
1.95 2.15642
1.953 2.16092
1.956 2.16546
1.959 2.17002
1.962 2.1746
1.965 2.17922
1.968 2.18385
1.971 2.18852
1.974 2.1932
1.977 2.19792
1.98 2.20266
1.983 2.20743
1.986 2.21222
1.989 2.21704
1.992 2.22189
1.995 2.22676
1.998 2.23166
2.001 2.23658
2.004 2.24154
2.007 2.24651
2.01 2.25152
2.013 2.25655
2.016 2.26161
2.019 2.26669
2.022 2.2718
2.025 2.27693
2.028 2.28209
2.031 2.28728
2.034 2.2925
2.037 2.29774
2.04 2.303
2.043 2.3083
2.046 2.31361
2.049 2.31896
2.052 2.32433
2.055 2.32972
2.058 2.33514
2.061 2.34059
2.064 2.34606
2.067 2.35156
2.07 2.35708
2.073 2.36263
2.076 2.3682
2.079 2.3738
2.082 2.37942
2.085 2.38507
2.088 2.39074
2.091 2.39644
2.094 2.40216
2.097 2.4079
2.1 2.41367
2.103 2.41946
2.106 2.42527
2.109 2.43111
2.112 2.43697
2.115 2.44285
2.118 2.44876
2.121 2.45469
2.124 2.46064
2.127 2.46661
2.13 2.4726
2.133 2.47862
2.136 2.48465
2.139 2.49071
2.142 2.49679
2.145 2.50289
2.148 2.50901
2.151 2.51515
2.154 2.52131
2.157 2.52748
2.16 2.53368
2.163 2.5399
2.166 2.54613
2.169 2.55238
2.172 2.55865
2.175 2.56494
2.178 2.57125
2.181 2.57757
2.184 2.58391
2.187 2.59026
2.19 2.59663
2.193 2.60302
2.196 2.60942
2.199 2.61584
2.202 2.62227
2.205 2.62871
2.208 2.63517
2.211 2.64164
2.214 2.64813
2.217 2.65463
2.22 2.66114
2.223 2.66766
2.226 2.67419
2.229 2.68073
2.232 2.68729
2.235 2.69385
2.238 2.70043
2.241 2.70701
2.244 2.71361
2.247 2.72021
2.25 2.72682
2.253 2.73344
2.256 2.74006
2.259 2.74669
2.262 2.75333
2.265 2.75998
2.268 2.76663
2.271 2.77328
2.274 2.77994
2.277 2.78661
2.28 2.79328
2.283 2.79995
2.286 2.80662
2.289 2.8133
2.292 2.81998
2.295 2.82666
2.298 2.83334
2.301 2.84003
2.304 2.84671
2.307 2.85339
2.31 2.86007
2.313 2.86676
2.316 2.87343
2.319 2.88011
2.322 2.88679
2.325 2.89346
2.328 2.90013
2.331 2.90679
2.334 2.91345
2.337 2.92011
2.34 2.92676
2.343 2.93341
2.346 2.94005
2.349 2.94668
2.352 2.9533
2.355 2.95992
2.358 2.96653
2.361 2.97313
2.364 2.97973
2.367 2.98631
2.37 2.99288
2.373 2.99945
2.376 3.006
2.379 3.01254
2.382 3.01907
2.385 3.02559
2.388 3.0321
2.391 3.03859
2.394 3.04507
2.397 3.05154
2.4 3.05799
2.403 3.06443
2.406 3.07086
2.409 3.07726
2.412 3.08366
2.415 3.09003
2.418 3.09639
2.421 3.10274
2.424 3.10906
2.427 3.11537
2.43 3.12166
2.433 3.12793
2.436 3.13419
2.439 3.14042
2.442 3.14663
2.445 3.15283
2.448 3.159
2.451 3.16516
2.454 3.17129
2.457 3.1774
2.46 3.18349
2.463 3.18955
2.466 3.1956
2.469 3.20162
2.472 3.20762
2.475 3.21359
2.478 3.21954
2.481 3.22547
2.484 3.23137
2.487 3.23725
2.49 3.24311
2.493 3.24893
2.496 3.25474
2.499 3.26051
2.502 3.26626
2.505 3.27199
2.508 3.27769
2.511 3.28336
2.514 3.289
2.517 3.29462
2.52 3.30021
2.523 3.30577
2.526 3.3113
2.529 3.3168
2.532 3.32228
2.535 3.32773
2.538 3.33315
2.541 3.33853
2.544 3.34389
2.547 3.34922
2.55 3.35453
2.553 3.3598
2.556 3.36504
2.559 3.37025
2.562 3.37543
2.565 3.38058
2.568 3.3857
2.571 3.39078
2.574 3.39584
2.577 3.40087
2.58 3.40586
2.583 3.41083
2.586 3.41576
2.589 3.42066
2.592 3.42553
2.595 3.43037
2.598 3.43518
2.601 3.43995
2.604 3.44469
2.607 3.44941
2.61 3.45408
2.613 3.45873
2.616 3.46335
2.619 3.46793
2.622 3.47248
2.625 3.477
2.628 3.48149
2.631 3.48594
2.634 3.49036
2.637 3.49475
2.64 3.49911
2.643 3.50344
2.646 3.50773
2.649 3.51199
2.652 3.51622
2.655 3.52042
2.658 3.52458
2.661 3.52872
2.664 3.53282
2.667 3.53689
2.67 3.54093
2.673 3.54493
2.676 3.54891
2.679 3.55285
2.682 3.55676
2.685 3.56064
2.688 3.56449
2.691 3.5683
2.694 3.57209
2.697 3.57584
2.7 3.57957
2.703 3.58326
2.706 3.58692
2.709 3.59055
2.712 3.59415
2.715 3.59772
2.718 3.60126
2.721 3.60476
2.724 3.60824
2.727 3.61169
2.73 3.61511
2.733 3.6185
2.736 3.62186
2.739 3.62519
2.742 3.62849
2.745 3.63176
2.748 3.635
2.751 3.63821
2.754 3.6414
2.757 3.64455
2.76 3.64768
2.763 3.65078
2.766 3.65385
2.769 3.65689
2.772 3.6599
2.775 3.66289
2.778 3.66585
2.781 3.66878
2.784 3.67169
2.787 3.67457
2.79 3.67742
2.793 3.68024
2.796 3.68304
2.799 3.68581
2.802 3.68856
2.805 3.69128
2.808 3.69397
2.811 3.69664
2.814 3.69928
2.817 3.7019
2.82 3.70449
2.823 3.70706
2.826 3.7096
2.829 3.71212
2.832 3.71462
2.835 3.71709
2.838 3.71953
2.841 3.72196
2.844 3.72435
2.847 3.72673
2.85 3.72908
2.853 3.73141
2.856 3.73372
2.859 3.736
2.862 3.73826
2.865 3.7405
2.868 3.74272
2.871 3.74492
2.874 3.74709
2.877 3.74924
2.88 3.75137
2.883 3.75348
2.886 3.75557
2.889 3.75764
2.892 3.75969
2.895 3.76171
2.898 3.76372
2.901 3.76571
2.904 3.76767
2.907 3.76962
2.91 3.77155
2.913 3.77345
2.916 3.77534
2.919 3.77721
2.922 3.77906
2.925 3.7809
2.928 3.78271
2.931 3.78451
2.934 3.78628
2.937 3.78804
2.94 3.78978
2.943 3.79151
2.946 3.79321
2.949 3.7949
2.952 3.79658
2.955 3.79823
2.958 3.79987
2.961 3.80149
2.964 3.8031
2.967 3.80469
2.97 3.80626
2.973 3.80782
2.976 3.80936
2.979 3.81088
2.982 3.81239
2.985 3.81389
2.988 3.81537
2.991 3.81683
2.994 3.81828
2.997 3.81971
3 3.82113
3.001 0
