0 0
0.003 0.400142
0.006 0.400844
0.009 0.401553
0.012 0.40227
0.015 0.402994
0.018 0.403727
0.021 0.404467
0.024 0.405215
0.027 0.405972
0.03 0.406736
0.033 0.407509
0.036 0.40829
0.039 0.40908
0.042 0.409878
0.045 0.410684
0.048 0.4115
0.051 0.412324
0.054 0.413157
0.057 0.413999
0.06 0.41485
0.063 0.415711
0.066 0.416581
0.069 0.41746
0.072 0.418348
0.075 0.419246
0.078 0.420154
0.081 0.421072
0.084 0.422
0.087 0.422937
0.09 0.423885
0.093 0.424843
0.096 0.425811
0.099 0.42679
0.102 0.42778
0.105 0.42878
0.108 0.429791
0.111 0.430813
0.114 0.431846
0.117 0.432891
0.12 0.433946
0.123 0.435013
0.126 0.436092
0.129 0.437182
0.132 0.438285
0.135 0.439399
0.138 0.440525
0.141 0.441664
0.144 0.442815
0.147 0.443978
0.15 0.445155
0.153 0.446344
0.156 0.447546
0.159 0.448761
0.162 0.449989
0.165 0.451231
0.168 0.452486
0.171 0.453755
0.174 0.455038
0.177 0.456334
0.18 0.457646
0.183 0.458971
0.186 0.460311
0.189 0.461665
0.192 0.463035
0.195 0.464419
0.198 0.465818
0.201 0.467233
0.204 0.468664
0.207 0.47011
0.21 0.471571
0.213 0.473049
0.216 0.474544
0.219 0.476054
0.222 0.477581
0.225 0.479125
0.228 0.480686
0.231 0.482264
0.234 0.48386
0.237 0.485473
0.24 0.487104
0.243 0.488752
0.246 0.490419
0.249 0.492105
0.252 0.493808
0.255 0.495531
0.258 0.497273
0.261 0.499034
0.264 0.500814
0.267 0.502614
0.27 0.504434
0.273 0.506273
0.276 0.508134
0.279 0.510014
0.282 0.511916
0.285 0.513838
0.288 0.515782
0.291 0.517747
0.294 0.519734
0.297 0.521743
0.3 0.523774
0.303 0.525827
0.306 0.527903
0.309 0.530002
0.312 0.532125
0.315 0.53427
0.318 0.53644
0.321 0.538633
0.324 0.540851
0.327 0.543092
0.33 0.545359
0.333 0.547651
0.336 0.549968
0.339 0.55231
0.342 0.554679
0.345 0.557073
0.348 0.559494
0.351 0.561941
0.354 0.564416
0.357 0.566917
0.36 0.569446
0.363 0.572003
0.366 0.574588
0.369 0.577201
0.372 0.579843
0.375 0.582514
0.378 0.585214
0.381 0.587943
0.384 0.590703
0.387 0.593492
0.39 0.596312
0.393 0.599162
0.396 0.602044
0.399 0.604957
0.402 0.607901
0.405 0.610877
0.408 0.613886
0.411 0.616927
0.414 0.620001
0.417 0.623108
0.42 0.626248
0.423 0.629422
0.426 0.63263
0.429 0.635873
0.432 0.63915
0.435 0.642462
0.438 0.64581
0.441 0.649193
0.444 0.652612
0.447 0.656067
0.45 0.659558
0.453 0.663086
0.456 0.666652
0.459 0.670254
0.462 0.673895
0.465 0.677573
0.468 0.68129
0.471 0.685045
0.474 0.688839
0.477 0.692672
0.48 0.696544
0.483 0.700456
0.486 0.704409
0.489 0.708401
0.492 0.712434
0.495 0.716508
0.498 0.720622
0.501 0.724778
0.504 0.728976
0.507 0.733215
0.51 0.737496
0.513 0.74182
0.516 0.746186
0.519 0.750595
0.522 0.755047
0.525 0.759542
0.528 0.764081
0.531 0.768663
0.534 0.773289
0.537 0.777959
0.54 0.782673
0.543 0.787431
0.546 0.792234
0.549 0.797082
0.552 0.801975
0.555 0.806912
0.558 0.811895
0.561 0.816923
0.564 0.821996
0.567 0.827115
0.57 0.83228
0.573 0.83749
0.576 0.842746
0.579 0.848048
0.582 0.853395
0.585 0.858789
0.588 0.864229
0.591 0.869715
0.594 0.875246
0.597 0.880824
0.6 0.886448
0.603 0.892118
0.606 0.897834
0.609 0.903596
0.612 0.909404
0.615 0.915257
0.618 0.921157
0.621 0.927102
0.624 0.933092
0.627 0.939128
0.63 0.94521
0.633 0.951336
0.636 0.957508
0.639 0.963725
0.642 0.969986
0.645 0.976291
0.648 0.982641
0.651 0.989035
0.654 0.995473
0.657 1.00195
0.66 1.00848
0.663 1.01505
0.666 1.02166
0.669 1.02831
0.672 1.035
0.675 1.04174
0.678 1.04852
0.681 1.05534
0.684 1.0622
0.687 1.0691
0.69 1.07604
0.693 1.08302
0.696 1.09004
0.699 1.09709
0.702 1.10419
0.705 1.11132
0.708 1.11849
0.711 1.1257
0.714 1.13294
0.717 1.14022
0.72 1.14754
0.723 1.15489
0.726 1.16227
0.729 1.16969
0.732 1.17714
0.735 1.18462
0.738 1.19213
0.741 1.19968
0.744 1.20726
0.747 1.21486
0.75 1.2225
0.753 1.23017
0.756 1.23786
0.759 1.24558
0.762 1.25333
0.765 1.26111
0.768 1.26891
0.771 1.27674
0.774 1.28459
0.777 1.29246
0.78 1.30036
0.783 1.30828
0.786 1.31622
0.789 1.32418
0.792 1.33217
0.795 1.34017
0.798 1.34819
0.801 1.35623
0.804 1.36429
0.807 1.37237
0.81 1.38046
0.813 1.38856
0.816 1.39668
0.819 1.40482
0.822 1.41297
0.825 1.42113
0.828 1.4293
0.831 1.43749
0.834 1.44568
0.837 1.45389
0.84 1.4621
0.843 1.47033
0.846 1.47856
0.849 1.4868
0.852 1.49504
0.855 1.50329
0.858 1.51154
0.861 1.5198
0.864 1.52806
0.867 1.53633
0.87 1.5446
0.873 1.55287
0.876 1.56114
0.879 1.56941
0.882 1.57768
0.885 1.58594
0.888 1.59421
0.891 1.60247
0.894 1.61074
0.897 1.61899
0.9 1.62725
0.903 1.63549
0.906 1.64374
0.909 1.65197
0.912 1.6602
0.915 1.66842
0.918 1.67664
0.921 1.68484
0.924 1.69304
0.927 1.70123
0.93 1.7094
0.933 1.71757
0.936 1.72572
0.939 1.73386
0.942 1.74199
0.945 1.75011
0.948 1.75821
0.951 1.7663
0.954 1.77437
0.957 1.78243
0.96 1.79047
0.963 1.7985
0.966 1.80651
0.969 1.8145
0.972 1.82248
0.975 1.83044
0.978 1.83837
0.981 1.84629
0.984 1.8542
0.987 1.86208
0.99 1.86994
0.993 1.87778
0.996 1.8856
0.999 1.89339
1.002 1.90117
1.005 1.90893
1.008 1.91666
1.011 1.92437
1.014 1.93205
1.017 1.93972
1.02 1.94736
1.023 1.95497
1.026 1.96256
1.029 1.97013
1.032 1.97767
1.035 1.98518
1.038 1.99267
1.041 2.00014
1.044 2.00758
1.047 2.01499
1.05 2.02238
1.053 2.02974
1.056 2.03707
1.059 2.04437
1.062 2.05165
1.065 2.0589
1.068 2.06613
1.071 2.07332
1.074 2.08049
1.077 2.08763
1.08 2.09474
1.083 2.10182
1.086 2.10888
1.089 2.1159
1.092 2.1229
1.095 2.12987
1.098 2.13681
1.101 2.14372
1.104 2.1506
1.107 2.15745
1.11 2.16428
1.113 2.17107
1.116 2.17783
1.119 2.18457
1.122 2.19128
1.125 2.19795
1.128 2.2046
1.131 2.21122
1.134 2.2178
1.137 2.22436
1.14 2.23089
1.143 2.23739
1.146 2.24386
1.149 2.2503
1.152 2.25671
1.155 2.2631
1.158 2.26945
1.161 2.27577
1.164 2.28207
1.167 2.28834
1.17 2.29457
1.173 2.30078
1.176 2.30696
1.179 2.31311
1.182 2.31923
1.185 2.32532
1.188 2.33139
1.191 2.33743
1.194 2.34343
1.197 2.34941
1.2 2.35537
1.203 2.36129
1.206 2.36719
1.209 2.37306
1.212 2.3789
1.215 2.38471
1.218 2.3905
1.221 2.39626
1.224 2.40199
1.227 2.4077
1.23 2.41338
1.233 2.41903
1.236 2.42466
1.239 2.43026
1.242 2.43583
1.245 2.44138
1.248 2.44691
1.251 2.4524
1.254 2.45788
1.257 2.46333
1.26 2.46875
1.263 2.47415
1.266 2.47952
1.269 2.48487
1.272 2.4902
1.275 2.4955
1.278 2.50078
1.281 2.50603
1.284 2.51126
1.287 2.51647
1.29 2.52166
1.293 2.52682
1.296 2.53196
1.299 2.53708
1.302 2.54217
1.305 2.54725
1.308 2.5523
1.311 2.55733
1.314 2.56234
1.317 2.56733
1.32 2.57229
1.323 2.57724
1.326 2.58217
1.329 2.58707
1.332 2.59196
1.335 2.59683
1.338 2.60167
1.341 2.6065
1.344 2.61131
1.347 2.6161
1.35 2.62087
1.353 2.62562
1.356 2.63036
1.359 2.63507
1.362 2.63977
1.365 2.64445
1.368 2.64912
1.371 2.65376
1.374 2.65839
1.377 2.663
1.38 2.6676
1.383 2.67218
1.386 2.67674
1.389 2.68129
1.392 2.68582
1.395 2.69034
1.398 2.69484
1.401 2.69932
1.404 2.70379
1.407 2.70825
1.41 2.71269
1.413 2.71711
1.416 2.72153
1.419 2.72593
1.422 2.73031
1.425 2.73468
1.428 2.73904
1.431 2.74338
1.434 2.74772
1.437 2.75203
1.44 2.75634
1.443 2.76063
1.446 2.76492
1.449 2.76919
1.452 2.77344
1.455 2.77769
1.458 2.78192
1.461 2.78615
1.464 2.79036
1.467 2.79456
1.47 2.79875
1.473 2.80293
1.476 2.8071
1.479 2.81126
1.482 2.81541
1.485 2.81955
1.488 2.82368
1.491 2.8278
1.494 2.83191
1.497 2.83601
1.5 2.8401
1.503 2.84418
1.506 2.84826
1.509 2.85232
1.512 2.85638
1.515 2.86043
1.518 2.86447
1.521 2.8685
1.524 2.87253
1.527 2.87655
1.53 2.88056
1.533 2.88456
1.536 2.88856
1.539 2.89254
1.542 2.89652
1.545 2.9005
1.548 2.90447
1.551 2.90843
1.554 2.91238
1.557 2.91633
1.56 2.92027
1.563 2.92421
1.566 2.92814
1.569 2.93207
1.572 2.93598
1.575 2.9399
1.578 2.94381
1.581 2.94771
1.584 2.95161
1.587 2.9555
1.59 2.95939
1.593 2.96327
1.596 2.96715
1.599 2.97102
1.602 2.97489
1.605 2.97876
1.608 2.98262
1.611 2.98647
1.614 2.99033
1.617 2.99418
1.62 2.99802
1.623 3.00186
1.626 3.0057
1.629 3.00953
1.632 3.01336
1.635 3.01719
1.638 3.02102
1.641 3.02484
1.644 3.02865
1.647 3.03247
1.65 3.03628
1.653 3.04009
1.656 3.0439
1.659 3.0477
1.662 3.0515
1.665 3.0553
1.668 3.0591
1.671 3.06289
1.674 3.06668
1.677 3.07047
1.68 3.07426
1.683 3.07804
1.686 3.08182
1.689 3.08561
1.692 3.08939
1.695 3.09316
1.698 3.09694
1.701 3.10071
1.704 3.10448
1.707 3.10825
1.71 3.11202
1.713 3.11579
1.716 3.11956
1.719 3.12332
1.722 3.12708
1.725 3.13084
1.728 3.13461
1.731 3.13836
1.734 3.14212
1.737 3.14588
1.74 3.14963
1.743 3.15339
1.746 3.15714
1.749 3.16089
1.752 3.16464
1.755 3.16839
1.758 3.17214
1.761 3.17589
1.764 3.17964
1.767 3.18338
1.77 3.18713
1.773 3.19087
1.776 3.19462
1.779 3.19836
1.782 3.2021
1.785 3.20584
1.788 3.20958
1.791 3.21332
1.794 3.21706
1.797 3.22079
1.8 3.22453
1.803 3.22826
1.806 3.232
1.809 3.23573
1.812 3.23946
1.815 3.24319
1.818 3.24692
1.821 3.25065
1.824 3.25438
1.827 3.2581
1.83 3.26183
1.833 3.26555
1.836 3.26928
1.839 3.273
1.842 3.27672
1.845 3.28044
1.848 3.28416
1.851 3.28787
1.854 3.29159
1.857 3.2953
1.86 3.29902
1.863 3.30273
1.866 3.30644
1.869 3.31014
1.872 3.31385
1.875 3.31755
1.878 3.32126
1.881 3.32496
1.884 3.32866
1.887 3.33235
1.89 3.33605
1.893 3.33974
1.896 3.34343
1.899 3.34712
1.902 3.3508
1.905 3.35449
1.908 3.35817
1.911 3.36185
1.914 3.36552
1.917 3.36919
1.92 3.37286
1.923 3.37653
1.926 3.38019
1.929 3.38386
1.932 3.38751
1.935 3.39117
1.938 3.39482
1.941 3.39847
1.944 3.40211
1.947 3.40575
1.95 3.40939
1.953 3.41302
1.956 3.41665
1.959 3.42027
1.962 3.42389
1.965 3.42751
1.968 3.43112
1.971 3.43473
1.974 3.43833
1.977 3.44193
1.98 3.44552
1.983 3.44911
1.986 3.45269
1.989 3.45626
1.992 3.45984
1.995 3.4634
1.998 3.46696
2.001 3.47052
2.004 3.47407
2.007 3.47761
2.01 3.48115
2.013 3.48468
2.016 3.4882
2.019 3.49172
2.022 3.49523
2.025 3.49873
2.028 3.50223
2.031 3.50572
2.034 3.5092
2.037 3.51268
2.04 3.51614
2.043 3.5196
2.046 3.52306
2.049 3.5265
2.052 3.52994
2.055 3.53336
2.058 3.53678
2.061 3.54019
2.064 3.5436
2.067 3.54699
2.07 3.55037
2.073 3.55375
2.076 3.55712
2.079 3.56047
2.082 3.56382
2.085 3.56716
2.088 3.57049
2.091 3.5738
2.094 3.57711
2.097 3.58041
2.1 3.5837
2.103 3.58697
2.106 3.59024
2.109 3.5935
2.112 3.59674
2.115 3.59997
2.118 3.6032
2.121 3.60641
2.124 3.60961
2.127 3.6128
2.13 3.61597
2.133 3.61914
2.136 3.62229
2.139 3.62543
2.142 3.62856
2.145 3.63167
2.148 3.63477
2.151 3.63786
2.154 3.64094
2.157 3.644
2.16 3.64706
2.163 3.65009
2.166 3.65312
2.169 3.65613
2.172 3.65913
2.175 3.66211
2.178 3.66508
2.181 3.66804
2.184 3.67098
2.187 3.67391
2.19 3.67682
2.193 3.67972
2.196 3.68261
2.199 3.68548
2.202 3.68833
2.205 3.69117
2.208 3.694
2.211 3.69681
2.214 3.69961
2.217 3.70239
2.22 3.70515
2.223 3.7079
2.226 3.71064
2.229 3.71336
2.232 3.71606
2.235 3.71875
2.238 3.72142
2.241 3.72408
2.244 3.72672
2.247 3.72934
2.25 3.73195
2.253 3.73454
2.256 3.73712
2.259 3.73968
2.262 3.74222
2.265 3.74475
2.268 3.74726
2.271 3.74975
2.274 3.75223
2.277 3.75469
2.28 3.75714
2.283 3.75957
2.286 3.76198
2.289 3.76437
2.292 3.76675
2.295 3.76911
2.298 3.77145
2.301 3.77378
2.304 3.77609
2.307 3.77838
2.31 3.78066
2.313 3.78292
2.316 3.78516
2.319 3.78738
2.322 3.78959
2.325 3.79178
2.328 3.79396
2.331 3.79611
2.334 3.79825
2.337 3.80038
2.34 3.80248
2.343 3.80457
2.346 3.80664
2.349 3.8087
2.352 3.81073
2.355 3.81275
2.358 3.81476
2.361 3.81674
2.364 3.81871
2.367 3.82066
2.37 3.8226
2.373 3.82452
2.376 3.82642
2.379 3.8283
2.382 3.83017
2.385 3.83202
2.388 3.83385
2.391 3.83567
2.394 3.83747
2.397 3.83925
2.4 3.84102
2.403 3.84277
2.406 3.84451
2.409 3.84622
2.412 3.84792
2.415 3.84961
2.418 3.85128
2.421 3.85293
2.424 3.85456
2.427 3.85618
2.43 3.85779
2.433 3.85938
2.436 3.86095
2.439 3.8625
2.442 3.86404
2.445 3.86556
2.448 3.86707
2.451 3.86857
2.454 3.87004
2.457 3.8715
2.46 3.87295
2.463 3.87438
2.466 3.87579
2.469 3.87719
2.472 3.87858
2.475 3.87995
2.478 3.8813
2.481 3.88264
2.484 3.88397
2.487 3.88528
2.49 3.88657
2.493 3.88785
2.496 3.88912
2.499 3.89037
2.502 3.89161
2.505 3.89283
2.508 3.89404
2.511 3.89523
2.514 3.89641
2.517 3.89758
2.52 3.89873
2.523 3.89987
2.526 3.901
2.529 3.90211
2.532 3.90321
2.535 3.90429
2.538 3.90536
2.541 3.90642
2.544 3.90747
2.547 3.9085
2.55 3.90952
2.553 3.91053
2.556 3.91152
2.559 3.9125
2.562 3.91347
2.565 3.91443
2.568 3.91537
2.571 3.91631
2.574 3.91723
2.577 3.91813
2.58 3.91903
2.583 3.91991
2.586 3.92079
2.589 3.92165
2.592 3.9225
2.595 3.92333
2.598 3.92416
2.601 3.92498
2.604 3.92578
2.607 3.92657
2.61 3.92735
2.613 3.92812
2.616 3.92889
2.619 3.92963
2.622 3.93037
2.625 3.9311
2.628 3.93182
2.631 3.93253
2.634 3.93323
2.637 3.93391
2.64 3.93459
2.643 3.93526
2.646 3.93592
2.649 3.93656
2.652 3.9372
2.655 3.93783
2.658 3.93845
2.661 3.93906
2.664 3.93966
2.667 3.94025
2.67 3.94083
2.673 3.94141
2.676 3.94197
2.679 3.94253
2.682 3.94307
2.685 3.94361
2.688 3.94414
2.691 3.94466
2.694 3.94517
2.697 3.94568
2.7 3.94618
2.703 3.94666
2.706 3.94714
2.709 3.94762
2.712 3.94808
2.715 3.94854
2.718 3.94899
2.721 3.94943
2.724 3.94986
2.727 3.95029
2.73 3.95071
2.733 3.95112
2.736 3.95152
2.739 3.95192
2.742 3.95231
2.745 3.95269
2.748 3.95307
2.751 3.95344
2.754 3.9538
2.757 3.95416
2.76 3.95451
2.763 3.95485
2.766 3.95518
2.769 3.95552
2.772 3.95584
2.775 3.95616
2.778 3.95647
2.781 3.95677
2.784 3.95707
2.787 3.95737
2.79 3.95765
2.793 3.95794
2.796 3.95821
2.799 3.95848
2.802 3.95875
2.805 3.95901
2.808 3.95926
2.811 3.95951
2.814 3.95975
2.817 3.95999
2.82 3.96022
2.823 3.96045
2.826 3.96067
2.829 3.96089
2.832 3.96111
2.835 3.96131
2.838 3.96152
2.841 3.96171
2.844 3.96191
2.847 3.9621
2.85 3.96228
2.853 3.96246
2.856 3.96264
2.859 3.96281
2.862 3.96297
2.865 3.96314
2.868 3.9633
2.871 3.96345
2.874 3.9636
2.877 3.96375
2.88 3.96389
2.883 3.96403
2.886 3.96416
2.889 3.96429
2.892 3.96442
2.895 3.96454
2.898 3.96466
2.901 3.96477
2.904 3.96488
2.907 3.96499
2.91 3.9651
2.913 3.9652
2.916 3.9653
2.919 3.96539
2.922 3.96548
2.925 3.96557
2.928 3.96565
2.931 3.96573
2.934 3.96581
2.937 3.96589
2.94 3.96596
2.943 3.96603
2.946 3.96609
2.949 3.96616
2.952 3.96622
2.955 3.96627
2.958 3.96633
2.961 3.96638
2.964 3.96643
2.967 3.96648
2.97 3.96652
2.973 3.96656
2.976 3.9666
2.979 3.96664
2.982 3.96667
2.985 3.9667
2.988 3.96673
2.991 3.96675
2.994 3.96678
2.997 3.9668
3 3.96682
3.001 0
