0 0
0.003 0.55694
0.006 0.5584
0.009 0.559868
0.012 0.561344
0.015 0.562828
0.018 0.56432
0.021 0.56582
0.024 0.567328
0.027 0.568845
0.03 0.570369
0.033 0.571902
0.036 0.573443
0.039 0.574992
0.042 0.576549
0.045 0.578115
0.048 0.579688
0.051 0.58127
0.054 0.582861
0.057 0.58446
0.06 0.586067
0.063 0.587682
0.066 0.589306
0.069 0.590938
0.072 0.592579
0.075 0.594228
0.078 0.595885
0.081 0.597552
0.084 0.599226
0.087 0.600909
0.09 0.602601
0.093 0.604301
0.096 0.606009
0.099 0.607727
0.102 0.609453
0.105 0.611187
0.108 0.61293
0.111 0.614682
0.114 0.616442
0.117 0.618211
0.12 0.619989
0.123 0.621775
0.126 0.62357
0.129 0.625374
0.132 0.627186
0.135 0.629007
0.138 0.630837
0.141 0.632676
0.144 0.634523
0.147 0.636379
0.15 0.638244
0.153 0.640118
0.156 0.642
0.159 0.643891
0.162 0.645791
0.165 0.6477
0.168 0.649617
0.171 0.651544
0.174 0.653479
0.177 0.655423
0.18 0.657376
0.183 0.659337
0.186 0.661308
0.189 0.663287
0.192 0.665275
0.195 0.667272
0.198 0.669277
0.201 0.671292
0.204 0.673315
0.207 0.675347
0.21 0.677388
0.213 0.679437
0.216 0.681496
0.219 0.683563
0.222 0.685639
0.225 0.687724
0.228 0.689817
0.231 0.691919
0.234 0.69403
0.237 0.69615
0.24 0.698278
0.243 0.700415
0.246 0.702561
0.249 0.704716
0.252 0.706879
0.255 0.709051
0.258 0.711231
0.261 0.71342
0.264 0.715618
0.267 0.717824
0.27 0.720039
0.273 0.722263
0.276 0.724495
0.279 0.726735
0.282 0.728984
0.285 0.731242
0.288 0.733508
0.291 0.735782
0.294 0.738065
0.297 0.740356
0.3 0.742656
0.303 0.744964
0.306 0.74728
0.309 0.749605
0.312 0.751938
0.315 0.754279
0.318 0.756628
0.321 0.758985
0.324 0.761351
0.327 0.763725
0.33 0.766107
0.333 0.768497
0.336 0.770895
0.339 0.7733
0.342 0.775714
0.345 0.778136
0.348 0.780566
0.351 0.783003
0.354 0.785449
0.357 0.787902
0.36 0.790363
0.363 0.792831
0.366 0.795308
0.369 0.797792
0.372 0.800283
0.375 0.802782
0.378 0.805289
0.381 0.807802
0.384 0.810324
0.387 0.812852
0.39 0.815389
0.393 0.817932
0.396 0.820482
0.399 0.82304
0.402 0.825605
0.405 0.828177
0.408 0.830756
0.411 0.833342
0.414 0.835934
0.417 0.838534
0.42 0.841141
0.423 0.843754
0.426 0.846374
0.429 0.849001
0.432 0.851634
0.435 0.854274
0.438 0.85692
0.441 0.859573
0.444 0.862232
0.447 0.864898
0.45 0.867569
0.453 0.870247
0.456 0.872932
0.459 0.875622
0.462 0.878318
0.465 0.88102
0.468 0.883728
0.471 0.886442
0.474 0.889162
0.477 0.891888
0.48 0.894619
0.483 0.897356
0.486 0.900098
0.489 0.902846
0.492 0.905599
0.495 0.908357
0.498 0.911121
0.501 0.91389
0.504 0.916664
0.507 0.919443
0.51 0.922228
0.513 0.925017
0.516 0.927811
0.519 0.930609
0.522 0.933413
0.525 0.936221
0.528 0.939034
0.531 0.941851
0.534 0.944672
0.537 0.947499
0.54 0.950329
0.543 0.953163
0.546 0.956002
0.549 0.958845
0.552 0.961692
0.555 0.964543
0.558 0.967397
0.561 0.970256
0.564 0.973118
0.567 0.975983
0.57 0.978853
0.573 0.981726
0.576 0.984602
0.579 0.987481
0.582 0.990364
0.585 0.99325
0.588 0.99614
0.591 0.999032
0.594 1.00193
0.597 1.00483
0.6 1.00773
0.603 1.01063
0.606 1.01354
0.609 1.01645
0.612 1.01936
0.615 1.02227
0.618 1.02519
0.621 1.02811
0.624 1.03103
0.627 1.03395
0.63 1.03688
0.633 1.0398
0.636 1.04273
0.639 1.04566
0.642 1.04859
0.645 1.05153
0.648 1.05447
0.651 1.0574
0.654 1.06034
0.657 1.06328
0.66 1.06622
0.663 1.06917
0.666 1.07211
0.669 1.07506
0.672 1.078
0.675 1.08095
0.678 1.0839
0.681 1.08685
0.684 1.0898
0.687 1.09275
0.69 1.0957
0.693 1.09865
0.696 1.10161
0.699 1.10456
0.702 1.10751
0.705 1.11046
0.708 1.11342
0.711 1.11637
0.714 1.11933
0.717 1.12228
0.72 1.12523
0.723 1.12819
0.726 1.13114
0.729 1.13409
0.732 1.13705
0.735 1.14
0.738 1.14295
0.741 1.1459
0.744 1.14885
0.747 1.1518
0.75 1.15475
0.753 1.1577
0.756 1.16065
0.759 1.1636
0.762 1.16654
0.765 1.16949
0.768 1.17243
0.771 1.17538
0.774 1.17832
0.777 1.18126
0.78 1.1842
0.783 1.18714
0.786 1.19007
0.789 1.19301
0.792 1.19594
0.795 1.19888
0.798 1.20181
0.801 1.20473
0.804 1.20766
0.807 1.21059
0.81 1.21351
0.813 1.21643
0.816 1.21935
0.819 1.22227
0.822 1.22519
0.825 1.2281
0.828 1.23102
0.831 1.23393
0.834 1.23683
0.837 1.23974
0.84 1.24264
0.843 1.24554
0.846 1.24844
0.849 1.25134
0.852 1.25423
0.855 1.25713
0.858 1.26002
0.861 1.2629
0.864 1.26579
0.867 1.26867
0.87 1.27155
0.873 1.27443
0.876 1.2773
0.879 1.28017
0.882 1.28304
0.885 1.28591
0.888 1.28877
0.891 1.29163
0.894 1.29449
0.897 1.29734
0.9 1.3002
0.903 1.30305
0.906 1.30589
0.909 1.30874
0.912 1.31158
0.915 1.31441
0.918 1.31725
0.921 1.32008
0.924 1.32291
0.927 1.32573
0.93 1.32856
0.933 1.33138
0.936 1.33419
0.939 1.33701
0.942 1.33982
0.945 1.34262
0.948 1.34543
0.951 1.34823
0.954 1.35103
0.957 1.35382
0.96 1.35661
0.963 1.3594
0.966 1.36219
0.969 1.36497
0.972 1.36775
0.975 1.37053
0.978 1.3733
0.981 1.37607
0.984 1.37884
0.987 1.3816
0.99 1.38436
0.993 1.38712
0.996 1.38987
0.999 1.39262
1.002 1.39537
1.005 1.39812
1.008 1.40086
1.011 1.4036
1.014 1.40633
1.017 1.40907
1.02 1.4118
1.023 1.41452
1.026 1.41725
1.029 1.41997
1.032 1.42268
1.035 1.4254
1.038 1.42811
1.041 1.43082
1.044 1.43352
1.047 1.43623
1.05 1.43893
1.053 1.44162
1.056 1.44432
1.059 1.44701
1.062 1.4497
1.065 1.45238
1.068 1.45507
1.071 1.45775
1.074 1.46043
1.077 1.4631
1.08 1.46577
1.083 1.46844
1.086 1.47111
1.089 1.47378
1.092 1.47644
1.095 1.4791
1.098 1.48176
1.101 1.48441
1.104 1.48706
1.107 1.48971
1.11 1.49236
1.113 1.49501
1.116 1.49765
1.119 1.50029
1.122 1.50293
1.125 1.50557
1.128 1.5082
1.131 1.51083
1.134 1.51347
1.137 1.51609
1.14 1.51872
1.143 1.52135
1.146 1.52397
1.149 1.52659
1.152 1.52921
1.155 1.53183
1.158 1.53445
1.161 1.53706
1.164 1.53967
1.167 1.54229
1.17 1.5449
1.173 1.54751
1.176 1.55011
1.179 1.55272
1.182 1.55532
1.185 1.55793
1.188 1.56053
1.191 1.56313
1.194 1.56573
1.197 1.56833
1.2 1.57093
1.203 1.57353
1.206 1.57613
1.209 1.57873
1.212 1.58132
1.215 1.58392
1.218 1.58651
1.221 1.58911
1.224 1.5917
1.227 1.5943
1.23 1.59689
1.233 1.59948
1.236 1.60208
1.239 1.60467
1.242 1.60726
1.245 1.60986
1.248 1.61245
1.251 1.61505
1.254 1.61764
1.257 1.62024
1.26 1.62283
1.263 1.62543
1.266 1.62802
1.269 1.63062
1.272 1.63322
1.275 1.63582
1.278 1.63842
1.281 1.64102
1.284 1.64362
1.287 1.64622
1.29 1.64882
1.293 1.65143
1.296 1.65404
1.299 1.65665
1.302 1.65926
1.305 1.66187
1.308 1.66448
1.311 1.6671
1.314 1.66971
1.317 1.67233
1.32 1.67495
1.323 1.67758
1.326 1.6802
1.329 1.68283
1.332 1.68546
1.335 1.6881
1.338 1.69073
1.341 1.69337
1.344 1.69601
1.347 1.69866
1.35 1.70131
1.353 1.70396
1.356 1.70661
1.359 1.70927
1.362 1.71193
1.365 1.7146
1.368 1.71727
1.371 1.71994
1.374 1.72261
1.377 1.7253
1.38 1.72798
1.383 1.73067
1.386 1.73336
1.389 1.73606
1.392 1.73876
1.395 1.74147
1.398 1.74418
1.401 1.7469
1.404 1.74962
1.407 1.75235
1.41 1.75508
1.413 1.75782
1.416 1.76057
1.419 1.76332
1.422 1.76607
1.425 1.76884
1.428 1.7716
1.431 1.77438
1.434 1.77716
1.437 1.77994
1.44 1.78274
1.443 1.78554
1.446 1.78835
1.449 1.79116
1.452 1.79398
1.455 1.79681
1.458 1.79965
1.461 1.80249
1.464 1.80534
1.467 1.8082
1.47 1.81107
1.473 1.81395
1.476 1.81683
1.479 1.81973
1.482 1.82263
1.485 1.82554
1.488 1.82846
1.491 1.83139
1.494 1.83432
1.497 1.83727
1.5 1.84023
1.503 1.84319
1.506 1.84617
1.509 1.84916
1.512 1.85215
1.515 1.85516
1.518 1.85818
1.521 1.86121
1.524 1.86425
1.527 1.8673
1.53 1.87036
1.533 1.87343
1.536 1.87652
1.539 1.87962
1.542 1.88273
1.545 1.88585
1.548 1.88898
1.551 1.89213
1.554 1.89529
1.557 1.89846
1.56 1.90164
1.563 1.90484
1.566 1.90805
1.569 1.91128
1.572 1.91452
1.575 1.91777
1.578 1.92104
1.581 1.92432
1.584 1.92761
1.587 1.93093
1.59 1.93425
1.593 1.93759
1.596 1.94095
1.599 1.94432
1.602 1.94771
1.605 1.95112
1.608 1.95454
1.611 1.95797
1.614 1.96143
1.617 1.9649
1.62 1.96839
1.623 1.97189
1.626 1.97541
1.629 1.97895
1.632 1.98251
1.635 1.98609
1.638 1.98968
1.641 1.9933
1.644 1.99693
1.647 2.00058
1.65 2.00425
1.653 2.00794
1.656 2.01165
1.659 2.01538
1.662 2.01913
1.665 2.0229
1.668 2.02669
1.671 2.03051
1.674 2.03434
1.677 2.03819
1.68 2.04207
1.683 2.04597
1.686 2.04989
1.689 2.05383
1.692 2.0578
1.695 2.06178
1.698 2.06579
1.701 2.06983
1.704 2.07389
1.707 2.07797
1.71 2.08207
1.713 2.0862
1.716 2.09035
1.719 2.09453
1.722 2.09873
1.725 2.10296
1.728 2.10722
1.731 2.11149
1.734 2.1158
1.737 2.12013
1.74 2.12449
1.743 2.12887
1.746 2.13328
1.749 2.13772
1.752 2.14218
1.755 2.14668
1.758 2.1512
1.761 2.15574
1.764 2.16032
1.767 2.16493
1.77 2.16956
1.773 2.17422
1.776 2.17891
1.779 2.18363
1.782 2.18839
1.785 2.19317
1.788 2.19798
1.791 2.20282
1.794 2.20769
1.797 2.21259
1.8 2.21752
1.803 2.22249
1.806 2.22748
1.809 2.23251
1.812 2.23757
1.815 2.24266
1.818 2.24779
1.821 2.25294
1.824 2.25813
1.827 2.26335
1.83 2.26861
1.833 2.2739
1.836 2.27922
1.839 2.28457
1.842 2.28996
1.845 2.29539
1.848 2.30085
1.851 2.30634
1.854 2.31187
1.857 2.31743
1.86 2.32303
1.863 2.32866
1.866 2.33432
1.869 2.34003
1.872 2.34577
1.875 2.35154
1.878 2.35735
1.881 2.3632
1.884 2.36908
1.887 2.375
1.89 2.38096
1.893 2.38695
1.896 2.39298
1.899 2.39905
1.902 2.40515
1.905 2.41129
1.908 2.41747
1.911 2.42368
1.914 2.42993
1.917 2.43622
1.92 2.44255
1.923 2.44892
1.926 2.45532
1.929 2.46176
1.932 2.46824
1.935 2.47475
1.938 2.48131
1.941 2.4879
1.944 2.49453
1.947 2.5012
1.95 2.5079
1.953 2.51464
1.956 2.52142
1.959 2.52824
1.962 2.5351
1.965 2.54199
1.968 2.54893
1.971 2.5559
1.974 2.5629
1.977 2.56995
1.98 2.57703
1.983 2.58415
1.986 2.59131
1.989 2.5985
1.992 2.60573
1.995 2.613
1.998 2.6203
2.001 2.62764
2.004 2.63502
2.007 2.64243
2.01 2.64988
2.013 2.65737
2.016 2.66488
2.019 2.67244
2.022 2.68003
2.025 2.68765
2.028 2.69531
2.031 2.70301
2.034 2.71073
2.037 2.71849
2.04 2.72628
2.043 2.73411
2.046 2.74197
2.049 2.74986
2.052 2.75778
2.055 2.76573
2.058 2.77372
2.061 2.78173
2.064 2.78978
2.067 2.79785
2.07 2.80595
2.073 2.81408
2.076 2.82224
2.079 2.83043
2.082 2.83864
2.085 2.84688
2.088 2.85514
2.091 2.86343
2.094 2.87175
2.097 2.88009
2.1 2.88845
2.103 2.89683
2.106 2.90524
2.109 2.91366
2.112 2.92211
2.115 2.93058
2.118 2.93906
2.121 2.94757
2.124 2.95609
2.127 2.96463
2.13 2.97318
2.133 2.98175
2.136 2.99034
2.139 2.99893
2.142 3.00754
2.145 3.01616
2.148 3.02479
2.151 3.03344
2.154 3.04209
2.157 3.05074
2.16 3.05941
2.163 3.06808
2.166 3.07676
2.169 3.08544
2.172 3.09412
2.175 3.1028
2.178 3.11149
2.181 3.12018
2.184 3.12886
2.187 3.13754
2.19 3.14622
2.193 3.1549
2.196 3.16357
2.199 3.17223
2.202 3.18089
2.205 3.18953
2.208 3.19817
2.211 3.2068
2.214 3.21541
2.217 3.22401
2.22 3.2326
2.223 3.24117
2.226 3.24972
2.229 3.25826
2.232 3.26678
2.235 3.27528
2.238 3.28375
2.241 3.29221
2.244 3.30064
2.247 3.30905
2.25 3.31743
2.253 3.32578
2.256 3.33411
2.259 3.34241
2.262 3.35068
2.265 3.35891
2.268 3.36712
2.271 3.37529
2.274 3.38343
2.277 3.39153
2.28 3.39959
2.283 3.40762
2.286 3.41561
2.289 3.42356
2.292 3.43147
2.295 3.43934
2.298 3.44717
2.301 3.45495
2.304 3.46269
2.307 3.47038
2.31 3.47803
2.313 3.48563
2.316 3.49318
2.319 3.50069
2.322 3.50814
2.325 3.51555
2.328 3.5229
2.331 3.53021
2.334 3.53746
2.337 3.54465
2.34 3.5518
2.343 3.55889
2.346 3.56593
2.349 3.57291
2.352 3.57983
2.355 3.5867
2.358 3.59351
2.361 3.60026
2.364 3.60696
2.367 3.61359
2.37 3.62017
2.373 3.62669
2.376 3.63315
2.379 3.63955
2.382 3.64589
2.385 3.65216
2.388 3.65838
2.391 3.66454
2.394 3.67063
2.397 3.67666
2.4 3.68264
2.403 3.68855
2.406 3.69439
2.409 3.70018
2.412 3.7059
2.415 3.71157
2.418 3.71716
2.421 3.7227
2.424 3.72818
2.427 3.73359
2.43 3.73894
2.433 3.74423
2.436 3.74946
2.439 3.75462
2.442 3.75972
2.445 3.76477
2.448 3.76975
2.451 3.77467
2.454 3.77953
2.457 3.78432
2.46 3.78906
2.463 3.79374
2.466 3.79835
2.469 3.80291
2.472 3.80741
2.475 3.81185
2.478 3.81623
2.481 3.82055
2.484 3.82482
2.487 3.82902
2.49 3.83317
2.493 3.83727
2.496 3.8413
2.499 3.84528
2.502 3.84921
2.505 3.85308
2.508 3.85689
2.511 3.86065
2.514 3.86436
2.517 3.86801
2.52 3.87161
2.523 3.87516
2.526 3.87865
2.529 3.8821
2.532 3.88549
2.535 3.88883
2.538 3.89213
2.541 3.89537
2.544 3.89856
2.547 3.90171
2.55 3.90481
2.553 3.90786
2.556 3.91086
2.559 3.91382
2.562 3.91673
2.565 3.91959
2.568 3.92242
2.571 3.92519
2.574 3.92792
2.577 3.93061
2.58 3.93326
2.583 3.93587
2.586 3.93843
2.589 3.94095
2.592 3.94343
2.595 3.94587
2.598 3.94827
2.601 3.95064
2.604 3.95296
2.607 3.95524
2.61 3.95749
2.613 3.9597
2.616 3.96188
2.619 3.96402
2.622 3.96612
2.625 3.96818
2.628 3.97022
2.631 3.97222
2.634 3.97418
2.637 3.97611
2.64 3.97801
2.643 3.97988
2.646 3.98171
2.649 3.98352
2.652 3.98529
2.655 3.98703
2.658 3.98874
2.661 3.99043
2.664 3.99208
2.667 3.99371
2.67 3.9953
2.673 3.99687
2.676 3.99841
2.679 3.99993
2.682 4.00142
2.685 4.00288
2.688 4.00432
2.691 4.00573
2.694 4.00711
2.697 4.00848
2.7 4.00981
2.703 4.01113
2.706 4.01242
2.709 4.01368
2.712 4.01493
2.715 4.01615
2.718 4.01735
2.721 4.01853
2.724 4.01969
2.727 4.02083
2.73 4.02194
2.733 4.02304
2.736 4.02411
2.739 4.02517
2.742 4.02621
2.745 4.02723
2.748 4.02823
2.751 4.02921
2.754 4.03017
2.757 4.03112
2.76 4.03204
2.763 4.03296
2.766 4.03385
2.769 4.03473
2.772 4.03559
2.775 4.03643
2.778 4.03726
2.781 4.03808
2.784 4.03888
2.787 4.03966
2.79 4.04043
2.793 4.04118
2.796 4.04192
2.799 4.04265
2.802 4.04336
2.805 4.04406
2.808 4.04475
2.811 4.04542
2.814 4.04608
2.817 4.04673
2.82 4.04736
2.823 4.04798
2.826 4.0486
2.829 4.04919
2.832 4.04978
2.835 4.05036
2.838 4.05092
2.841 4.05148
2.844 4.05202
2.847 4.05255
2.85 4.05307
2.853 4.05358
2.856 4.05409
2.859 4.05458
2.862 4.05506
2.865 4.05553
2.868 4.05599
2.871 4.05645
2.874 4.05689
2.877 4.05733
2.88 4.05775
2.883 4.05817
2.886 4.05858
2.889 4.05898
2.892 4.05938
2.895 4.05976
2.898 4.06014
2.901 4.06051
2.904 4.06087
2.907 4.06122
2.91 4.06157
2.913 4.06191
2.916 4.06224
2.919 4.06257
2.922 4.06289
2.925 4.0632
2.928 4.0635
2.931 4.0638
2.934 4.0641
2.937 4.06438
2.94 4.06466
2.943 4.06494
2.946 4.0652
2.949 4.06547
2.952 4.06572
2.955 4.06597
2.958 4.06622
2.961 4.06646
2.964 4.06669
2.967 4.06692
2.97 4.06714
2.973 4.06736
2.976 4.06758
2.979 4.06779
2.982 4.06799
2.985 4.06819
2.988 4.06838
2.991 4.06857
2.994 4.06876
2.997 4.06894
3 4.06912
3.001 0
