0 -10
0.003 -6.42962
0.006 -6.42667
0.009 -6.42371
0.012 -6.42073
0.015 -6.41773
0.018 -6.41473
0.021 -6.4117
0.024 -6.40866
0.027 -6.40561
0.03 -6.40254
0.033 -6.39946
0.036 -6.39636
0.039 -6.39324
0.042 -6.39011
0.045 -6.38697
0.048 -6.38381
0.051 -6.38064
0.054 -6.37745
0.057 -6.37424
0.06 -6.37102
0.063 -6.36779
0.066 -6.36454
0.069 -6.36127
0.072 -6.35799
0.075 -6.3547
0.078 -6.35138
0.081 -6.34806
0.084 -6.34472
0.087 -6.34136
0.09 -6.33799
0.093 -6.3346
0.096 -6.3312
0.099 -6.32778
0.102 -6.32435
0.105 -6.3209
0.108 -6.31744
0.111 -6.31396
0.114 -6.31047
0.117 -6.30696
0.12 -6.30343
0.123 -6.29989
0.126 -6.29634
0.129 -6.29277
0.132 -6.28919
0.135 -6.28559
0.138 -6.28197
0.141 -6.27834
0.144 -6.2747
0.147 -6.27104
0.15 -6.26737
0.153 -6.26368
0.156 -6.25997
0.159 -6.25625
0.162 -6.25252
0.165 -6.24877
0.168 -6.24501
0.171 -6.24123
0.174 -6.23743
0.177 -6.23363
0.18 -6.2298
0.183 -6.22596
0.186 -6.22211
0.189 -6.21825
0.192 -6.21436
0.195 -6.21047
0.198 -6.20656
0.201 -6.20263
0.204 -6.1987
0.207 -6.19474
0.21 -6.19077
0.213 -6.18679
0.216 -6.1828
0.219 -6.17879
0.222 -6.17476
0.225 -6.17072
0.228 -6.16667
0.231 -6.16261
0.234 -6.15853
0.237 -6.15443
0.24 -6.15033
0.243 -6.1462
0.246 -6.14207
0.249 -6.13792
0.252 -6.13376
0.255 -6.12959
0.258 -6.1254
0.261 -6.1212
0.264 -6.11698
0.267 -6.11275
0.27 -6.10851
0.273 -6.10426
0.276 -6.09999
0.279 -6.09571
0.282 -6.09142
0.285 -6.08712
0.288 -6.0828
0.291 -6.07847
0.294 -6.07413
0.297 -6.06978
0.3 -6.06541
0.303 -6.06103
0.306 -6.05664
0.309 -6.05224
0.312 -6.04783
0.315 -6.0434
0.318 -6.03896
0.321 -6.03452
0.324 -6.03006
0.327 -6.02558
0.33 -6.0211
0.333 -6.01661
0.336 -6.0121
0.339 -6.00759
0.342 -6.00306
0.345 -5.99853
0.348 -5.99398
0.351 -5.98942
0.354 -5.98486
0.357 -5.98028
0.36 -5.97569
0.363 -5.97109
0.366 -5.96648
0.369 -5.96187
0.372 -5.95724
0.375 -5.9526
0.378 -5.94796
0.381 -5.9433
0.384 -5.93864
0.387 -5.93397
0.39 -5.92928
0.393 -5.92459
0.396 -5.9199
0.399 -5.91519
0.402 -5.91047
0.405 -5.90575
0.408 -5.90102
0.411 -5.89628
0.414 -5.89153
0.417 -5.88677
0.42 -5.88201
0.423 -5.87724
0.426 -5.87247
0.429 -5.86768
0.432 -5.86289
0.435 -5.85809
0.438 -5.85329
0.441 -5.84848
0.444 -5.84366
0.447 -5.83884
0.45 -5.83401
0.453 -5.82917
0.456 -5.82433
0.459 -5.81948
0.462 -5.81463
0.465 -5.80977
0.468 -5.80491
0.471 -5.80004
0.474 -5.79517
0.477 -5.79029
0.48 -5.78541
0.483 -5.78053
0.486 -5.77564
0.489 -5.77074
0.492 -5.76584
0.495 -5.76094
0.498 -5.75603
0.501 -5.75113
0.504 -5.74621
0.507 -5.7413
0.51 -5.73638
0.513 -5.73146
0.516 -5.72653
0.519 -5.7216
0.522 -5.71667
0.525 -5.71174
0.528 -5.70681
0.531 -5.70187
0.534 -5.69694
0.537 -5.692
0.54 -5.68706
0.543 -5.68211
0.546 -5.67717
0.549 -5.67223
0.552 -5.66728
0.555 -5.66233
0.558 -5.65739
0.561 -5.65244
0.564 -5.64749
0.567 -5.64255
0.57 -5.6376
0.573 -5.63265
0.576 -5.6277
0.579 -5.62276
0.582 -5.61781
0.585 -5.61287
0.588 -5.60792
0.591 -5.60298
0.594 -5.59804
0.597 -5.5931
0.6 -5.58816
0.603 -5.58322
0.606 -5.57829
0.609 -5.57335
0.612 -5.56842
0.615 -5.56349
0.618 -5.55857
0.621 -5.55364
0.624 -5.54872
0.627 -5.5438
0.63 -5.53889
0.633 -5.53397
0.636 -5.52906
0.639 -5.52416
0.642 -5.51926
0.645 -5.51436
0.648 -5.50946
0.651 -5.50457
0.654 -5.49968
0.657 -5.4948
0.66 -5.48992
0.663 -5.48504
0.666 -5.48017
0.669 -5.47531
0.672 -5.47045
0.675 -5.46559
0.678 -5.46074
0.681 -5.45589
0.684 -5.45105
0.687 -5.44622
0.69 -5.44139
0.693 -5.43656
0.696 -5.43175
0.699 -5.42693
0.702 -5.42213
0.705 -5.41733
0.708 -5.41253
0.711 -5.40774
0.714 -5.40296
0.717 -5.39818
0.72 -5.39341
0.723 -5.38865
0.726 -5.3839
0.729 -5.37915
0.732 -5.3744
0.735 -5.36967
0.738 -5.36494
0.741 -5.36022
0.744 -5.35551
0.747 -5.3508
0.75 -5.3461
0.753 -5.34141
0.756 -5.33673
0.759 -5.33205
0.762 -5.32738
0.765 -5.32272
0.768 -5.31807
0.771 -5.31343
0.774 -5.30879
0.777 -5.30416
0.78 -5.29955
0.783 -5.29493
0.786 -5.29033
0.789 -5.28574
0.792 -5.28115
0.795 -5.27657
0.798 -5.27201
0.801 -5.26745
0.804 -5.26289
0.807 -5.25835
0.81 -5.25382
0.813 -5.24929
0.816 -5.24478
0.819 -5.24027
0.822 -5.23578
0.825 -5.23129
0.828 -5.22681
0.831 -5.22234
0.834 -5.21788
0.837 -5.21343
0.84 -5.20898
0.843 -5.20455
0.846 -5.20013
0.849 -5.19571
0.852 -5.19131
0.855 -5.18692
0.858 -5.18253
0.861 -5.17815
0.864 -5.17379
0.867 -5.16943
0.87 -5.16508
0.873 -5.16075
0.876 -5.15642
0.879 -5.1521
0.882 -5.14779
0.885 -5.1435
0.888 -5.13921
0.891 -5.13493
0.894 -5.13066
0.897 -5.1264
0.9 -5.12215
0.903 -5.11791
0.906 -5.11368
0.909 -5.10946
0.912 -5.10525
0.915 -5.10105
0.918 -5.09686
0.921 -5.09268
0.924 -5.08851
0.927 -5.08435
0.93 -5.08019
0.933 -5.07605
0.936 -5.07192
0.939 -5.0678
0.942 -5.06369
0.945 -5.05958
0.948 -5.05549
0.951 -5.05141
0.954 -5.04733
0.957 -5.04327
0.96 -5.03921
0.963 -5.03517
0.966 -5.03114
0.969 -5.02711
0.972 -5.02309
0.975 -5.01909
0.978 -5.01509
0.981 -5.0111
0.984 -5.00713
0.987 -5.00316
0.99 -4.9992
0.993 -4.99525
0.996 -4.99131
0.999 -4.98738
1.002 -4.98346
1.005 -4.97955
1.008 -4.97564
1.011 -4.97175
1.014 -4.96787
1.017 -4.96399
1.02 -4.96012
1.023 -4.95627
1.026 -4.95242
1.029 -4.94858
1.032 -4.94475
1.035 -4.94093
1.038 -4.93711
1.041 -4.93331
1.044 -4.92951
1.047 -4.92573
1.05 -4.92195
1.053 -4.91818
1.056 -4.91442
1.059 -4.91067
1.062 -4.90692
1.065 -4.90319
1.068 -4.89946
1.071 -4.89574
1.074 -4.89203
1.077 -4.88832
1.08 -4.88463
1.083 -4.88094
1.086 -4.87726
1.089 -4.87359
1.092 -4.86993
1.095 -4.86627
1.098 -4.86263
1.101 -4.85899
1.104 -4.85536
1.107 -4.85173
1.11 -4.84811
1.113 -4.8445
1.116 -4.8409
1.119 -4.83731
1.122 -4.83372
1.125 -4.83014
1.128 -4.82656
1.131 -4.823
1.134 -4.81944
1.137 -4.81588
1.14 -4.81234
1.143 -4.8088
1.146 -4.80527
1.149 -4.80174
1.152 -4.79822
1.155 -4.79471
1.158 -4.7912
1.161 -4.7877
1.164 -4.78421
1.167 -4.78072
1.17 -4.77724
1.173 -4.77376
1.176 -4.77029
1.179 -4.76683
1.182 -4.76337
1.185 -4.75992
1.188 -4.75647
1.191 -4.75303
1.194 -4.74959
1.197 -4.74616
1.2 -4.74274
1.203 -4.73932
1.206 -4.7359
1.209 -4.7325
1.212 -4.72909
1.215 -4.72569
1.218 -4.7223
1.221 -4.71891
1.224 -4.71552
1.227 -4.71214
1.23 -4.70877
1.233 -4.7054
1.236 -4.70203
1.239 -4.69867
1.242 -4.69531
1.245 -4.69195
1.248 -4.6886
1.251 -4.68526
1.254 -4.68191
1.257 -4.67858
1.26 -4.67524
1.263 -4.67191
1.266 -4.66858
1.269 -4.66526
1.272 -4.66194
1.275 -4.65862
1.278 -4.6553
1.281 -4.65199
1.284 -4.64868
1.287 -4.64538
1.29 -4.64208
1.293 -4.63878
1.296 -4.63548
1.299 -4.63218
1.302 -4.62889
1.305 -4.6256
1.308 -4.62232
1.311 -4.61903
1.314 -4.61575
1.317 -4.61247
1.32 -4.60919
1.323 -4.60591
1.326 -4.60264
1.329 -4.59936
1.332 -4.59609
1.335 -4.59282
1.338 -4.58955
1.341 -4.58628
1.344 -4.58302
1.347 -4.57975
1.35 -4.57649
1.353 -4.57322
1.356 -4.56996
1.359 -4.5667
1.362 -4.56344
1.365 -4.56018
1.368 -4.55692
1.371 -4.55366
1.374 -4.5504
1.377 -4.54714
1.38 -4.54388
1.383 -4.54063
1.386 -4.53737
1.389 -4.53411
1.392 -4.53085
1.395 -4.52759
1.398 -4.52433
1.401 -4.52107
1.404 -4.51781
1.407 -4.51455
1.41 -4.51129
1.413 -4.50802
1.416 -4.50476
1.419 -4.50149
1.422 -4.49823
1.425 -4.49496
1.428 -4.49169
1.431 -4.48842
1.434 -4.48515
1.437 -4.48187
1.44 -4.4786
1.443 -4.47532
1.446 -4.47204
1.449 -4.46876
1.452 -4.46548
1.455 -4.46219
1.458 -4.4589
1.461 -4.45561
1.464 -4.45232
1.467 -4.44902
1.47 -4.44572
1.473 -4.44242
1.476 -4.43912
1.479 -4.43581
1.482 -4.4325
1.485 -4.42919
1.488 -4.42587
1.491 -4.42255
1.494 -4.41923
1.497 -4.4159
1.5 -4.41257
1.503 -4.40924
1.506 -4.4059
1.509 -4.40256
1.512 -4.39921
1.515 -4.39586
1.518 -4.39251
1.521 -4.38915
1.524 -4.38579
1.527 -4.38242
1.53 -4.37905
1.533 -4.37567
1.536 -4.37229
1.539 -4.3689
1.542 -4.36551
1.545 -4.36211
1.548 -4.35871
1.551 -4.3553
1.554 -4.35189
1.557 -4.34847
1.56 -4.34505
1.563 -4.34162
1.566 -4.33819
1.569 -4.33475
1.572 -4.3313
1.575 -4.32785
1.578 -4.32439
1.581 -4.32093
1.584 -4.31746
1.587 -4.31398
1.59 -4.3105
1.593 -4.30701
1.596 -4.30352
1.599 -4.30002
1.602 -4.29651
1.605 -4.29299
1.608 -4.28947
1.611 -4.28594
1.614 -4.2824
1.617 -4.27886
1.62 -4.27531
1.623 -4.27175
1.626 -4.26819
1.629 -4.26462
1.632 -4.26104
1.635 -4.25745
1.638 -4.25385
1.641 -4.25025
1.644 -4.24664
1.647 -4.24302
1.65 -4.2394
1.653 -4.23576
1.656 -4.23212
1.659 -4.22847
1.662 -4.22481
1.665 -4.22115
1.668 -4.21747
1.671 -4.21379
1.674 -4.2101
1.677 -4.2064
1.68 -4.20269
1.683 -4.19898
1.686 -4.19525
1.689 -4.19152
1.692 -4.18778
1.695 -4.18403
1.698 -4.18027
1.701 -4.1765
1.704 -4.17272
1.707 -4.16894
1.71 -4.16514
1.713 -4.16134
1.716 -4.15752
1.719 -4.1537
1.722 -4.14987
1.725 -4.14603
1.728 -4.14218
1.731 -4.13832
1.734 -4.13445
1.737 -4.13058
1.74 -4.12669
1.743 -4.1228
1.746 -4.11889
1.749 -4.11498
1.752 -4.11105
1.755 -4.10712
1.758 -4.10318
1.761 -4.09923
1.764 -4.09527
1.767 -4.0913
1.77 -4.08732
1.773 -4.08333
1.776 -4.07933
1.779 -4.07533
1.782 -4.07131
1.785 -4.06728
1.788 -4.06325
1.791 -4.0592
1.794 -4.05515
1.797 -4.05109
1.8 -4.04701
1.803 -4.04293
1.806 -4.03884
1.809 -4.03474
1.812 -4.03063
1.815 -4.02651
1.818 -4.02239
1.821 -4.01825
1.824 -4.0141
1.827 -4.00995
1.83 -4.00579
1.833 -4.00161
1.836 -3.99743
1.839 -3.99324
1.842 -3.98905
1.845 -3.98484
1.848 -3.98062
1.851 -3.9764
1.854 -3.97217
1.857 -3.96792
1.86 -3.96368
1.863 -3.95942
1.866 -3.95515
1.869 -3.95088
1.872 -3.9466
1.875 -3.94231
1.878 -3.93801
1.881 -3.9337
1.884 -3.92939
1.887 -3.92507
1.89 -3.92074
1.893 -3.91641
1.896 -3.91206
1.899 -3.90771
1.902 -3.90336
1.905 -3.89899
1.908 -3.89462
1.911 -3.89025
1.914 -3.88586
1.917 -3.88147
1.92 -3.87708
1.923 -3.87267
1.926 -3.86826
1.929 -3.86385
1.932 -3.85943
1.935 -3.85501
1.938 -3.85057
1.941 -3.84614
1.944 -3.8417
1.947 -3.83725
1.95 -3.8328
1.953 -3.82834
1.956 -3.82388
1.959 -3.81942
1.962 -3.81495
1.965 -3.81048
1.968 -3.806
1.971 -3.80152
1.974 -3.79704
1.977 -3.79255
1.98 -3.78806
1.983 -3.78357
1.986 -3.77907
1.989 -3.77457
1.992 -3.77007
1.995 -3.76557
1.998 -3.76107
2.001 -3.75656
2.004 -3.75205
2.007 -3.74755
2.01 -3.74304
2.013 -3.73853
2.016 -3.73402
2.019 -3.72951
2.022 -3.725
2.025 -3.72049
2.028 -3.71598
2.031 -3.71147
2.034 -3.70696
2.037 -3.70245
2.04 -3.69795
2.043 -3.69345
2.046 -3.68894
2.049 -3.68444
2.052 -3.67995
2.055 -3.67545
2.058 -3.67096
2.061 -3.66648
2.064 -3.66199
2.067 -3.65751
2.07 -3.65304
2.073 -3.64857
2.076 -3.6441
2.079 -3.63964
2.082 -3.63518
2.085 -3.63073
2.088 -3.62629
2.091 -3.62185
2.094 -3.61742
2.097 -3.613
2.1 -3.60858
2.103 -3.60418
2.106 -3.59977
2.109 -3.59538
2.112 -3.591
2.115 -3.58663
2.118 -3.58226
2.121 -3.5779
2.124 -3.57356
2.127 -3.56922
2.13 -3.5649
2.133 -3.56059
2.136 -3.55629
2.139 -3.552
2.142 -3.54772
2.145 -3.54345
2.148 -3.5392
2.151 -3.53496
2.154 -3.53074
2.157 -3.52653
2.16 -3.52233
2.163 -3.51815
2.166 -3.51399
2.169 -3.50984
2.172 -3.5057
2.175 -3.50158
2.178 -3.49748
2.181 -3.4934
2.184 -3.48933
2.187 -3.48528
2.19 -3.48125
2.193 -3.47724
2.196 -3.47325
2.199 -3.46928
2.202 -3.46532
2.205 -3.46139
2.208 -3.45748
2.211 -3.45359
2.214 -3.44972
2.217 -3.44587
2.22 -3.44205
2.223 -3.43825
2.226 -3.43447
2.229 -3.43071
2.232 -3.42698
2.235 -3.42327
2.238 -3.41959
2.241 -3.41593
2.244 -3.4123
2.247 -3.40869
2.25 -3.40511
2.253 -3.40156
2.256 -3.39803
2.259 -3.39453
2.262 -3.39105
2.265 -3.38761
2.268 -3.38419
2.271 -3.3808
2.274 -3.37744
2.277 -3.37411
2.28 -3.37081
2.283 -3.36754
2.286 -3.3643
2.289 -3.36109
2.292 -3.35791
2.295 -3.35476
2.298 -3.35164
2.301 -3.34856
2.304 -3.3455
2.307 -3.34248
2.31 -3.33949
2.313 -3.33653
2.316 -3.33361
2.319 -3.33072
2.322 -3.32786
2.325 -3.32503
2.328 -3.32224
2.331 -3.31948
2.334 -3.31676
2.337 -3.31407
2.34 -3.31142
2.343 -3.3088
2.346 -3.30621
2.349 -3.30366
2.352 -3.30114
2.355 -3.29866
2.358 -3.29622
2.361 -3.2938
2.364 -3.29143
2.367 -3.28909
2.37 -3.28678
2.373 -3.28451
2.376 -3.28228
2.379 -3.28008
2.382 -3.27792
2.385 -3.27579
2.388 -3.2737
2.391 -3.27164
2.394 -3.26962
2.397 -3.26764
2.4 -3.26569
2.403 -3.26377
2.406 -3.2619
2.409 -3.26005
2.412 -3.25824
2.415 -3.25647
2.418 -3.25473
2.421 -3.25303
2.424 -3.25136
2.427 -3.24973
2.43 -3.24813
2.433 -3.24657
2.436 -3.24504
2.439 -3.24354
2.442 -3.24208
2.445 -3.24065
2.448 -3.23926
2.451 -3.2379
2.454 -3.23657
2.457 -3.23528
2.46 -3.23402
2.463 -3.23279
2.466 -3.23159
2.469 -3.23043
2.472 -3.2293
2.475 -3.2282
2.478 -3.22713
2.481 -3.22609
2.484 -3.22508
2.487 -3.22411
2.49 -3.22316
2.493 -3.22225
2.496 -3.22137
2.499 -3.22051
2.502 -3.21968
2.505 -3.21889
2.508 -3.21812
2.511 -3.21738
2.514 -3.21667
2.517 -3.21599
2.52 -3.21533
2.523 -3.21471
2.526 -3.21411
2.529 -3.21353
2.532 -3.21298
2.535 -3.21246
2.538 -3.21197
2.541 -3.2115
2.544 -3.21105
2.547 -3.21063
2.55 -3.21023
2.553 -3.20986
2.556 -3.20952
2.559 -3.20919
2.562 -3.20889
2.565 -3.20861
2.568 -3.20836
2.571 -3.20812
2.574 -3.20791
2.577 -3.20772
2.58 -3.20755
2.583 -3.2074
2.586 -3.20728
2.589 -3.20717
2.592 -3.20708
2.595 -3.20701
2.598 -3.20697
2.601 -3.20694
2.604 -3.20693
2.607 -3.20693
2.61 -3.20696
2.613 -3.207
2.616 -3.20706
2.619 -3.20714
2.622 -3.20723
2.625 -3.20735
2.628 -3.20747
2.631 -3.20762
2.634 -3.20777
2.637 -3.20795
2.64 -3.20814
2.643 -3.20834
2.646 -3.20856
2.649 -3.20879
2.652 -3.20904
2.655 -3.2093
2.658 -3.20957
2.661 -3.20985
2.664 -3.21015
2.667 -3.21046
2.67 -3.21079
2.673 -3.21112
2.676 -3.21147
2.679 -3.21183
2.682 -3.21219
2.685 -3.21257
2.688 -3.21296
2.691 -3.21336
2.694 -3.21378
2.697 -3.2142
2.7 -3.21463
2.703 -3.21507
2.706 -3.21552
2.709 -3.21597
2.712 -3.21644
2.715 -3.21692
2.718 -3.2174
2.721 -3.21789
2.724 -3.21839
2.727 -3.2189
2.73 -3.21941
2.733 -3.21993
2.736 -3.22046
2.739 -3.221
2.742 -3.22154
2.745 -3.22209
2.748 -3.22264
2.751 -3.2232
2.754 -3.22377
2.757 -3.22434
2.76 -3.22492
2.763 -3.2255
2.766 -3.22609
2.769 -3.22668
2.772 -3.22728
2.775 -3.22789
2.778 -3.22849
2.781 -3.22911
2.784 -3.22972
2.787 -3.23034
2.79 -3.23097
2.793 -3.23159
2.796 -3.23222
2.799 -3.23286
2.802 -3.2335
2.805 -3.23414
2.808 -3.23478
2.811 -3.23543
2.814 -3.23608
2.817 -3.23673
2.82 -3.23739
2.823 -3.23805
2.826 -3.2387
2.829 -3.23937
2.832 -3.24003
2.835 -3.2407
2.838 -3.24137
2.841 -3.24204
2.844 -3.24271
2.847 -3.24338
2.85 -3.24405
2.853 -3.24473
2.856 -3.24541
2.859 -3.24608
2.862 -3.24676
2.865 -3.24744
2.868 -3.24812
2.871 -3.24881
2.874 -3.24949
2.877 -3.25017
2.88 -3.25085
2.883 -3.25154
2.886 -3.25222
2.889 -3.25291
2.892 -3.25359
2.895 -3.25428
2.898 -3.25496
2.901 -3.25565
2.904 -3.25633
2.907 -3.25702
2.91 -3.2577
2.913 -3.25839
2.916 -3.25907
2.919 -3.25975
2.922 -3.26044
2.925 -3.26112
2.928 -3.2618
2.931 -3.26248
2.934 -3.26317
2.937 -3.26385
2.94 -3.26453
2.943 -3.2652
2.946 -3.26588
2.949 -3.26656
2.952 -3.26724
2.955 -3.26791
2.958 -3.26858
2.961 -3.26926
2.964 -3.26993
2.967 -3.2706
2.97 -3.27127
2.973 -3.27194
2.976 -3.2726
2.979 -3.27327
2.982 -3.27394
2.985 -3.2746
2.988 -3.27526
2.991 -3.27592
2.994 -3.27658
2.997 -3.27724
3 -3.27789
3.001 -10
