0 0
0.003 0.216017
0.006 0.216388
0.009 0.216761
0.012 0.217136
0.015 0.217515
0.018 0.217896
0.021 0.21828
0.024 0.218666
0.027 0.219056
0.03 0.219448
0.033 0.219843
0.036 0.22024
0.039 0.220641
0.042 0.221044
0.045 0.22145
0.048 0.221859
0.051 0.222271
0.054 0.222686
0.057 0.223104
0.06 0.223525
0.063 0.223949
0.066 0.224375
0.069 0.224805
0.072 0.225238
0.075 0.225673
0.078 0.226112
0.081 0.226554
0.084 0.226999
0.087 0.227447
0.09 0.227898
0.093 0.228352
0.096 0.228809
0.099 0.22927
0.102 0.229733
0.105 0.2302
0.108 0.23067
0.111 0.231144
0.114 0.23162
0.117 0.2321
0.12 0.232583
0.123 0.23307
0.126 0.233559
0.129 0.234053
0.132 0.234549
0.135 0.235049
0.138 0.235552
0.141 0.236059
0.144 0.236569
0.147 0.237083
0.15 0.2376
0.153 0.23812
0.156 0.238645
0.159 0.239172
0.162 0.239703
0.165 0.240238
0.168 0.240777
0.171 0.241319
0.174 0.241864
0.177 0.242414
0.18 0.242967
0.183 0.243523
0.186 0.244084
0.189 0.244648
0.192 0.245216
0.195 0.245788
0.198 0.246363
0.201 0.246943
0.204 0.247526
0.207 0.248113
0.21 0.248704
0.213 0.249299
0.216 0.249898
0.219 0.2505
0.222 0.251107
0.225 0.251718
0.228 0.252333
0.231 0.252952
0.234 0.253574
0.237 0.254201
0.24 0.254833
0.243 0.255468
0.246 0.256107
0.249 0.256751
0.252 0.257399
0.255 0.258051
0.258 0.258707
0.261 0.259368
0.264 0.260033
0.267 0.260702
0.27 0.261375
0.273 0.262053
0.276 0.262736
0.279 0.263422
0.282 0.264114
0.285 0.264809
0.288 0.26551
0.291 0.266214
0.294 0.266924
0.297 0.267637
0.3 0.268356
0.303 0.269079
0.306 0.269807
0.309 0.270539
0.312 0.271276
0.315 0.272018
0.318 0.272765
0.321 0.273516
0.324 0.274272
0.327 0.275033
0.33 0.275799
0.333 0.27657
0.336 0.277345
0.339 0.278126
0.342 0.278912
0.345 0.279702
0.348 0.280498
0.351 0.281299
0.354 0.282104
0.357 0.282915
0.36 0.283731
0.363 0.284552
0.366 0.285379
0.369 0.28621
0.372 0.287047
0.375 0.287889
0.378 0.288737
0.381 0.289589
0.384 0.290448
0.387 0.291311
0.39 0.29218
0.393 0.293055
0.396 0.293934
0.399 0.29482
0.402 0.295711
0.405 0.296608
0.408 0.29751
0.411 0.298418
0.414 0.299331
0.417 0.30025
0.42 0.301175
0.423 0.302106
0.426 0.303043
0.429 0.303985
0.432 0.304933
0.435 0.305887
0.438 0.306847
0.441 0.307813
0.444 0.308785
0.447 0.309763
0.45 0.310747
0.453 0.311738
0.456 0.312734
0.459 0.313736
0.462 0.314745
0.465 0.31576
0.468 0.316781
0.471 0.317809
0.474 0.318843
0.477 0.319883
0.48 0.320929
0.483 0.321982
0.486 0.323042
0.489 0.324108
0.492 0.32518
0.495 0.32626
0.498 0.327345
0.501 0.328438
0.504 0.329537
0.507 0.330643
0.51 0.331755
0.513 0.332875
0.516 0.334001
0.519 0.335134
0.522 0.336274
0.525 0.337421
0.528 0.338575
0.531 0.339736
0.534 0.340904
0.537 0.342079
0.54 0.343261
0.543 0.34445
0.546 0.345647
0.549 0.346851
0.552 0.348062
0.555 0.34928
0.558 0.350506
0.561 0.351739
0.564 0.35298
0.567 0.354228
0.57 0.355484
0.573 0.356747
0.576 0.358018
0.579 0.359297
0.582 0.360583
0.585 0.361877
0.588 0.363179
0.591 0.364488
0.594 0.365805
0.597 0.367131
0.6 0.368464
0.603 0.369805
0.606 0.371154
0.609 0.372511
0.612 0.373877
0.615 0.37525
0.618 0.376632
0.621 0.378022
0.624 0.37942
0.627 0.380826
0.63 0.382241
0.633 0.383664
0.636 0.385095
0.639 0.386535
0.642 0.387984
0.645 0.389441
0.648 0.390907
0.651 0.392381
0.654 0.393864
0.657 0.395356
0.66 0.396857
0.663 0.398366
0.666 0.399884
0.669 0.401411
0.672 0.402947
0.675 0.404492
0.678 0.406046
0.681 0.40761
0.684 0.409182
0.687 0.410763
0.69 0.412354
0.693 0.413954
0.696 0.415563
0.699 0.417181
0.702 0.418809
0.705 0.420446
0.708 0.422093
0.711 0.423749
0.714 0.425415
0.717 0.427091
0.72 0.428776
0.723 0.43047
0.726 0.432175
0.729 0.433889
0.732 0.435613
0.735 0.437347
0.738 0.439091
0.741 0.440844
0.744 0.442608
0.747 0.444382
0.75 0.446165
0.753 0.447959
0.756 0.449763
0.759 0.451577
0.762 0.453402
0.765 0.455237
0.768 0.457082
0.771 0.458937
0.774 0.460803
0.777 0.462679
0.78 0.464566
0.783 0.466463
0.786 0.468371
0.789 0.470289
0.792 0.472218
0.795 0.474158
0.798 0.476108
0.801 0.478069
0.804 0.480042
0.807 0.482024
0.81 0.484018
0.813 0.486023
0.816 0.488038
0.819 0.490065
0.822 0.492103
0.825 0.494151
0.828 0.496211
0.831 0.498282
0.834 0.500364
0.837 0.502458
0.84 0.504563
0.843 0.506678
0.846 0.508806
0.849 0.510944
0.852 0.513094
0.855 0.515256
0.858 0.517429
0.861 0.519613
0.864 0.521809
0.867 0.524017
0.87 0.526236
0.873 0.528467
0.876 0.530709
0.879 0.532964
0.882 0.53523
0.885 0.537507
0.888 0.539797
0.891 0.542098
0.894 0.544411
0.897 0.546736
0.9 0.549073
0.903 0.551422
0.906 0.553783
0.909 0.556156
0.912 0.558541
0.915 0.560937
0.918 0.563346
0.921 0.565768
0.924 0.568201
0.927 0.570646
0.93 0.573104
0.933 0.575573
0.936 0.578055
0.939 0.580549
0.942 0.583056
0.945 0.585574
0.948 0.588105
0.951 0.590649
0.954 0.593204
0.957 0.595772
0.96 0.598353
0.963 0.600946
0.966 0.603551
0.969 0.606168
0.972 0.608798
0.975 0.611441
0.978 0.614096
0.981 0.616763
0.984 0.619443
0.987 0.622136
0.99 0.624841
0.993 0.627559
0.996 0.630289
0.999 0.633031
1.002 0.635787
1.005 0.638555
1.008 0.641335
1.011 0.644128
1.014 0.646934
1.017 0.649752
1.02 0.652583
1.023 0.655427
1.026 0.658283
1.029 0.661152
1.032 0.664033
1.035 0.666927
1.038 0.669834
1.041 0.672754
1.044 0.675686
1.047 0.678631
1.05 0.681588
1.053 0.684558
1.056 0.687541
1.059 0.690536
1.062 0.693545
1.065 0.696565
1.068 0.699599
1.071 0.702645
1.074 0.705704
1.077 0.708775
1.08 0.711859
1.083 0.714956
1.086 0.718065
1.089 0.721187
1.092 0.724322
1.095 0.727469
1.098 0.730629
1.101 0.733802
1.104 0.736987
1.107 0.740184
1.11 0.743395
1.113 0.746617
1.116 0.749853
1.119 0.753101
1.122 0.756361
1.125 0.759634
1.128 0.76292
1.131 0.766218
1.134 0.769529
1.137 0.772852
1.14 0.776187
1.143 0.779535
1.146 0.782896
1.149 0.786269
1.152 0.789654
1.155 0.793052
1.158 0.796462
1.161 0.799885
1.164 0.80332
1.167 0.806767
1.17 0.810227
1.173 0.813699
1.176 0.817183
1.179 0.82068
1.182 0.824188
1.185 0.82771
1.188 0.831243
1.191 0.834789
1.194 0.838347
1.197 0.841917
1.2 0.845499
1.203 0.849093
1.206 0.8527
1.209 0.856319
1.212 0.85995
1.215 0.863593
1.218 0.867248
1.221 0.870915
1.224 0.874594
1.227 0.878286
1.23 0.881989
1.233 0.885704
1.236 0.889432
1.239 0.893171
1.242 0.896922
1.245 0.900686
1.248 0.904461
1.251 0.908248
1.254 0.912047
1.257 0.915858
1.26 0.919681
1.263 0.923516
1.266 0.927362
1.269 0.931221
1.272 0.935091
1.275 0.938973
1.278 0.942867
1.281 0.946773
1.284 0.95069
1.287 0.954619
1.29 0.95856
1.293 0.962513
1.296 0.966478
1.299 0.970454
1.302 0.974442
1.305 0.978442
1.308 0.982453
1.311 0.986477
1.314 0.990512
1.317 0.994558
1.32 0.998616
1.323 1.00269
1.326 1.00677
1.329 1.01086
1.332 1.01497
1.335 1.01908
1.338 1.02321
1.341 1.02735
1.344 1.0315
1.347 1.03567
1.35 1.03984
1.353 1.04403
1.356 1.04823
1.359 1.05244
1.362 1.05666
1.365 1.06089
1.368 1.06514
1.371 1.06939
1.374 1.07366
1.377 1.07794
1.38 1.08223
1.383 1.08654
1.386 1.09085
1.389 1.09518
1.392 1.09952
1.395 1.10387
1.398 1.10823
1.401 1.11261
1.404 1.11699
1.407 1.12139
1.41 1.1258
1.413 1.13022
1.416 1.13466
1.419 1.1391
1.422 1.14356
1.425 1.14803
1.428 1.15251
1.431 1.157
1.434 1.16151
1.437 1.16602
1.44 1.17055
1.443 1.1751
1.446 1.17965
1.449 1.18421
1.452 1.18879
1.455 1.19338
1.458 1.19799
1.461 1.2026
1.464 1.20723
1.467 1.21187
1.47 1.21652
1.473 1.22118
1.476 1.22586
1.479 1.23055
1.482 1.23525
1.485 1.23996
1.488 1.24469
1.491 1.24943
1.494 1.25418
1.497 1.25895
1.5 1.26373
1.503 1.26852
1.506 1.27332
1.509 1.27814
1.512 1.28297
1.515 1.28781
1.518 1.29267
1.521 1.29753
1.524 1.30242
1.527 1.30731
1.53 1.31222
1.533 1.31714
1.536 1.32208
1.539 1.32703
1.542 1.33199
1.545 1.33697
1.548 1.34196
1.551 1.34696
1.554 1.35198
1.557 1.35701
1.56 1.36206
1.563 1.36712
1.566 1.37219
1.569 1.37728
1.572 1.38238
1.575 1.3875
1.578 1.39263
1.581 1.39778
1.584 1.40294
1.587 1.40811
1.59 1.4133
1.593 1.41851
1.596 1.42373
1.599 1.42896
1.602 1.43421
1.605 1.43947
1.608 1.44475
1.611 1.45005
1.614 1.45536
1.617 1.46069
1.62 1.46603
1.623 1.47138
1.626 1.47676
1.629 1.48214
1.632 1.48755
1.635 1.49297
1.638 1.49841
1.641 1.50386
1.644 1.50933
1.647 1.51481
1.65 1.52032
1.653 1.52583
1.656 1.53137
1.659 1.53692
1.662 1.54249
1.665 1.54807
1.668 1.55368
1.671 1.5593
1.674 1.56493
1.677 1.57059
1.68 1.57626
1.683 1.58195
1.686 1.58766
1.689 1.59338
1.692 1.59912
1.695 1.60488
1.698 1.61066
1.701 1.61646
1.704 1.62227
1.707 1.62811
1.71 1.63396
1.713 1.63983
1.716 1.64572
1.719 1.65162
1.722 1.65755
1.725 1.66349
1.728 1.66946
1.731 1.67544
1.734 1.68144
1.737 1.68747
1.74 1.69351
1.743 1.69957
1.746 1.70565
1.749 1.71175
1.752 1.71787
1.755 1.72401
1.758 1.73017
1.761 1.73635
1.764 1.74255
1.767 1.74877
1.77 1.75501
1.773 1.76127
1.776 1.76755
1.779 1.77386
1.782 1.78018
1.785 1.78652
1.788 1.79289
1.791 1.79927
1.794 1.80568
1.797 1.81211
1.8 1.81856
1.803 1.82503
1.806 1.83153
1.809 1.83804
1.812 1.84458
1.815 1.85113
1.818 1.85771
1.821 1.86432
1.824 1.87094
1.827 1.87758
1.83 1.88425
1.833 1.89094
1.836 1.89765
1.839 1.90439
1.842 1.91115
1.845 1.91792
1.848 1.92473
1.851 1.93155
1.854 1.9384
1.857 1.94527
1.86 1.95216
1.863 1.95907
1.866 1.96601
1.869 1.97297
1.872 1.97996
1.875 1.98696
1.878 1.99399
1.881 2.00104
1.884 2.00812
1.887 2.01522
1.89 2.02234
1.893 2.02948
1.896 2.03665
1.899 2.04384
1.902 2.05106
1.905 2.05829
1.908 2.06555
1.911 2.07284
1.914 2.08015
1.917 2.08748
1.92 2.09483
1.923 2.10221
1.926 2.10961
1.929 2.11703
1.932 2.12447
1.935 2.13194
1.938 2.13944
1.941 2.14695
1.944 2.15449
1.947 2.16205
1.95 2.16964
1.953 2.17724
1.956 2.18487
1.959 2.19253
1.962 2.2002
1.965 2.2079
1.968 2.21562
1.971 2.22337
1.974 2.23113
1.977 2.23892
1.98 2.24673
1.983 2.25456
1.986 2.26242
1.989 2.2703
1.992 2.2782
1.995 2.28612
1.998 2.29406
2.001 2.30203
2.004 2.31001
2.007 2.31802
2.01 2.32605
2.013 2.3341
2.016 2.34217
2.019 2.35026
2.022 2.35837
2.025 2.36651
2.028 2.37466
2.031 2.38283
2.034 2.39103
2.037 2.39924
2.04 2.40747
2.043 2.41572
2.046 2.424
2.049 2.43229
2.052 2.4406
2.055 2.44893
2.058 2.45727
2.061 2.46564
2.064 2.47402
2.067 2.48242
2.07 2.49084
2.073 2.49928
2.076 2.50773
2.079 2.5162
2.082 2.52468
2.085 2.53319
2.088 2.5417
2.091 2.55024
2.094 2.55879
2.097 2.56735
2.1 2.57593
2.103 2.58453
2.106 2.59313
2.109 2.60176
2.112 2.61039
2.115 2.61904
2.118 2.6277
2.121 2.63638
2.124 2.64506
2.127 2.65376
2.13 2.66247
2.133 2.67119
2.136 2.67992
2.139 2.68867
2.142 2.69742
2.145 2.70618
2.148 2.71495
2.151 2.72373
2.154 2.73252
2.157 2.74131
2.16 2.75012
2.163 2.75893
2.166 2.76774
2.169 2.77657
2.172 2.7854
2.175 2.79423
2.178 2.80307
2.181 2.81191
2.184 2.82076
2.187 2.82961
2.19 2.83846
2.193 2.84732
2.196 2.85618
2.199 2.86504
2.202 2.8739
2.205 2.88276
2.208 2.89162
2.211 2.90048
2.214 2.90933
2.217 2.91819
2.22 2.92704
2.223 2.93589
2.226 2.94474
2.229 2.95358
2.232 2.96242
2.235 2.97126
2.238 2.98008
2.241 2.9889
2.244 2.99772
2.247 3.00652
2.25 3.01532
2.253 3.02411
2.256 3.03289
2.259 3.04166
2.262 3.05042
2.265 3.05917
2.268 3.0679
2.271 3.07662
2.274 3.08533
2.277 3.09403
2.28 3.10271
2.283 3.11138
2.286 3.12003
2.289 3.12866
2.292 3.13728
2.295 3.14588
2.298 3.15446
2.301 3.16302
2.304 3.17156
2.307 3.18008
2.31 3.18858
2.313 3.19706
2.316 3.20552
2.319 3.21395
2.322 3.22236
2.325 3.23074
2.328 3.2391
2.331 3.24744
2.334 3.25575
2.337 3.26403
2.34 3.27228
2.343 3.2805
2.346 3.2887
2.349 3.29687
2.352 3.305
2.355 3.31311
2.358 3.32118
2.361 3.32922
2.364 3.33723
2.367 3.34521
2.37 3.35315
2.373 3.36105
2.376 3.36892
2.379 3.37676
2.382 3.38456
2.385 3.39232
2.388 3.40004
2.391 3.40773
2.394 3.41538
2.397 3.42298
2.4 3.43055
2.403 3.43808
2.406 3.44557
2.409 3.45301
2.412 3.46042
2.415 3.46778
2.418 3.4751
2.421 3.48237
2.424 3.4896
2.427 3.49679
2.43 3.50393
2.433 3.51103
2.436 3.51808
2.439 3.52508
2.442 3.53204
2.445 3.53895
2.448 3.54581
2.451 3.55263
2.454 3.5594
2.457 3.56612
2.46 3.57279
2.463 3.57941
2.466 3.58598
2.469 3.59251
2.472 3.59898
2.475 3.6054
2.478 3.61178
2.481 3.6181
2.484 3.62437
2.487 3.63059
2.49 3.63676
2.493 3.64287
2.496 3.64894
2.499 3.65495
2.502 3.66091
2.505 3.66682
2.508 3.67268
2.511 3.67848
2.514 3.68424
2.517 3.68993
2.52 3.69558
2.523 3.70118
2.526 3.70672
2.529 3.7122
2.532 3.71764
2.535 3.72302
2.538 3.72835
2.541 3.73363
2.544 3.73885
2.547 3.74402
2.55 3.74914
2.553 3.75421
2.556 3.75922
2.559 3.76418
2.562 3.76909
2.565 3.77395
2.568 3.77875
2.571 3.7835
2.574 3.7882
2.577 3.79285
2.58 3.79745
2.583 3.80199
2.586 3.80648
2.589 3.81093
2.592 3.81532
2.595 3.81966
2.598 3.82395
2.601 3.82819
2.604 3.83238
2.607 3.83652
2.61 3.84061
2.613 3.84465
2.616 3.84864
2.619 3.85259
2.622 3.85648
2.625 3.86033
2.628 3.86413
2.631 3.86788
2.634 3.87158
2.637 3.87524
2.64 3.87885
2.643 3.88241
2.646 3.88593
2.649 3.8894
2.652 3.89283
2.655 3.89621
2.658 3.89954
2.661 3.90283
2.664 3.90608
2.667 3.90929
2.67 3.91245
2.673 3.91556
2.676 3.91864
2.679 3.92167
2.682 3.92466
2.685 3.92761
2.688 3.93052
2.691 3.93338
2.694 3.93621
2.697 3.939
2.7 3.94174
2.703 3.94445
2.706 3.94712
2.709 3.94975
2.712 3.95234
2.715 3.95489
2.718 3.95741
2.721 3.95988
2.724 3.96233
2.727 3.96473
2.73 3.9671
2.733 3.96943
2.736 3.97173
2.739 3.974
2.742 3.97622
2.745 3.97842
2.748 3.98058
2.751 3.98271
2.754 3.9848
2.757 3.98687
2.76 3.9889
2.763 3.99089
2.766 3.99286
2.769 3.9948
2.772 3.9967
2.775 3.99858
2.778 4.00042
2.781 4.00223
2.784 4.00402
2.787 4.00578
2.79 4.0075
2.793 4.0092
2.796 4.01087
2.799 4.01252
2.802 4.01414
2.805 4.01572
2.808 4.01729
2.811 4.01882
2.814 4.02034
2.817 4.02182
2.82 4.02328
2.823 4.02472
2.826 4.02613
2.829 4.02751
2.832 4.02888
2.835 4.03022
2.838 4.03153
2.841 4.03282
2.844 4.03409
2.847 4.03534
2.85 4.03657
2.853 4.03777
2.856 4.03895
2.859 4.04011
2.862 4.04125
2.865 4.04237
2.868 4.04347
2.871 4.04455
2.874 4.04561
2.877 4.04665
2.88 4.04767
2.883 4.04867
2.886 4.04966
2.889 4.05062
2.892 4.05157
2.895 4.0525
2.898 4.05341
2.901 4.0543
2.904 4.05518
2.907 4.05604
2.91 4.05688
2.913 4.0577
2.916 4.05851
2.919 4.05931
2.922 4.06009
2.925 4.06085
2.928 4.0616
2.931 4.06233
2.934 4.06305
2.937 4.06375
2.94 4.06444
2.943 4.06512
2.946 4.06578
2.949 4.06642
2.952 4.06706
2.955 4.06768
2.958 4.06828
2.961 4.06888
2.964 4.06946
2.967 4.07003
2.97 4.07059
2.973 4.07113
2.976 4.07166
2.979 4.07218
2.982 4.07269
2.985 4.07319
2.988 4.07368
2.991 4.07415
2.994 4.07462
2.997 4.07507
3 4.07551
3.001 0
