0 -10
0.003 -7.08936
0.006 -7.08831
0.009 -7.08726
0.012 -7.0862
0.015 -7.08513
0.018 -7.08406
0.021 -7.08298
0.024 -7.08189
0.027 -7.08079
0.03 -7.07968
0.033 -7.07857
0.036 -7.07744
0.039 -7.07631
0.042 -7.07517
0.045 -7.07402
0.048 -7.07287
0.051 -7.07171
0.054 -7.07053
0.057 -7.06935
0.06 -7.06816
0.063 -7.06697
0.066 -7.06576
0.069 -7.06455
0.072 -7.06332
0.075 -7.06209
0.078 -7.06085
0.081 -7.0596
0.084 -7.05835
0.087 -7.05708
0.09 -7.05581
0.093 -7.05452
0.096 -7.05323
0.099 -7.05193
0.102 -7.05062
0.105 -7.0493
0.108 -7.04797
0.111 -7.04663
0.114 -7.04528
0.117 -7.04393
0.12 -7.04256
0.123 -7.04119
0.126 -7.0398
0.129 -7.03841
0.132 -7.03701
0.135 -7.0356
0.138 -7.03417
0.141 -7.03274
0.144 -7.0313
0.147 -7.02985
0.15 -7.02839
0.153 -7.02692
0.156 -7.02544
0.159 -7.02395
0.162 -7.02245
0.165 -7.02094
0.168 -7.01942
0.171 -7.01789
0.174 -7.01635
0.177 -7.0148
0.18 -7.01324
0.183 -7.01167
0.186 -7.01009
0.189 -7.0085
0.192 -7.0069
0.195 -7.00529
0.198 -7.00367
0.201 -7.00203
0.204 -7.00039
0.207 -6.99874
0.21 -6.99707
0.213 -6.9954
0.216 -6.99371
0.219 -6.99202
0.222 -6.99031
0.225 -6.98859
0.228 -6.98686
0.231 -6.98512
0.234 -6.98337
0.237 -6.98161
0.24 -6.97983
0.243 -6.97805
0.246 -6.97625
0.249 -6.97445
0.252 -6.97263
0.255 -6.9708
0.258 -6.96896
0.261 -6.9671
0.264 -6.96524
0.267 -6.96336
0.27 -6.96148
0.273 -6.95958
0.276 -6.95766
0.279 -6.95574
0.282 -6.95381
0.285 -6.95186
0.288 -6.9499
0.291 -6.94793
0.294 -6.94595
0.297 -6.94395
0.3 -6.94195
0.303 -6.93993
0.306 -6.93789
0.309 -6.93585
0.312 -6.93379
0.315 -6.93173
0.318 -6.92964
0.321 -6.92755
0.324 -6.92544
0.327 -6.92332
0.33 -6.92119
0.333 -6.91905
0.336 -6.91689
0.339 -6.91472
0.342 -6.91254
0.345 -6.91034
0.348 -6.90813
0.351 -6.90591
0.354 -6.90367
0.357 -6.90143
0.36 -6.89916
0.363 -6.89689
0.366 -6.8946
0.369 -6.8923
0.372 -6.88998
0.375 -6.88765
0.378 -6.88531
0.381 -6.88295
0.384 -6.88058
0.387 -6.8782
0.39 -6.8758
0.393 -6.87339
0.396 -6.87096
0.399 -6.86853
0.402 -6.86607
0.405 -6.8636
0.408 -6.86112
0.411 -6.85863
0.414 -6.85612
0.417 -6.85359
0.42 -6.85105
0.423 -6.8485
0.426 -6.84593
0.429 -6.84335
0.432 -6.84075
0.435 -6.83814
0.438 -6.83551
0.441 -6.83287
0.444 -6.83021
0.447 -6.82754
0.45 -6.82486
0.453 -6.82215
0.456 -6.81944
0.459 -6.81671
0.462 -6.81396
0.465 -6.8112
0.468 -6.80842
0.471 -6.80563
0.474 -6.80282
0.477 -6.79999
0.48 -6.79715
0.483 -6.7943
0.486 -6.79143
0.489 -6.78854
0.492 -6.78564
0.495 -6.78272
0.498 -6.77978
0.501 -6.77683
0.504 -6.77387
0.507 -6.77088
0.51 -6.76788
0.513 -6.76487
0.516 -6.76184
0.519 -6.75879
0.522 -6.75573
0.525 -6.75264
0.528 -6.74955
0.531 -6.74643
0.534 -6.7433
0.537 -6.74015
0.54 -6.73699
0.543 -6.73381
0.546 -6.73061
0.549 -6.7274
0.552 -6.72416
0.555 -6.72091
0.558 -6.71765
0.561 -6.71436
0.564 -6.71106
0.567 -6.70774
0.57 -6.70441
0.573 -6.70105
0.576 -6.69768
0.579 -6.69429
0.582 -6.69089
0.585 -6.68746
0.588 -6.68402
0.591 -6.68056
0.594 -6.67708
0.597 -6.67359
0.6 -6.67007
0.603 -6.66654
0.606 -6.66299
0.609 -6.65942
0.612 -6.65584
0.615 -6.65223
0.618 -6.64861
0.621 -6.64497
0.624 -6.64131
0.627 -6.63763
0.63 -6.63393
0.633 -6.63022
0.636 -6.62648
0.639 -6.62273
0.642 -6.61896
0.645 -6.61516
0.648 -6.61135
0.651 -6.60752
0.654 -6.60368
0.657 -6.59981
0.66 -6.59592
0.663 -6.59202
0.666 -6.58809
0.669 -6.58415
0.672 -6.58018
0.675 -6.5762
0.678 -6.5722
0.681 -6.56817
0.684 -6.56413
0.687 -6.56007
0.69 -6.55599
0.693 -6.55189
0.696 -6.54777
0.699 -6.54362
0.702 -6.53946
0.705 -6.53528
0.708 -6.53108
0.711 -6.52686
0.714 -6.52262
0.717 -6.51836
0.72 -6.51408
0.723 -6.50978
0.726 -6.50545
0.729 -6.50111
0.732 -6.49675
0.735 -6.49237
0.738 -6.48796
0.741 -6.48354
0.744 -6.47909
0.747 -6.47463
0.75 -6.47014
0.753 -6.46564
0.756 -6.46111
0.759 -6.45656
0.762 -6.452
0.765 -6.44741
0.768 -6.4428
0.771 -6.43817
0.774 -6.43352
0.777 -6.42884
0.78 -6.42415
0.783 -6.41944
0.786 -6.4147
0.789 -6.40995
0.792 -6.40517
0.795 -6.40037
0.798 -6.39555
0.801 -6.39071
0.804 -6.38585
0.807 -6.38097
0.81 -6.37606
0.813 -6.37114
0.816 -6.36619
0.819 -6.36123
0.822 -6.35624
0.825 -6.35123
0.828 -6.3462
0.831 -6.34115
0.834 -6.33608
0.837 -6.33098
0.84 -6.32587
0.843 -6.32073
0.846 -6.31557
0.849 -6.31039
0.852 -6.30519
0.855 -6.29997
0.858 -6.29473
0.861 -6.28947
0.864 -6.28418
0.867 -6.27888
0.87 -6.27355
0.873 -6.2682
0.876 -6.26283
0.879 -6.25744
0.882 -6.25203
0.885 -6.2466
0.888 -6.24115
0.891 -6.23567
0.894 -6.23018
0.897 -6.22466
0.9 -6.21912
0.903 -6.21357
0.906 -6.20799
0.909 -6.20239
0.912 -6.19677
0.915 -6.19112
0.918 -6.18546
0.921 -6.17978
0.924 -6.17408
0.927 -6.16835
0.93 -6.16261
0.933 -6.15684
0.936 -6.15106
0.939 -6.14525
0.942 -6.13942
0.945 -6.13358
0.948 -6.12771
0.951 -6.12182
0.954 -6.11592
0.957 -6.10999
0.96 -6.10404
0.963 -6.09807
0.966 -6.09209
0.969 -6.08608
0.972 -6.08005
0.975 -6.07401
0.978 -6.06794
0.981 -6.06186
0.984 -6.05575
0.987 -6.04963
0.99 -6.04348
0.993 -6.03732
0.996 -6.03114
0.999 -6.02494
1.002 -6.01872
1.005 -6.01248
1.008 -6.00622
1.011 -5.99995
1.014 -5.99365
1.017 -5.98734
1.02 -5.98101
1.023 -5.97466
1.026 -5.96829
1.029 -5.96191
1.032 -5.9555
1.035 -5.94908
1.038 -5.94264
1.041 -5.93619
1.044 -5.92971
1.047 -5.92322
1.05 -5.91671
1.053 -5.91019
1.056 -5.90365
1.059 -5.89709
1.062 -5.89051
1.065 -5.88392
1.068 -5.87731
1.071 -5.87068
1.074 -5.86404
1.077 -5.85738
1.08 -5.85071
1.083 -5.84402
1.086 -5.83731
1.089 -5.83059
1.092 -5.82385
1.095 -5.8171
1.098 -5.81033
1.101 -5.80355
1.104 -5.79675
1.107 -5.78994
1.11 -5.78312
1.113 -5.77627
1.116 -5.76942
1.119 -5.76255
1.122 -5.75567
1.125 -5.74877
1.128 -5.74186
1.131 -5.73493
1.134 -5.728
1.137 -5.72104
1.14 -5.71408
1.143 -5.7071
1.146 -5.70011
1.149 -5.69311
1.152 -5.6861
1.155 -5.67907
1.158 -5.67203
1.161 -5.66498
1.164 -5.65792
1.167 -5.65084
1.17 -5.64376
1.173 -5.63666
1.176 -5.62955
1.179 -5.62243
1.182 -5.6153
1.185 -5.60816
1.188 -5.60101
1.191 -5.59385
1.194 -5.58668
1.197 -5.5795
1.2 -5.5723
1.203 -5.5651
1.206 -5.55789
1.209 -5.55067
1.212 -5.54345
1.215 -5.53621
1.218 -5.52896
1.221 -5.52171
1.224 -5.51444
1.227 -5.50717
1.23 -5.49989
1.233 -5.49261
1.236 -5.48531
1.239 -5.47801
1.242 -5.4707
1.245 -5.46338
1.248 -5.45606
1.251 -5.44873
1.254 -5.44139
1.257 -5.43405
1.26 -5.4267
1.263 -5.41934
1.266 -5.41198
1.269 -5.40461
1.272 -5.39724
1.275 -5.38986
1.278 -5.38247
1.281 -5.37508
1.284 -5.36769
1.287 -5.36029
1.29 -5.35289
1.293 -5.34548
1.296 -5.33807
1.299 -5.33065
1.302 -5.32323
1.305 -5.31581
1.308 -5.30838
1.311 -5.30095
1.314 -5.29351
1.317 -5.28607
1.32 -5.27863
1.323 -5.27119
1.326 -5.26374
1.329 -5.2563
1.332 -5.24885
1.335 -5.24139
1.338 -5.23394
1.341 -5.22648
1.344 -5.21902
1.347 -5.21156
1.35 -5.2041
1.353 -5.19664
1.356 -5.18918
1.359 -5.18171
1.362 -5.17425
1.365 -5.16678
1.368 -5.15932
1.371 -5.15185
1.374 -5.14439
1.377 -5.13692
1.38 -5.12945
1.383 -5.12199
1.386 -5.11452
1.389 -5.10706
1.392 -5.0996
1.395 -5.09213
1.398 -5.08467
1.401 -5.07721
1.404 -5.06975
1.407 -5.06229
1.41 -5.05484
1.413 -5.04738
1.416 -5.03993
1.419 -5.03248
1.422 -5.02503
1.425 -5.01759
1.428 -5.01014
1.431 -5.0027
1.434 -4.99526
1.437 -4.98783
1.44 -4.9804
1.443 -4.97297
1.446 -4.96554
1.449 -4.95812
1.452 -4.9507
1.455 -4.94328
1.458 -4.93587
1.461 -4.92846
1.464 -4.92105
1.467 -4.91365
1.47 -4.90626
1.473 -4.89886
1.476 -4.89148
1.479 -4.88409
1.482 -4.87671
1.485 -4.86934
1.488 -4.86197
1.491 -4.85461
1.494 -4.84725
1.497 -4.83989
1.5 -4.83254
1.503 -4.8252
1.506 -4.81786
1.509 -4.81053
1.512 -4.8032
1.515 -4.79588
1.518 -4.78856
1.521 -4.78125
1.524 -4.77395
1.527 -4.76665
1.53 -4.75936
1.533 -4.75207
1.536 -4.74479
1.539 -4.73752
1.542 -4.73026
1.545 -4.723
1.548 -4.71575
1.551 -4.7085
1.554 -4.70126
1.557 -4.69403
1.56 -4.68681
1.563 -4.67959
1.566 -4.67238
1.569 -4.66518
1.572 -4.65798
1.575 -4.6508
1.578 -4.64362
1.581 -4.63644
1.584 -4.62928
1.587 -4.62212
1.59 -4.61497
1.593 -4.60783
1.596 -4.6007
1.599 -4.59358
1.602 -4.58646
1.605 -4.57935
1.608 -4.57226
1.611 -4.56516
1.614 -4.55808
1.617 -4.55101
1.62 -4.54394
1.623 -4.53689
1.626 -4.52984
1.629 -4.5228
1.632 -4.51577
1.635 -4.50875
1.638 -4.50174
1.641 -4.49474
1.644 -4.48775
1.647 -4.48076
1.65 -4.47379
1.653 -4.46682
1.656 -4.45987
1.659 -4.45292
1.662 -4.44599
1.665 -4.43906
1.668 -4.43214
1.671 -4.42524
1.674 -4.41834
1.677 -4.41145
1.68 -4.40457
1.683 -4.39771
1.686 -4.39085
1.689 -4.384
1.692 -4.37717
1.695 -4.37034
1.698 -4.36352
1.701 -4.35672
1.704 -4.34992
1.707 -4.34314
1.71 -4.33636
1.713 -4.3296
1.716 -4.32285
1.719 -4.3161
1.722 -4.30937
1.725 -4.30265
1.728 -4.29594
1.731 -4.28924
1.734 -4.28256
1.737 -4.27588
1.74 -4.26921
1.743 -4.26256
1.746 -4.25592
1.749 -4.24929
1.752 -4.24266
1.755 -4.23606
1.758 -4.22946
1.761 -4.22287
1.764 -4.2163
1.767 -4.20974
1.77 -4.20318
1.773 -4.19664
1.776 -4.19012
1.779 -4.1836
1.782 -4.1771
1.785 -4.17061
1.788 -4.16413
1.791 -4.15766
1.794 -4.1512
1.797 -4.14476
1.8 -4.13833
1.803 -4.13191
1.806 -4.1255
1.809 -4.11911
1.812 -4.11273
1.815 -4.10636
1.818 -4.1
1.821 -4.09366
1.824 -4.08732
1.827 -4.08101
1.83 -4.0747
1.833 -4.06841
1.836 -4.06213
1.839 -4.05586
1.842 -4.0496
1.845 -4.04336
1.848 -4.03713
1.851 -4.03092
1.854 -4.02472
1.857 -4.01853
1.86 -4.01235
1.863 -4.00619
1.866 -4.00004
1.869 -3.99391
1.872 -3.98779
1.875 -3.98168
1.878 -3.97558
1.881 -3.9695
1.884 -3.96344
1.887 -3.95738
1.89 -3.95134
1.893 -3.94532
1.896 -3.93931
1.899 -3.93331
1.902 -3.92733
1.905 -3.92136
1.908 -3.91541
1.911 -3.90946
1.914 -3.90354
1.917 -3.89763
1.92 -3.89173
1.923 -3.88585
1.926 -3.87998
1.929 -3.87413
1.932 -3.86829
1.935 -3.86246
1.938 -3.85665
1.941 -3.85086
1.944 -3.84508
1.947 -3.83932
1.95 -3.83357
1.953 -3.82783
1.956 -3.82211
1.959 -3.81641
1.962 -3.81072
1.965 -3.80505
1.968 -3.79939
1.971 -3.79375
1.974 -3.78812
1.977 -3.78251
1.98 -3.77692
1.983 -3.77134
1.986 -3.76577
1.989 -3.76022
1.992 -3.75469
1.995 -3.74917
1.998 -3.74367
2.001 -3.73819
2.004 -3.73272
2.007 -3.72727
2.01 -3.72183
2.013 -3.71642
2.016 -3.71101
2.019 -3.70563
2.022 -3.70026
2.025 -3.6949
2.028 -3.68957
2.031 -3.68425
2.034 -3.67894
2.037 -3.67366
2.04 -3.66839
2.043 -3.66313
2.046 -3.6579
2.049 -3.65268
2.052 -3.64748
2.055 -3.6423
2.058 -3.63713
2.061 -3.63198
2.064 -3.62685
2.067 -3.62173
2.07 -3.61664
2.073 -3.61156
2.076 -3.6065
2.079 -3.60145
2.082 -3.59643
2.085 -3.59142
2.088 -3.58643
2.091 -3.58146
2.094 -3.57651
2.097 -3.57157
2.1 -3.56665
2.103 -3.56176
2.106 -3.55688
2.109 -3.55202
2.112 -3.54717
2.115 -3.54235
2.118 -3.53754
2.121 -3.53276
2.124 -3.52799
2.127 -3.52324
2.13 -3.51851
2.133 -3.5138
2.136 -3.50911
2.139 -3.50444
2.142 -3.49979
2.145 -3.49516
2.148 -3.49054
2.151 -3.48595
2.154 -3.48138
2.157 -3.47682
2.16 -3.47229
2.163 -3.46778
2.166 -3.46328
2.169 -3.45881
2.172 -3.45436
2.175 -3.44993
2.178 -3.44552
2.181 -3.44113
2.184 -3.43676
2.187 -3.43241
2.19 -3.42808
2.193 -3.42377
2.196 -3.41948
2.199 -3.41522
2.202 -3.41098
2.205 -3.40676
2.208 -3.40255
2.211 -3.39838
2.214 -3.39422
2.217 -3.39008
2.22 -3.38597
2.223 -3.38188
2.226 -3.37781
2.229 -3.37377
2.232 -3.36974
2.235 -3.36574
2.238 -3.36177
2.241 -3.35781
2.244 -3.35388
2.247 -3.34997
2.25 -3.34608
2.253 -3.34222
2.256 -3.33838
2.259 -3.33457
2.262 -3.33077
2.265 -3.32701
2.268 -3.32326
2.271 -3.31954
2.274 -3.31585
2.277 -3.31218
2.28 -3.30853
2.283 -3.30491
2.286 -3.30131
2.289 -3.29774
2.292 -3.29419
2.295 -3.29067
2.298 -3.28717
2.301 -3.2837
2.304 -3.28026
2.307 -3.27684
2.31 -3.27344
2.313 -3.27007
2.316 -3.26673
2.319 -3.26342
2.322 -3.26013
2.325 -3.25687
2.328 -3.25363
2.331 -3.25042
2.334 -3.24724
2.337 -3.24408
2.34 -3.24096
2.343 -3.23785
2.346 -3.23478
2.349 -3.23174
2.352 -3.22872
2.355 -3.22573
2.358 -3.22277
2.361 -3.21983
2.364 -3.21693
2.367 -3.21405
2.37 -3.2112
2.373 -3.20838
2.376 -3.20559
2.379 -3.20283
2.382 -3.2001
2.385 -3.19739
2.388 -3.19472
2.391 -3.19207
2.394 -3.18946
2.397 -3.18687
2.4 -3.18431
2.403 -3.18179
2.406 -3.17929
2.409 -3.17682
2.412 -3.17438
2.415 -3.17198
2.418 -3.1696
2.421 -3.16725
2.424 -3.16494
2.427 -3.16265
2.43 -3.16039
2.433 -3.15817
2.436 -3.15598
2.439 -3.15381
2.442 -3.15168
2.445 -3.14958
2.448 -3.14751
2.451 -3.14547
2.454 -3.14346
2.457 -3.14148
2.46 -3.13953
2.463 -3.13762
2.466 -3.13573
2.469 -3.13388
2.472 -3.13206
2.475 -3.13027
2.478 -3.12851
2.481 -3.12678
2.484 -3.12508
2.487 -3.12342
2.49 -3.12178
2.493 -3.12018
2.496 -3.11861
2.499 -3.11707
2.502 -3.11556
2.505 -3.11408
2.508 -3.11263
2.511 -3.11121
2.514 -3.10983
2.517 -3.10848
2.52 -3.10715
2.523 -3.10586
2.526 -3.1046
2.529 -3.10337
2.532 -3.10217
2.535 -3.101
2.538 -3.09986
2.541 -3.09875
2.544 -3.09767
2.547 -3.09663
2.55 -3.09561
2.553 -3.09462
2.556 -3.09366
2.559 -3.09274
2.562 -3.09184
2.565 -3.09097
2.568 -3.09013
2.571 -3.08932
2.574 -3.08855
2.577 -3.0878
2.58 -3.08707
2.583 -3.08638
2.586 -3.08572
2.589 -3.08508
2.592 -3.08448
2.595 -3.0839
2.598 -3.08335
2.601 -3.08283
2.604 -3.08233
2.607 -3.08186
2.61 -3.08142
2.613 -3.08101
2.616 -3.08063
2.619 -3.08027
2.622 -3.07994
2.625 -3.07963
2.628 -3.07935
2.631 -3.0791
2.634 -3.07888
2.637 -3.07867
2.64 -3.0785
2.643 -3.07835
2.646 -3.07822
2.649 -3.07812
2.652 -3.07805
2.655 -3.078
2.658 -3.07797
2.661 -3.07797
2.664 -3.07799
2.667 -3.07803
2.67 -3.0781
2.673 -3.07819
2.676 -3.07831
2.679 -3.07845
2.682 -3.0786
2.685 -3.07879
2.688 -3.07899
2.691 -3.07921
2.694 -3.07946
2.697 -3.07973
2.7 -3.08002
2.703 -3.08033
2.706 -3.08066
2.709 -3.08101
2.712 -3.08138
2.715 -3.08177
2.718 -3.08218
2.721 -3.0826
2.724 -3.08305
2.727 -3.08352
2.73 -3.084
2.733 -3.08451
2.736 -3.08503
2.739 -3.08557
2.742 -3.08612
2.745 -3.0867
2.748 -3.08729
2.751 -3.0879
2.754 -3.08852
2.757 -3.08916
2.76 -3.08982
2.763 -3.09049
2.766 -3.09118
2.769 -3.09188
2.772 -3.0926
2.775 -3.09334
2.778 -3.09409
2.781 -3.09485
2.784 -3.09562
2.787 -3.09642
2.79 -3.09722
2.793 -3.09804
2.796 -3.09887
2.799 -3.09971
2.802 -3.10057
2.805 -3.10144
2.808 -3.10232
2.811 -3.10321
2.814 -3.10412
2.817 -3.10504
2.82 -3.10596
2.823 -3.1069
2.826 -3.10785
2.829 -3.10882
2.832 -3.10979
2.835 -3.11077
2.838 -3.11176
2.841 -3.11276
2.844 -3.11377
2.847 -3.1148
2.85 -3.11583
2.853 -3.11687
2.856 -3.11791
2.859 -3.11897
2.862 -3.12003
2.865 -3.12111
2.868 -3.12219
2.871 -3.12328
2.874 -3.12437
2.877 -3.12548
2.88 -3.12659
2.883 -3.12771
2.886 -3.12883
2.889 -3.12997
2.892 -3.1311
2.895 -3.13225
2.898 -3.1334
2.901 -3.13456
2.904 -3.13572
2.907 -3.13689
2.91 -3.13806
2.913 -3.13924
2.916 -3.14042
2.919 -3.14161
2.922 -3.14281
2.925 -3.14401
2.928 -3.14521
2.931 -3.14642
2.934 -3.14763
2.937 -3.14884
2.94 -3.15006
2.943 -3.15129
2.946 -3.15251
2.949 -3.15374
2.952 -3.15498
2.955 -3.15621
2.958 -3.15745
2.961 -3.1587
2.964 -3.15994
2.967 -3.16119
2.97 -3.16244
2.973 -3.16369
2.976 -3.16495
2.979 -3.1662
2.982 -3.16746
2.985 -3.16872
2.988 -3.16998
2.991 -3.17125
2.994 -3.17251
2.997 -3.17378
3 -3.17505
3.001 -10
