0 5
0.003 3.89431
0.006 3.89414
0.009 3.89397
0.012 3.89379
0.015 3.89362
0.018 3.89344
0.021 3.89326
0.024 3.89308
0.027 3.8929
0.03 3.89272
0.033 3.89253
0.036 3.89235
0.039 3.89216
0.042 3.89197
0.045 3.89178
0.048 3.89159
0.051 3.8914
0.054 3.89121
0.057 3.89101
0.06 3.89082
0.063 3.89062
0.066 3.89042
0.069 3.89022
0.072 3.89002
0.075 3.88981
0.078 3.88961
0.081 3.8894
0.084 3.8892
0.087 3.88899
0.09 3.88878
0.093 3.88856
0.096 3.88835
0.099 3.88814
0.102 3.88792
0.105 3.8877
0.108 3.88748
0.111 3.88726
0.114 3.88704
0.117 3.88681
0.12 3.88659
0.123 3.88636
0.126 3.88613
0.129 3.8859
0.132 3.88567
0.135 3.88544
0.138 3.8852
0.141 3.88497
0.144 3.88473
0.147 3.88449
0.15 3.88425
0.153 3.884
0.156 3.88376
0.159 3.88351
0.162 3.88327
0.165 3.88302
0.168 3.88277
0.171 3.88251
0.174 3.88226
0.177 3.882
0.18 3.88174
0.183 3.88149
0.186 3.88122
0.189 3.88096
0.192 3.8807
0.195 3.88043
0.198 3.88016
0.201 3.87989
0.204 3.87962
0.207 3.87935
0.21 3.87908
0.213 3.8788
0.216 3.87852
0.219 3.87824
0.222 3.87796
0.225 3.87768
0.228 3.87739
0.231 3.8771
0.234 3.87682
0.237 3.87653
0.24 3.87623
0.243 3.87594
0.246 3.87564
0.249 3.87535
0.252 3.87505
0.255 3.87474
0.258 3.87444
0.261 3.87414
0.264 3.87383
0.267 3.87352
0.27 3.87321
0.273 3.8729
0.276 3.87258
0.279 3.87227
0.282 3.87195
0.285 3.87163
0.288 3.87131
0.291 3.87098
0.294 3.87066
0.297 3.87033
0.3 3.87
0.303 3.86967
0.306 3.86933
0.309 3.869
0.312 3.86866
0.315 3.86832
0.318 3.86798
0.321 3.86764
0.324 3.86729
0.327 3.86694
0.33 3.86659
0.333 3.86624
0.336 3.86589
0.339 3.86553
0.342 3.86518
0.345 3.86482
0.348 3.86445
0.351 3.86409
0.354 3.86373
0.357 3.86336
0.36 3.86299
0.363 3.86262
0.366 3.86224
0.369 3.86187
0.372 3.86149
0.375 3.86111
0.378 3.86073
0.381 3.86034
0.384 3.85995
0.387 3.85957
0.39 3.85917
0.393 3.85878
0.396 3.85839
0.399 3.85799
0.402 3.85759
0.405 3.85719
0.408 3.85678
0.411 3.85638
0.414 3.85597
0.417 3.85556
0.42 3.85515
0.423 3.85473
0.426 3.85432
0.429 3.8539
0.432 3.85347
0.435 3.85305
0.438 3.85262
0.441 3.8522
0.444 3.85177
0.447 3.85133
0.45 3.8509
0.453 3.85046
0.456 3.85002
0.459 3.84958
0.462 3.84914
0.465 3.84869
0.468 3.84824
0.471 3.84779
0.474 3.84734
0.477 3.84688
0.48 3.84642
0.483 3.84596
0.486 3.8455
0.489 3.84504
0.492 3.84457
0.495 3.8441
0.498 3.84363
0.501 3.84315
0.504 3.84268
0.507 3.8422
0.51 3.84171
0.513 3.84123
0.516 3.84074
0.519 3.84026
0.522 3.83977
0.525 3.83927
0.528 3.83878
0.531 3.83828
0.534 3.83778
0.537 3.83727
0.54 3.83677
0.543 3.83626
0.546 3.83575
0.549 3.83524
0.552 3.83472
0.555 3.8342
0.558 3.83368
0.561 3.83316
0.564 3.83263
0.567 3.83211
0.57 3.83158
0.573 3.83104
0.576 3.83051
0.579 3.82997
0.582 3.82943
0.585 3.82889
0.588 3.82834
0.591 3.82779
0.594 3.82724
0.597 3.82669
0.6 3.82613
0.603 3.82558
0.606 3.82502
0.609 3.82445
0.612 3.82389
0.615 3.82332
0.618 3.82275
0.621 3.82217
0.624 3.8216
0.627 3.82102
0.63 3.82044
0.633 3.81985
0.636 3.81927
0.639 3.81868
0.642 3.81809
0.645 3.81749
0.648 3.8169
0.651 3.8163
0.654 3.8157
0.657 3.81509
0.66 3.81448
0.663 3.81387
0.666 3.81326
0.669 3.81265
0.672 3.81203
0.675 3.81141
0.678 3.81079
0.681 3.81016
0.684 3.80953
0.687 3.8089
0.69 3.80827
0.693 3.80763
0.696 3.80699
0.699 3.80635
0.702 3.80571
0.705 3.80506
0.708 3.80441
0.711 3.80376
0.714 3.80311
0.717 3.80245
0.72 3.80179
0.723 3.80113
0.726 3.80046
0.729 3.79979
0.732 3.79912
0.735 3.79845
0.738 3.79777
0.741 3.79709
0.744 3.79641
0.747 3.79573
0.75 3.79504
0.753 3.79435
0.756 3.79366
0.759 3.79297
0.762 3.79227
0.765 3.79157
0.768 3.79087
0.771 3.79016
0.774 3.78945
0.777 3.78874
0.78 3.78803
0.783 3.78731
0.786 3.7866
0.789 3.78587
0.792 3.78515
0.795 3.78442
0.798 3.7837
0.801 3.78296
0.804 3.78223
0.807 3.78149
0.81 3.78075
0.813 3.78001
0.816 3.77926
0.819 3.77852
0.822 3.77777
0.825 3.77701
0.828 3.77626
0.831 3.7755
0.834 3.77474
0.837 3.77398
0.84 3.77321
0.843 3.77244
0.846 3.77167
0.849 3.7709
0.852 3.77012
0.855 3.76934
0.858 3.76856
0.861 3.76778
0.864 3.76699
0.867 3.7662
0.87 3.76541
0.873 3.76461
0.876 3.76382
0.879 3.76302
0.882 3.76221
0.885 3.76141
0.888 3.7606
0.891 3.75979
0.894 3.75898
0.897 3.75817
0.9 3.75735
0.903 3.75653
0.906 3.75571
0.909 3.75488
0.912 3.75405
0.915 3.75322
0.918 3.75239
0.921 3.75156
0.924 3.75072
0.927 3.74988
0.93 3.74904
0.933 3.74819
0.936 3.74735
0.939 3.7465
0.942 3.74564
0.945 3.74479
0.948 3.74393
0.951 3.74307
0.954 3.74221
0.957 3.74135
0.96 3.74048
0.963 3.73961
0.966 3.73874
0.969 3.73787
0.972 3.73699
0.975 3.73612
0.978 3.73524
0.981 3.73435
0.984 3.73347
0.987 3.73258
0.99 3.73169
0.993 3.7308
0.996 3.7299
0.999 3.72901
1.002 3.72811
1.005 3.72721
1.008 3.7263
1.011 3.7254
1.014 3.72449
1.017 3.72358
1.02 3.72267
1.023 3.72175
1.026 3.72084
1.029 3.71992
1.032 3.719
1.035 3.71807
1.038 3.71715
1.041 3.71622
1.044 3.71529
1.047 3.71436
1.05 3.71343
1.053 3.71249
1.056 3.71155
1.059 3.71061
1.062 3.70967
1.065 3.70872
1.068 3.70778
1.071 3.70683
1.074 3.70588
1.077 3.70492
1.08 3.70397
1.083 3.70301
1.086 3.70205
1.089 3.70109
1.092 3.70013
1.095 3.69916
1.098 3.69819
1.101 3.69723
1.104 3.69625
1.107 3.69528
1.11 3.69431
1.113 3.69333
1.116 3.69235
1.119 3.69137
1.122 3.69038
1.125 3.6894
1.128 3.68841
1.131 3.68742
1.134 3.68643
1.137 3.68544
1.14 3.68444
1.143 3.68345
1.146 3.68245
1.149 3.68145
1.152 3.68044
1.155 3.67944
1.158 3.67843
1.161 3.67742
1.164 3.67641
1.167 3.6754
1.17 3.67439
1.173 3.67337
1.176 3.67235
1.179 3.67133
1.182 3.67031
1.185 3.66928
1.188 3.66826
1.191 3.66723
1.194 3.6662
1.197 3.66517
1.2 3.66414
1.203 3.6631
1.206 3.66206
1.209 3.66102
1.212 3.65998
1.215 3.65894
1.218 3.65789
1.221 3.65685
1.224 3.6558
1.227 3.65475
1.23 3.6537
1.233 3.65264
1.236 3.65158
1.239 3.65053
1.242 3.64947
1.245 3.6484
1.248 3.64734
1.251 3.64627
1.254 3.64521
1.257 3.64414
1.26 3.64306
1.263 3.64199
1.266 3.64091
1.269 3.63984
1.272 3.63876
1.275 3.63767
1.278 3.63659
1.281 3.6355
1.284 3.63442
1.287 3.63333
1.29 3.63223
1.293 3.63114
1.296 3.63004
1.299 3.62895
1.302 3.62785
1.305 3.62674
1.308 3.62564
1.311 3.62453
1.314 3.62342
1.317 3.62231
1.32 3.6212
1.323 3.62009
1.326 3.61897
1.329 3.61785
1.332 3.61673
1.335 3.61561
1.338 3.61448
1.341 3.61335
1.344 3.61222
1.347 3.61109
1.35 3.60995
1.353 3.60882
1.356 3.60768
1.359 3.60654
1.362 3.60539
1.365 3.60425
1.368 3.6031
1.371 3.60195
1.374 3.60079
1.377 3.59964
1.38 3.59848
1.383 3.59732
1.386 3.59615
1.389 3.59499
1.392 3.59382
1.395 3.59265
1.398 3.59148
1.401 3.5903
1.404 3.58912
1.407 3.58794
1.41 3.58676
1.413 3.58557
1.416 3.58438
1.419 3.58319
1.422 3.582
1.425 3.5808
1.428 3.5796
1.431 3.5784
1.434 3.57719
1.437 3.57598
1.44 3.57477
1.443 3.57356
1.446 3.57234
1.449 3.57112
1.452 3.5699
1.455 3.56867
1.458 3.56744
1.461 3.56621
1.464 3.56498
1.467 3.56374
1.47 3.5625
1.473 3.56125
1.476 3.56001
1.479 3.55876
1.482 3.5575
1.485 3.55624
1.488 3.55498
1.491 3.55372
1.494 3.55245
1.497 3.55118
1.5 3.54991
1.503 3.54863
1.506 3.54735
1.509 3.54607
1.512 3.54478
1.515 3.54349
1.518 3.54219
1.521 3.5409
1.524 3.53959
1.527 3.53829
1.53 3.53698
1.533 3.53567
1.536 3.53435
1.539 3.53303
1.542 3.5317
1.545 3.53037
1.548 3.52904
1.551 3.52771
1.554 3.52636
1.557 3.52502
1.56 3.52367
1.563 3.52232
1.566 3.52096
1.569 3.5196
1.572 3.51824
1.575 3.51687
1.578 3.51549
1.581 3.51412
1.584 3.51273
1.587 3.51135
1.59 3.50996
1.593 3.50856
1.596 3.50716
1.599 3.50576
1.602 3.50435
1.605 3.50293
1.608 3.50151
1.611 3.50009
1.614 3.49866
1.617 3.49723
1.62 3.49579
1.623 3.49435
1.626 3.49291
1.629 3.49145
1.632 3.49
1.635 3.48854
1.638 3.48707
1.641 3.4856
1.644 3.48412
1.647 3.48264
1.65 3.48115
1.653 3.47966
1.656 3.47816
1.659 3.47666
1.662 3.47515
1.665 3.47363
1.668 3.47211
1.671 3.47059
1.674 3.46906
1.677 3.46752
1.68 3.46598
1.683 3.46444
1.686 3.46288
1.689 3.46132
1.692 3.45976
1.695 3.45819
1.698 3.45661
1.701 3.45503
1.704 3.45345
1.707 3.45185
1.71 3.45025
1.713 3.44865
1.716 3.44704
1.719 3.44542
1.722 3.44379
1.725 3.44216
1.728 3.44053
1.731 3.43889
1.734 3.43724
1.737 3.43558
1.74 3.43392
1.743 3.43225
1.746 3.43058
1.749 3.4289
1.752 3.42721
1.755 3.42552
1.758 3.42381
1.761 3.42211
1.764 3.42039
1.767 3.41867
1.77 3.41695
1.773 3.41521
1.776 3.41347
1.779 3.41172
1.782 3.40997
1.785 3.40821
1.788 3.40644
1.791 3.40466
1.794 3.40288
1.797 3.40109
1.8 3.39929
1.803 3.39749
1.806 3.39568
1.809 3.39386
1.812 3.39203
1.815 3.3902
1.818 3.38836
1.821 3.38651
1.824 3.38466
1.827 3.3828
1.83 3.38093
1.833 3.37905
1.836 3.37717
1.839 3.37528
1.842 3.37338
1.845 3.37147
1.848 3.36956
1.851 3.36763
1.854 3.3657
1.857 3.36377
1.86 3.36182
1.863 3.35987
1.866 3.35791
1.869 3.35594
1.872 3.35397
1.875 3.35198
1.878 3.34999
1.881 3.34799
1.884 3.34599
1.887 3.34397
1.89 3.34195
1.893 3.33992
1.896 3.33788
1.899 3.33584
1.902 3.33379
1.905 3.33172
1.908 3.32966
1.911 3.32758
1.914 3.32549
1.917 3.3234
1.92 3.3213
1.923 3.31919
1.926 3.31708
1.929 3.31495
1.932 3.31282
1.935 3.31068
1.938 3.30853
1.941 3.30638
1.944 3.30421
1.947 3.30204
1.95 3.29986
1.953 3.29767
1.956 3.29548
1.959 3.29328
1.962 3.29107
1.965 3.28885
1.968 3.28662
1.971 3.28439
1.974 3.28215
1.977 3.2799
1.98 3.27764
1.983 3.27537
1.986 3.2731
1.989 3.27082
1.992 3.26853
1.995 3.26624
1.998 3.26394
2.001 3.26163
2.004 3.25931
2.007 3.25698
2.01 3.25465
2.013 3.25231
2.016 3.24996
2.019 3.24761
2.022 3.24524
2.025 3.24288
2.028 3.2405
2.031 3.23812
2.034 3.23573
2.037 3.23333
2.04 3.23092
2.043 3.22851
2.046 3.22609
2.049 3.22367
2.052 3.22124
2.055 3.2188
2.058 3.21635
2.061 3.2139
2.064 3.21144
2.067 3.20898
2.07 3.20651
2.073 3.20403
2.076 3.20154
2.079 3.19905
2.082 3.19656
2.085 3.19406
2.088 3.19155
2.091 3.18903
2.094 3.18651
2.097 3.18399
2.1 3.18146
2.103 3.17892
2.106 3.17638
2.109 3.17383
2.112 3.17128
2.115 3.16872
2.118 3.16616
2.121 3.1636
2.124 3.16102
2.127 3.15845
2.13 3.15586
2.133 3.15328
2.136 3.15069
2.139 3.14809
2.142 3.1455
2.145 3.14289
2.148 3.14029
2.151 3.13768
2.154 3.13506
2.157 3.13244
2.16 3.12982
2.163 3.1272
2.166 3.12457
2.169 3.12194
2.172 3.11931
2.175 3.11667
2.178 3.11403
2.181 3.11139
2.184 3.10875
2.187 3.1061
2.19 3.10345
2.193 3.1008
2.196 3.09815
2.199 3.0955
2.202 3.09285
2.205 3.09019
2.208 3.08753
2.211 3.08488
2.214 3.08222
2.217 3.07956
2.22 3.0769
2.223 3.07424
2.226 3.07158
2.229 3.06892
2.232 3.06626
2.235 3.0636
2.238 3.06095
2.241 3.05829
2.244 3.05563
2.247 3.05298
2.25 3.05032
2.253 3.04767
2.256 3.04502
2.259 3.04237
2.262 3.03973
2.265 3.03708
2.268 3.03444
2.271 3.0318
2.274 3.02917
2.277 3.02653
2.28 3.0239
2.283 3.02128
2.286 3.01866
2.289 3.01604
2.292 3.01342
2.295 3.01082
2.298 3.00821
2.301 3.00561
2.304 3.00302
2.307 3.00043
2.31 2.99784
2.313 2.99526
2.316 2.99269
2.319 2.99012
2.322 2.98756
2.325 2.98501
2.328 2.98246
2.331 2.97992
2.334 2.97739
2.337 2.97486
2.34 2.97234
2.343 2.96983
2.346 2.96733
2.349 2.96484
2.352 2.96235
2.355 2.95987
2.358 2.95741
2.361 2.95495
2.364 2.9525
2.367 2.95006
2.37 2.94763
2.373 2.9452
2.376 2.94279
2.379 2.94039
2.382 2.938
2.385 2.93562
2.388 2.93326
2.391 2.9309
2.394 2.92855
2.397 2.92622
2.4 2.9239
2.403 2.92159
2.406 2.91929
2.409 2.917
2.412 2.91473
2.415 2.91247
2.418 2.91022
2.421 2.90798
2.424 2.90576
2.427 2.90355
2.43 2.90136
2.433 2.89918
2.436 2.89701
2.439 2.89486
2.442 2.89272
2.445 2.89059
2.448 2.88848
2.451 2.88639
2.454 2.88431
2.457 2.88224
2.46 2.88019
2.463 2.87815
2.466 2.87613
2.469 2.87413
2.472 2.87214
2.475 2.87016
2.478 2.86821
2.481 2.86626
2.484 2.86434
2.487 2.86243
2.49 2.86053
2.493 2.85866
2.496 2.85679
2.499 2.85495
2.502 2.85312
2.505 2.85131
2.508 2.84952
2.511 2.84774
2.514 2.84598
2.517 2.84423
2.52 2.84251
2.523 2.8408
2.526 2.83911
2.529 2.83743
2.532 2.83577
2.535 2.83413
2.538 2.83251
2.541 2.8309
2.544 2.82931
2.547 2.82774
2.55 2.82619
2.553 2.82465
2.556 2.82313
2.559 2.82163
2.562 2.82015
2.565 2.81868
2.568 2.81723
2.571 2.8158
2.574 2.81439
2.577 2.81299
2.58 2.81161
2.583 2.81025
2.586 2.8089
2.589 2.80758
2.592 2.80627
2.595 2.80497
2.598 2.8037
2.601 2.80244
2.604 2.8012
2.607 2.79998
2.61 2.79877
2.613 2.79758
2.616 2.79641
2.619 2.79525
2.622 2.79411
2.625 2.79299
2.628 2.79189
2.631 2.7908
2.634 2.78973
2.637 2.78867
2.64 2.78763
2.643 2.78661
2.646 2.78561
2.649 2.78462
2.652 2.78364
2.655 2.78269
2.658 2.78174
2.661 2.78082
2.664 2.77991
2.667 2.77902
2.67 2.77814
2.673 2.77727
2.676 2.77643
2.679 2.77559
2.682 2.77478
2.685 2.77398
2.688 2.77319
2.691 2.77242
2.694 2.77166
2.697 2.77092
2.7 2.77019
2.703 2.76948
2.706 2.76878
2.709 2.76809
2.712 2.76742
2.715 2.76677
2.718 2.76612
2.721 2.76549
2.724 2.76488
2.727 2.76428
2.73 2.76369
2.733 2.76311
2.736 2.76255
2.739 2.762
2.742 2.76147
2.745 2.76094
2.748 2.76043
2.751 2.75993
2.754 2.75945
2.757 2.75897
2.76 2.75851
2.763 2.75806
2.766 2.75763
2.769 2.7572
2.772 2.75679
2.775 2.75639
2.778 2.756
2.781 2.75562
2.784 2.75525
2.787 2.75489
2.79 2.75454
2.793 2.75421
2.796 2.75388
2.799 2.75357
2.802 2.75327
2.805 2.75297
2.808 2.75269
2.811 2.75242
2.814 2.75215
2.817 2.7519
2.82 2.75166
2.823 2.75142
2.826 2.7512
2.829 2.75098
2.832 2.75078
2.835 2.75058
2.838 2.75039
2.841 2.75021
2.844 2.75004
2.847 2.74988
2.85 2.74972
2.853 2.74958
2.856 2.74944
2.859 2.74931
2.862 2.74919
2.865 2.74908
2.868 2.74898
2.871 2.74888
2.874 2.74879
2.877 2.74871
2.88 2.74863
2.883 2.74856
2.886 2.7485
2.889 2.74845
2.892 2.7484
2.895 2.74836
2.898 2.74833
2.901 2.7483
2.904 2.74828
2.907 2.74827
2.91 2.74826
2.913 2.74826
2.916 2.74827
2.919 2.74828
2.922 2.7483
2.925 2.74832
2.928 2.74835
2.931 2.74838
2.934 2.74842
2.937 2.74847
2.94 2.74852
2.943 2.74857
2.946 2.74864
2.949 2.7487
2.952 2.74877
2.955 2.74885
2.958 2.74893
2.961 2.74902
2.964 2.74911
2.967 2.7492
2.97 2.7493
2.973 2.7494
2.976 2.74951
2.979 2.74962
2.982 2.74974
2.985 2.74986
2.988 2.74999
2.991 2.75011
2.994 2.75025
2.997 2.75038
3 2.75052
3.001 5
