0 5
0.003 3.89424
0.006 3.89423
0.009 3.89421
0.012 3.8942
0.015 3.89418
0.018 3.89416
0.021 3.89415
0.024 3.89413
0.027 3.8941
0.03 3.89408
0.033 3.89406
0.036 3.89403
0.039 3.89401
0.042 3.89398
0.045 3.89395
0.048 3.89392
0.051 3.89388
0.054 3.89385
0.057 3.89381
0.06 3.89378
0.063 3.89374
0.066 3.8937
0.069 3.89365
0.072 3.89361
0.075 3.89356
0.078 3.89352
0.081 3.89347
0.084 3.89342
0.087 3.89337
0.09 3.89331
0.093 3.89326
0.096 3.8932
0.099 3.89314
0.102 3.89308
0.105 3.89302
0.108 3.89295
0.111 3.89289
0.114 3.89282
0.117 3.89275
0.12 3.89268
0.123 3.8926
0.126 3.89253
0.129 3.89245
0.132 3.89237
0.135 3.89229
0.138 3.8922
0.141 3.89212
0.144 3.89203
0.147 3.89194
0.15 3.89185
0.153 3.89176
0.156 3.89166
0.159 3.89156
0.162 3.89146
0.165 3.89136
0.168 3.89126
0.171 3.89115
0.174 3.89104
0.177 3.89093
0.18 3.89082
0.183 3.89071
0.186 3.89059
0.189 3.89047
0.192 3.89035
0.195 3.89022
0.198 3.8901
0.201 3.88997
0.204 3.88984
0.207 3.8897
0.21 3.88957
0.213 3.88943
0.216 3.88929
0.219 3.88914
0.222 3.889
0.225 3.88885
0.228 3.8887
0.231 3.88855
0.234 3.88839
0.237 3.88823
0.24 3.88807
0.243 3.88791
0.246 3.88774
0.249 3.88757
0.252 3.8874
0.255 3.88722
0.258 3.88705
0.261 3.88687
0.264 3.88669
0.267 3.8865
0.27 3.88631
0.273 3.88612
0.276 3.88593
0.279 3.88573
0.282 3.88553
0.285 3.88533
0.288 3.88512
0.291 3.88491
0.294 3.8847
0.297 3.88449
0.3 3.88427
0.303 3.88405
0.306 3.88383
0.309 3.8836
0.312 3.88337
0.315 3.88314
0.318 3.8829
0.321 3.88266
0.324 3.88242
0.327 3.88217
0.33 3.88192
0.333 3.88167
0.336 3.88142
0.339 3.88116
0.342 3.88089
0.345 3.88063
0.348 3.88036
0.351 3.88009
0.354 3.87981
0.357 3.87953
0.36 3.87925
0.363 3.87896
0.366 3.87867
0.369 3.87838
0.372 3.87808
0.375 3.87778
0.378 3.87748
0.381 3.87717
0.384 3.87686
0.387 3.87655
0.39 3.87623
0.393 3.8759
0.396 3.87558
0.399 3.87525
0.402 3.87491
0.405 3.87458
0.408 3.87423
0.411 3.87389
0.414 3.87354
0.417 3.87319
0.42 3.87283
0.423 3.87247
0.426 3.8721
0.429 3.87173
0.432 3.87136
0.435 3.87098
0.438 3.8706
0.441 3.87021
0.444 3.86982
0.447 3.86943
0.45 3.86903
0.453 3.86863
0.456 3.86822
0.459 3.86781
0.462 3.86739
0.465 3.86697
0.468 3.86655
0.471 3.86612
0.474 3.86568
0.477 3.86524
0.48 3.8648
0.483 3.86435
0.486 3.8639
0.489 3.86345
0.492 3.86298
0.495 3.86252
0.498 3.86205
0.501 3.86157
0.504 3.86109
0.507 3.86061
0.51 3.86012
0.513 3.85962
0.516 3.85912
0.519 3.85862
0.522 3.85811
0.525 3.8576
0.528 3.85708
0.531 3.85655
0.534 3.85602
0.537 3.85549
0.54 3.85495
0.543 3.85441
0.546 3.85386
0.549 3.8533
0.552 3.85274
0.555 3.85217
0.558 3.8516
0.561 3.85103
0.564 3.85045
0.567 3.84986
0.57 3.84927
0.573 3.84867
0.576 3.84807
0.579 3.84746
0.582 3.84684
0.585 3.84622
0.588 3.8456
0.591 3.84497
0.594 3.84433
0.597 3.84369
0.6 3.84304
0.603 3.84238
0.606 3.84172
0.609 3.84106
0.612 3.84039
0.615 3.83971
0.618 3.83903
0.621 3.83834
0.624 3.83764
0.627 3.83694
0.63 3.83623
0.633 3.83552
0.636 3.8348
0.639 3.83408
0.642 3.83334
0.645 3.83261
0.648 3.83186
0.651 3.83111
0.654 3.83036
0.657 3.82959
0.66 3.82882
0.663 3.82805
0.666 3.82727
0.669 3.82648
0.672 3.82568
0.675 3.82488
0.678 3.82407
0.681 3.82326
0.684 3.82244
0.687 3.82161
0.69 3.82078
0.693 3.81994
0.696 3.81909
0.699 3.81824
0.702 3.81737
0.705 3.81651
0.708 3.81563
0.711 3.81475
0.714 3.81387
0.717 3.81297
0.72 3.81207
0.723 3.81116
0.726 3.81025
0.729 3.80933
0.732 3.8084
0.735 3.80746
0.738 3.80652
0.741 3.80557
0.744 3.80461
0.747 3.80365
0.75 3.80268
0.753 3.8017
0.756 3.80072
0.759 3.79973
0.762 3.79873
0.765 3.79772
0.768 3.79671
0.771 3.79569
0.774 3.79466
0.777 3.79363
0.78 3.79259
0.783 3.79154
0.786 3.79049
0.789 3.78943
0.792 3.78836
0.795 3.78728
0.798 3.7862
0.801 3.78511
0.804 3.78401
0.807 3.78291
0.81 3.78179
0.813 3.78067
0.816 3.77955
0.819 3.77842
0.822 3.77728
0.825 3.77613
0.828 3.77498
0.831 3.77381
0.834 3.77265
0.837 3.77147
0.84 3.77029
0.843 3.7691
0.846 3.76791
0.849 3.7667
0.852 3.76549
0.855 3.76428
0.858 3.76305
0.861 3.76182
0.864 3.76059
0.867 3.75934
0.87 3.75809
0.873 3.75683
0.876 3.75557
0.879 3.7543
0.882 3.75302
0.885 3.75174
0.888 3.75045
0.891 3.74915
0.894 3.74785
0.897 3.74654
0.9 3.74522
0.903 3.7439
0.906 3.74257
0.909 3.74124
0.912 3.7399
0.915 3.73855
0.918 3.7372
0.921 3.73584
0.924 3.73447
0.927 3.7331
0.93 3.73172
0.933 3.73034
0.936 3.72895
0.939 3.72756
0.942 3.72616
0.945 3.72475
0.948 3.72334
0.951 3.72193
0.954 3.7205
0.957 3.71908
0.96 3.71765
0.963 3.71621
0.966 3.71477
0.969 3.71332
0.972 3.71187
0.975 3.71041
0.978 3.70895
0.981 3.70748
0.984 3.70601
0.987 3.70453
0.99 3.70305
0.993 3.70157
0.996 3.70008
0.999 3.69858
1.002 3.69709
1.005 3.69558
1.008 3.69408
1.011 3.69257
1.014 3.69105
1.017 3.68954
1.02 3.68802
1.023 3.68649
1.026 3.68496
1.029 3.68343
1.032 3.6819
1.035 3.68036
1.038 3.67882
1.041 3.67727
1.044 3.67573
1.047 3.67418
1.05 3.67262
1.053 3.67107
1.056 3.66951
1.059 3.66795
1.062 3.66639
1.065 3.66482
1.068 3.66325
1.071 3.66168
1.074 3.66011
1.077 3.65854
1.08 3.65696
1.083 3.65538
1.086 3.65381
1.089 3.65222
1.092 3.65064
1.095 3.64906
1.098 3.64747
1.101 3.64589
1.104 3.6443
1.107 3.64271
1.11 3.64112
1.113 3.63953
1.116 3.63794
1.119 3.63634
1.122 3.63475
1.125 3.63315
1.128 3.63156
1.131 3.62996
1.134 3.62837
1.137 3.62677
1.14 3.62518
1.143 3.62358
1.146 3.62198
1.149 3.62038
1.152 3.61879
1.155 3.61719
1.158 3.61559
1.161 3.614
1.164 3.6124
1.167 3.6108
1.17 3.60921
1.173 3.60761
1.176 3.60602
1.179 3.60442
1.182 3.60283
1.185 3.60123
1.188 3.59964
1.191 3.59805
1.194 3.59646
1.197 3.59487
1.2 3.59328
1.203 3.59169
1.206 3.5901
1.209 3.58851
1.212 3.58692
1.215 3.58534
1.218 3.58376
1.221 3.58217
1.224 3.58059
1.227 3.57901
1.23 3.57743
1.233 3.57585
1.236 3.57427
1.239 3.5727
1.242 3.57112
1.245 3.56955
1.248 3.56798
1.251 3.56641
1.254 3.56484
1.257 3.56327
1.26 3.5617
1.263 3.56013
1.266 3.55857
1.269 3.55701
1.272 3.55544
1.275 3.55388
1.278 3.55232
1.281 3.55076
1.284 3.54921
1.287 3.54765
1.29 3.5461
1.293 3.54454
1.296 3.54299
1.299 3.54144
1.302 3.53989
1.305 3.53834
1.308 3.5368
1.311 3.53525
1.314 3.53371
1.317 3.53216
1.32 3.53062
1.323 3.52908
1.326 3.52754
1.329 3.526
1.332 3.52446
1.335 3.52292
1.338 3.52138
1.341 3.51984
1.344 3.51831
1.347 3.51677
1.35 3.51524
1.353 3.5137
1.356 3.51217
1.359 3.51064
1.362 3.50911
1.365 3.50757
1.368 3.50604
1.371 3.50451
1.374 3.50298
1.377 3.50145
1.38 3.49992
1.383 3.49839
1.386 3.49685
1.389 3.49532
1.392 3.49379
1.395 3.49226
1.398 3.49073
1.401 3.4892
1.404 3.48766
1.407 3.48613
1.41 3.4846
1.413 3.48306
1.416 3.48153
1.419 3.47999
1.422 3.47845
1.425 3.47691
1.428 3.47537
1.431 3.47383
1.434 3.47229
1.437 3.47075
1.44 3.4692
1.443 3.46766
1.446 3.46611
1.449 3.46456
1.452 3.463
1.455 3.46145
1.458 3.45989
1.461 3.45834
1.464 3.45678
1.467 3.45521
1.47 3.45365
1.473 3.45208
1.476 3.45051
1.479 3.44893
1.482 3.44736
1.485 3.44578
1.488 3.44419
1.491 3.44261
1.494 3.44102
1.497 3.43943
1.5 3.43783
1.503 3.43623
1.506 3.43462
1.509 3.43302
1.512 3.4314
1.515 3.42979
1.518 3.42816
1.521 3.42654
1.524 3.42491
1.527 3.42327
1.53 3.42163
1.533 3.41999
1.536 3.41834
1.539 3.41668
1.542 3.41502
1.545 3.41335
1.548 3.41168
1.551 3.41
1.554 3.40832
1.557 3.40663
1.56 3.40493
1.563 3.40323
1.566 3.40152
1.569 3.3998
1.572 3.39808
1.575 3.39634
1.578 3.39461
1.581 3.39286
1.584 3.39111
1.587 3.38935
1.59 3.38758
1.593 3.3858
1.596 3.38402
1.599 3.38223
1.602 3.38043
1.605 3.37862
1.608 3.3768
1.611 3.37497
1.614 3.37314
1.617 3.37129
1.62 3.36944
1.623 3.36757
1.626 3.3657
1.629 3.36381
1.632 3.36192
1.635 3.36002
1.638 3.3581
1.641 3.35618
1.644 3.35424
1.647 3.3523
1.65 3.35034
1.653 3.34837
1.656 3.34639
1.659 3.3444
1.662 3.3424
1.665 3.34038
1.668 3.33836
1.671 3.33632
1.674 3.33427
1.677 3.33221
1.68 3.33013
1.683 3.32804
1.686 3.32594
1.689 3.32383
1.692 3.3217
1.695 3.31956
1.698 3.3174
1.701 3.31524
1.704 3.31305
1.707 3.31086
1.71 3.30865
1.713 3.30643
1.716 3.30419
1.719 3.30193
1.722 3.29967
1.725 3.29738
1.728 3.29509
1.731 3.29277
1.734 3.29045
1.737 3.28811
1.74 3.28575
1.743 3.28337
1.746 3.28098
1.749 3.27858
1.752 3.27616
1.755 3.27372
1.758 3.27127
1.761 3.2688
1.764 3.26632
1.767 3.26381
1.77 3.2613
1.773 3.25876
1.776 3.25621
1.779 3.25365
1.782 3.25106
1.785 3.24846
1.788 3.24585
1.791 3.24321
1.794 3.24056
1.797 3.2379
1.8 3.23521
1.803 3.23251
1.806 3.22979
1.809 3.22706
1.812 3.22431
1.815 3.22154
1.818 3.21876
1.821 3.21596
1.824 3.21314
1.827 3.21031
1.83 3.20746
1.833 3.20459
1.836 3.20171
1.839 3.19881
1.842 3.19589
1.845 3.19296
1.848 3.19001
1.851 3.18705
1.854 3.18407
1.857 3.18108
1.86 3.17807
1.863 3.17504
1.866 3.172
1.869 3.16895
1.872 3.16588
1.875 3.1628
1.878 3.1597
1.881 3.15659
1.884 3.15346
1.887 3.15032
1.89 3.14717
1.893 3.14401
1.896 3.14083
1.899 3.13764
1.902 3.13444
1.905 3.13122
1.908 3.128
1.911 3.12476
1.914 3.12151
1.917 3.11825
1.92 3.11498
1.923 3.1117
1.926 3.10841
1.929 3.10512
1.932 3.10181
1.935 3.09849
1.938 3.09517
1.941 3.09184
1.944 3.0885
1.947 3.08515
1.95 3.0818
1.953 3.07844
1.956 3.07507
1.959 3.0717
1.962 3.06833
1.965 3.06495
1.968 3.06156
1.971 3.05817
1.974 3.05478
1.977 3.05138
1.98 3.04798
1.983 3.04458
1.986 3.04118
1.989 3.03778
1.992 3.03437
1.995 3.03096
1.998 3.02756
2.001 3.02415
2.004 3.02075
2.007 3.01734
2.01 3.01394
2.013 3.01053
2.016 3.00713
2.019 3.00374
2.022 3.00034
2.025 2.99695
2.028 2.99356
2.031 2.99018
2.034 2.9868
2.037 2.98343
2.04 2.98006
2.043 2.97669
2.046 2.97333
2.049 2.96998
2.052 2.96664
2.055 2.9633
2.058 2.95997
2.061 2.95664
2.064 2.95332
2.067 2.95002
2.07 2.94672
2.073 2.94342
2.076 2.94014
2.079 2.93687
2.082 2.93361
2.085 2.93035
2.088 2.92711
2.091 2.92388
2.094 2.92065
2.097 2.91744
2.1 2.91424
2.103 2.91105
2.106 2.90787
2.109 2.90471
2.112 2.90155
2.115 2.89841
2.118 2.89528
2.121 2.89217
2.124 2.88906
2.127 2.88597
2.13 2.8829
2.133 2.87983
2.136 2.87679
2.139 2.87375
2.142 2.87073
2.145 2.86772
2.148 2.86473
2.151 2.86175
2.154 2.85879
2.157 2.85584
2.16 2.85291
2.163 2.84999
2.166 2.84709
2.169 2.8442
2.172 2.84133
2.175 2.83847
2.178 2.83563
2.181 2.83281
2.184 2.83
2.187 2.82721
2.19 2.82444
2.193 2.82168
2.196 2.81894
2.199 2.81621
2.202 2.81351
2.205 2.81082
2.208 2.80814
2.211 2.80549
2.214 2.80285
2.217 2.80023
2.22 2.79762
2.223 2.79504
2.226 2.79247
2.229 2.78992
2.232 2.78739
2.235 2.78487
2.238 2.78238
2.241 2.7799
2.244 2.77744
2.247 2.77499
2.25 2.77257
2.253 2.77016
2.256 2.76777
2.259 2.7654
2.262 2.76305
2.265 2.76072
2.268 2.75841
2.271 2.75611
2.274 2.75383
2.277 2.75158
2.28 2.74934
2.283 2.74712
2.286 2.74491
2.289 2.74273
2.292 2.74056
2.295 2.73842
2.298 2.73629
2.301 2.73418
2.304 2.73209
2.307 2.73002
2.31 2.72797
2.313 2.72593
2.316 2.72392
2.319 2.72192
2.322 2.71994
2.325 2.71798
2.328 2.71604
2.331 2.71412
2.334 2.71222
2.337 2.71033
2.34 2.70846
2.343 2.70662
2.346 2.70479
2.349 2.70297
2.352 2.70118
2.355 2.69941
2.358 2.69765
2.361 2.69591
2.364 2.69419
2.367 2.69249
2.37 2.6908
2.373 2.68913
2.376 2.68748
2.379 2.68585
2.382 2.68424
2.385 2.68264
2.388 2.68106
2.391 2.6795
2.394 2.67796
2.397 2.67643
2.4 2.67492
2.403 2.67343
2.406 2.67195
2.409 2.67049
2.412 2.66905
2.415 2.66762
2.418 2.66621
2.421 2.66482
2.424 2.66344
2.427 2.66208
2.43 2.66073
2.433 2.65941
2.436 2.65809
2.439 2.6568
2.442 2.65551
2.445 2.65425
2.448 2.653
2.451 2.65176
2.454 2.65054
2.457 2.64934
2.46 2.64815
2.463 2.64697
2.466 2.64581
2.469 2.64467
2.472 2.64353
2.475 2.64242
2.478 2.64131
2.481 2.64022
2.484 2.63915
2.487 2.63809
2.49 2.63704
2.493 2.63601
2.496 2.63498
2.499 2.63398
2.502 2.63298
2.505 2.632
2.508 2.63103
2.511 2.63008
2.514 2.62914
2.517 2.6282
2.52 2.62729
2.523 2.62638
2.526 2.62549
2.529 2.62461
2.532 2.62374
2.535 2.62288
2.538 2.62203
2.541 2.6212
2.544 2.62038
2.547 2.61956
2.55 2.61876
2.553 2.61797
2.556 2.61719
2.559 2.61643
2.562 2.61567
2.565 2.61492
2.568 2.61419
2.571 2.61346
2.574 2.61274
2.577 2.61204
2.58 2.61134
2.583 2.61066
2.586 2.60998
2.589 2.60931
2.592 2.60866
2.595 2.60801
2.598 2.60737
2.601 2.60674
2.604 2.60612
2.607 2.60551
2.61 2.6049
2.613 2.60431
2.616 2.60372
2.619 2.60315
2.622 2.60258
2.625 2.60202
2.628 2.60147
2.631 2.60092
2.634 2.60038
2.637 2.59986
2.64 2.59934
2.643 2.59882
2.646 2.59832
2.649 2.59782
2.652 2.59733
2.655 2.59684
2.658 2.59637
2.661 2.5959
2.664 2.59544
2.667 2.59498
2.67 2.59453
2.673 2.59409
2.676 2.59365
2.679 2.59323
2.682 2.5928
2.685 2.59239
2.688 2.59198
2.691 2.59157
2.694 2.59118
2.697 2.59078
2.7 2.5904
2.703 2.59002
2.706 2.58965
2.709 2.58928
2.712 2.58891
2.715 2.58856
2.718 2.58821
2.721 2.58786
2.724 2.58752
2.727 2.58718
2.73 2.58685
2.733 2.58653
2.736 2.5862
2.739 2.58589
2.742 2.58558
2.745 2.58527
2.748 2.58497
2.751 2.58467
2.754 2.58438
2.757 2.58409
2.76 2.58381
2.763 2.58353
2.766 2.58326
2.769 2.58299
2.772 2.58272
2.775 2.58246
2.778 2.5822
2.781 2.58195
2.784 2.5817
2.787 2.58145
2.79 2.58121
2.793 2.58097
2.796 2.58074
2.799 2.58051
2.802 2.58028
2.805 2.58006
2.808 2.57984
2.811 2.57962
2.814 2.57941
2.817 2.5792
2.82 2.57899
2.823 2.57879
2.826 2.57859
2.829 2.57839
2.832 2.5782
2.835 2.57801
2.838 2.57782
2.841 2.57764
2.844 2.57746
2.847 2.57728
2.85 2.5771
2.853 2.57693
2.856 2.57676
2.859 2.57659
2.862 2.57643
2.865 2.57627
2.868 2.57611
2.871 2.57595
2.874 2.5758
2.877 2.57565
2.88 2.5755
2.883 2.57535
2.886 2.57521
2.889 2.57507
2.892 2.57493
2.895 2.57479
2.898 2.57466
2.901 2.57452
2.904 2.57439
2.907 2.57426
2.91 2.57414
2.913 2.57401
2.916 2.57389
2.919 2.57377
2.922 2.57365
2.925 2.57354
2.928 2.57343
2.931 2.57331
2.934 2.5732
2.937 2.57309
2.94 2.57299
2.943 2.57288
2.946 2.57278
2.949 2.57268
2.952 2.57258
2.955 2.57248
2.958 2.57239
2.961 2.57229
2.964 2.5722
2.967 2.57211
2.97 2.57202
2.973 2.57193
2.976 2.57185
2.979 2.57176
2.982 2.57168
2.985 2.57159
2.988 2.57151
2.991 2.57144
2.994 2.57136
2.997 2.57128
3 2.57121
3.001 5
