0 0
0.003 0.394031
0.006 0.39417
0.009 0.39431
0.012 0.394453
0.015 0.394598
0.018 0.394745
0.021 0.394894
0.024 0.395045
0.027 0.395199
0.03 0.395354
0.033 0.395512
0.036 0.395672
0.039 0.395834
0.042 0.395998
0.045 0.396165
0.048 0.396334
0.051 0.396505
0.054 0.396679
0.057 0.396855
0.06 0.397033
0.063 0.397214
0.066 0.397397
0.069 0.397583
0.072 0.397771
0.075 0.397961
0.078 0.398154
0.081 0.39835
0.084 0.398548
0.087 0.398748
0.09 0.398951
0.093 0.399157
0.096 0.399365
0.099 0.399576
0.102 0.39979
0.105 0.400006
0.108 0.400226
0.111 0.400447
0.114 0.400672
0.117 0.400899
0.12 0.401129
0.123 0.401362
0.126 0.401598
0.129 0.401837
0.132 0.402079
0.135 0.402323
0.138 0.40257
0.141 0.402821
0.144 0.403074
0.147 0.403331
0.15 0.40359
0.153 0.403853
0.156 0.404118
0.159 0.404387
0.162 0.404659
0.165 0.404934
0.168 0.405212
0.171 0.405493
0.174 0.405778
0.177 0.406066
0.18 0.406357
0.183 0.406651
0.186 0.406949
0.189 0.40725
0.192 0.407555
0.195 0.407863
0.198 0.408174
0.201 0.408489
0.204 0.408807
0.207 0.409129
0.21 0.409455
0.213 0.409784
0.216 0.410116
0.219 0.410452
0.222 0.410792
0.225 0.411136
0.228 0.411483
0.231 0.411834
0.234 0.412189
0.237 0.412547
0.24 0.41291
0.243 0.413276
0.246 0.413646
0.249 0.41402
0.252 0.414398
0.255 0.41478
0.258 0.415166
0.261 0.415556
0.264 0.41595
0.267 0.416348
0.27 0.41675
0.273 0.417157
0.276 0.417567
0.279 0.417982
0.282 0.418401
0.285 0.418824
0.288 0.419252
0.291 0.419684
0.294 0.42012
0.297 0.420561
0.3 0.421006
0.303 0.421455
0.306 0.421909
0.309 0.422368
0.312 0.422831
0.315 0.423299
0.318 0.423771
0.321 0.424248
0.324 0.42473
0.327 0.425216
0.33 0.425708
0.333 0.426204
0.336 0.426705
0.339 0.42721
0.342 0.427721
0.345 0.428237
0.348 0.428757
0.351 0.429283
0.354 0.429814
0.357 0.430349
0.36 0.43089
0.363 0.431436
0.366 0.431987
0.369 0.432544
0.372 0.433106
0.375 0.433673
0.378 0.434245
0.381 0.434823
0.384 0.435406
0.387 0.435995
0.39 0.436589
0.393 0.437189
0.396 0.437794
0.399 0.438405
0.402 0.439022
0.405 0.439644
0.408 0.440272
0.411 0.440906
0.414 0.441546
0.417 0.442192
0.42 0.442843
0.423 0.443501
0.426 0.444164
0.429 0.444834
0.432 0.44551
0.435 0.446192
0.438 0.44688
0.441 0.447574
0.444 0.448274
0.447 0.448981
0.45 0.449695
0.453 0.450414
0.456 0.451141
0.459 0.451873
0.462 0.452613
0.465 0.453358
0.468 0.454111
0.471 0.45487
0.474 0.455636
0.477 0.456409
0.48 0.457189
0.483 0.457975
0.486 0.458769
0.489 0.45957
0.492 0.460377
0.495 0.461192
0.498 0.462014
0.501 0.462843
0.504 0.46368
0.507 0.464524
0.51 0.465375
0.513 0.466233
0.516 0.4671
0.519 0.467973
0.522 0.468855
0.525 0.469744
0.528 0.47064
0.531 0.471545
0.534 0.472457
0.537 0.473377
0.54 0.474306
0.543 0.475242
0.546 0.476186
0.549 0.477139
0.552 0.478099
0.555 0.479068
0.558 0.480046
0.561 0.481031
0.564 0.482025
0.567 0.483028
0.57 0.484039
0.573 0.485059
0.576 0.486087
0.579 0.487124
0.582 0.488171
0.585 0.489226
0.588 0.490289
0.591 0.491362
0.594 0.492444
0.597 0.493536
0.6 0.494636
0.603 0.495746
0.606 0.496865
0.609 0.497993
0.612 0.499131
0.615 0.500279
0.618 0.501436
0.621 0.502603
0.624 0.50378
0.627 0.504966
0.63 0.506163
0.633 0.507369
0.636 0.508586
0.639 0.509813
0.642 0.511049
0.645 0.512297
0.648 0.513554
0.651 0.514822
0.654 0.5161
0.657 0.517389
0.66 0.518689
0.663 0.519999
0.666 0.52132
0.669 0.522652
0.672 0.523995
0.675 0.525349
0.678 0.526714
0.681 0.52809
0.684 0.529477
0.687 0.530876
0.69 0.532286
0.693 0.533707
0.696 0.53514
0.699 0.536585
0.702 0.538041
0.705 0.539509
0.708 0.540989
0.711 0.54248
0.714 0.543984
0.717 0.545499
0.72 0.547027
0.723 0.548567
0.726 0.550119
0.729 0.551684
0.732 0.553261
0.735 0.55485
0.738 0.556452
0.741 0.558066
0.744 0.559693
0.747 0.561333
0.75 0.562986
0.753 0.564652
0.756 0.56633
0.759 0.568022
0.762 0.569726
0.765 0.571444
0.768 0.573175
0.771 0.574919
0.774 0.576677
0.777 0.578448
0.78 0.580232
0.783 0.58203
0.786 0.583842
0.789 0.585667
0.792 0.587506
0.795 0.589358
0.798 0.591225
0.801 0.593105
0.804 0.595
0.807 0.596908
0.81 0.59883
0.813 0.600766
0.816 0.602717
0.819 0.604681
0.822 0.60666
0.825 0.608653
0.828 0.61066
0.831 0.612682
0.834 0.614718
0.837 0.616769
0.84 0.618833
0.843 0.620913
0.846 0.623007
0.849 0.625115
0.852 0.627238
0.855 0.629376
0.858 0.631528
0.861 0.633695
0.864 0.635877
0.867 0.638073
0.87 0.640284
0.873 0.642509
0.876 0.64475
0.879 0.647005
0.882 0.649275
0.885 0.65156
0.888 0.653859
0.891 0.656173
0.894 0.658502
0.897 0.660846
0.9 0.663205
0.903 0.665578
0.906 0.667966
0.909 0.670369
0.912 0.672786
0.915 0.675218
0.918 0.677665
0.921 0.680127
0.924 0.682603
0.927 0.685093
0.93 0.687599
0.933 0.690119
0.936 0.692653
0.939 0.695202
0.942 0.697765
0.945 0.700343
0.948 0.702935
0.951 0.705541
0.954 0.708162
0.957 0.710797
0.96 0.713446
0.963 0.716109
0.966 0.718786
0.969 0.721477
0.972 0.724182
0.975 0.726901
0.978 0.729633
0.981 0.732379
0.984 0.735139
0.987 0.737913
0.99 0.7407
0.993 0.7435
0.996 0.746314
0.999 0.749141
1.002 0.751981
1.005 0.754834
1.008 0.7577
1.011 0.760578
1.014 0.76347
1.017 0.766374
1.02 0.769291
1.023 0.772221
1.026 0.775162
1.029 0.778116
1.032 0.781082
1.035 0.784061
1.038 0.787051
1.041 0.790053
1.044 0.793066
1.047 0.796091
1.05 0.799128
1.053 0.802176
1.056 0.805236
1.059 0.808306
1.062 0.811388
1.065 0.81448
1.068 0.817583
1.071 0.820697
1.074 0.823822
1.077 0.826956
1.08 0.830101
1.083 0.833257
1.086 0.836422
1.089 0.839597
1.092 0.842782
1.095 0.845977
1.098 0.849181
1.101 0.852394
1.104 0.855617
1.107 0.858849
1.11 0.86209
1.113 0.865341
1.116 0.868599
1.119 0.871867
1.122 0.875143
1.125 0.878427
1.128 0.88172
1.131 0.885021
1.134 0.88833
1.137 0.891647
1.14 0.894972
1.143 0.898305
1.146 0.901645
1.149 0.904993
1.152 0.908348
1.155 0.91171
1.158 0.91508
1.161 0.918457
1.164 0.92184
1.167 0.925231
1.17 0.928628
1.173 0.932032
1.176 0.935443
1.179 0.93886
1.182 0.942284
1.185 0.945714
1.188 0.94915
1.191 0.952592
1.194 0.956041
1.197 0.959495
1.2 0.962956
1.203 0.966422
1.206 0.969894
1.209 0.973372
1.212 0.976855
1.215 0.980344
1.218 0.983839
1.221 0.987339
1.224 0.990845
1.227 0.994356
1.23 0.997873
1.233 1.00139
1.236 1.00492
1.239 1.00845
1.242 1.01199
1.245 1.01554
1.248 1.01908
1.251 1.02264
1.254 1.0262
1.257 1.02976
1.26 1.03333
1.263 1.0369
1.266 1.04048
1.269 1.04407
1.272 1.04766
1.275 1.05125
1.278 1.05485
1.281 1.05846
1.284 1.06207
1.287 1.06569
1.29 1.06931
1.293 1.07293
1.296 1.07657
1.299 1.08021
1.302 1.08385
1.305 1.0875
1.308 1.09115
1.311 1.09482
1.314 1.09848
1.317 1.10215
1.32 1.10583
1.323 1.10952
1.326 1.11321
1.329 1.11691
1.332 1.12061
1.335 1.12432
1.338 1.12804
1.341 1.13176
1.344 1.13549
1.347 1.13923
1.35 1.14297
1.353 1.14673
1.356 1.15048
1.359 1.15425
1.362 1.15803
1.365 1.16181
1.368 1.1656
1.371 1.1694
1.374 1.1732
1.377 1.17702
1.38 1.18084
1.383 1.18467
1.386 1.18851
1.389 1.19236
1.392 1.19622
1.395 1.20009
1.398 1.20397
1.401 1.20786
1.404 1.21176
1.407 1.21567
1.41 1.21959
1.413 1.22352
1.416 1.22746
1.419 1.23142
1.422 1.23538
1.425 1.23936
1.428 1.24335
1.431 1.24735
1.434 1.25136
1.437 1.25539
1.44 1.25943
1.443 1.26348
1.446 1.26755
1.449 1.27163
1.452 1.27572
1.455 1.27983
1.458 1.28396
1.461 1.2881
1.464 1.29225
1.467 1.29642
1.47 1.30061
1.473 1.30481
1.476 1.30903
1.479 1.31326
1.482 1.31752
1.485 1.32179
1.488 1.32607
1.491 1.33038
1.494 1.33471
1.497 1.33905
1.5 1.34342
1.503 1.3478
1.506 1.3522
1.509 1.35663
1.512 1.36107
1.515 1.36554
1.518 1.37002
1.521 1.37453
1.524 1.37906
1.527 1.38362
1.53 1.3882
1.533 1.3928
1.536 1.39742
1.539 1.40207
1.542 1.40675
1.545 1.41144
1.548 1.41617
1.551 1.42092
1.554 1.4257
1.557 1.4305
1.56 1.43533
1.563 1.44019
1.566 1.44508
1.569 1.44999
1.572 1.45494
1.575 1.45991
1.578 1.46491
1.581 1.46995
1.584 1.47501
1.587 1.48011
1.59 1.48524
1.593 1.4904
1.596 1.49559
1.599 1.50082
1.602 1.50608
1.605 1.51137
1.608 1.5167
1.611 1.52206
1.614 1.52746
1.617 1.5329
1.62 1.53837
1.623 1.54388
1.626 1.54943
1.629 1.55501
1.632 1.56063
1.635 1.5663
1.638 1.572
1.641 1.57774
1.644 1.58352
1.647 1.58934
1.65 1.5952
1.653 1.60111
1.656 1.60706
1.659 1.61305
1.662 1.61908
1.665 1.62516
1.668 1.63128
1.671 1.63745
1.674 1.64366
1.677 1.64992
1.68 1.65622
1.683 1.66257
1.686 1.66897
1.689 1.67542
1.692 1.68191
1.695 1.68845
1.698 1.69504
1.701 1.70168
1.704 1.70837
1.707 1.71511
1.71 1.7219
1.713 1.72874
1.716 1.73563
1.719 1.74258
1.722 1.74957
1.725 1.75662
1.728 1.76372
1.731 1.77088
1.734 1.77808
1.737 1.78534
1.74 1.79266
1.743 1.80003
1.746 1.80746
1.749 1.81493
1.752 1.82247
1.755 1.83006
1.758 1.83771
1.761 1.84541
1.764 1.85317
1.767 1.86098
1.77 1.86885
1.773 1.87678
1.776 1.88476
1.779 1.89281
1.782 1.9009
1.785 1.90906
1.788 1.91727
1.791 1.92554
1.794 1.93387
1.797 1.94225
1.8 1.95069
1.803 1.95918
1.806 1.96774
1.809 1.97635
1.812 1.98501
1.815 1.99374
1.818 2.00252
1.821 2.01135
1.824 2.02024
1.827 2.02919
1.83 2.03819
1.833 2.04724
1.836 2.05635
1.839 2.06551
1.842 2.07473
1.845 2.084
1.848 2.09332
1.851 2.10269
1.854 2.11212
1.857 2.12159
1.86 2.13112
1.863 2.14069
1.866 2.15031
1.869 2.15998
1.872 2.1697
1.875 2.17947
1.878 2.18928
1.881 2.19913
1.884 2.20903
1.887 2.21897
1.89 2.22896
1.893 2.23898
1.896 2.24905
1.899 2.25915
1.902 2.26929
1.905 2.27947
1.908 2.28968
1.911 2.29993
1.914 2.31021
1.917 2.32053
1.92 2.33087
1.923 2.34125
1.926 2.35165
1.929 2.36208
1.932 2.37254
1.935 2.38302
1.938 2.39352
1.941 2.40405
1.944 2.4146
1.947 2.42516
1.95 2.43575
1.953 2.44635
1.956 2.45696
1.959 2.46759
1.962 2.47823
1.965 2.48888
1.968 2.49954
1.971 2.5102
1.974 2.52088
1.977 2.53155
1.98 2.54223
1.983 2.55291
1.986 2.5636
1.989 2.57428
1.992 2.58495
1.995 2.59563
1.998 2.60629
2.001 2.61696
2.004 2.62761
2.007 2.63825
2.01 2.64888
2.013 2.65949
2.016 2.6701
2.019 2.68068
2.022 2.69125
2.025 2.7018
2.028 2.71233
2.031 2.72284
2.034 2.73332
2.037 2.74379
2.04 2.75422
2.043 2.76463
2.046 2.77502
2.049 2.78537
2.052 2.79569
2.055 2.80598
2.058 2.81624
2.061 2.82647
2.064 2.83666
2.067 2.84681
2.07 2.85693
2.073 2.86701
2.076 2.87705
2.079 2.88705
2.082 2.897
2.085 2.90692
2.088 2.91679
2.091 2.92662
2.094 2.9364
2.097 2.94614
2.1 2.95583
2.103 2.96548
2.106 2.97507
2.109 2.98462
2.112 2.99411
2.115 3.00356
2.118 3.01295
2.121 3.02229
2.124 3.03158
2.127 3.04082
2.13 3.05
2.133 3.05913
2.136 3.0682
2.139 3.07722
2.142 3.08618
2.145 3.09508
2.148 3.10393
2.151 3.11271
2.154 3.12144
2.157 3.13012
2.16 3.13873
2.163 3.14728
2.166 3.15577
2.169 3.1642
2.172 3.17258
2.175 3.18089
2.178 3.18914
2.181 3.19732
2.184 3.20545
2.187 3.21351
2.19 3.22151
2.193 3.22945
2.196 3.23732
2.199 3.24514
2.202 3.25289
2.205 3.26057
2.208 3.26819
2.211 3.27575
2.214 3.28324
2.217 3.29067
2.22 3.29804
2.223 3.30534
2.226 3.31257
2.229 3.31975
2.232 3.32685
2.235 3.3339
2.238 3.34088
2.241 3.34779
2.244 3.35464
2.247 3.36143
2.25 3.36815
2.253 3.3748
2.256 3.3814
2.259 3.38792
2.262 3.39439
2.265 3.40079
2.268 3.40712
2.271 3.41339
2.274 3.4196
2.277 3.42575
2.28 3.43183
2.283 3.43784
2.286 3.4438
2.289 3.44969
2.292 3.45552
2.295 3.46129
2.298 3.46699
2.301 3.47263
2.304 3.47821
2.307 3.48373
2.31 3.48919
2.313 3.49458
2.316 3.49992
2.319 3.50519
2.322 3.51041
2.325 3.51556
2.328 3.52066
2.331 3.5257
2.334 3.53067
2.337 3.53559
2.34 3.54045
2.343 3.54525
2.346 3.55
2.349 3.55469
2.352 3.55932
2.355 3.56389
2.358 3.56841
2.361 3.57287
2.364 3.57728
2.367 3.58164
2.37 3.58593
2.373 3.59018
2.376 3.59437
2.379 3.59851
2.382 3.60259
2.385 3.60662
2.388 3.61061
2.391 3.61453
2.394 3.61841
2.397 3.62224
2.4 3.62602
2.403 3.62975
2.406 3.63342
2.409 3.63705
2.412 3.64063
2.415 3.64417
2.418 3.64765
2.421 3.65109
2.424 3.65449
2.427 3.65783
2.43 3.66113
2.433 3.66439
2.436 3.6676
2.439 3.67077
2.442 3.67389
2.445 3.67697
2.448 3.68001
2.451 3.683
2.454 3.68596
2.457 3.68887
2.46 3.69174
2.463 3.69457
2.466 3.69736
2.469 3.70011
2.472 3.70282
2.475 3.7055
2.478 3.70813
2.481 3.71073
2.484 3.71329
2.487 3.71581
2.49 3.7183
2.493 3.72075
2.496 3.72316
2.499 3.72554
2.502 3.72789
2.505 3.7302
2.508 3.73248
2.511 3.73472
2.514 3.73693
2.517 3.73911
2.52 3.74126
2.523 3.74337
2.526 3.74546
2.529 3.74751
2.532 3.74953
2.535 3.75152
2.538 3.75348
2.541 3.75542
2.544 3.75732
2.547 3.7592
2.55 3.76104
2.553 3.76286
2.556 3.76466
2.559 3.76642
2.562 3.76816
2.565 3.76987
2.568 3.77156
2.571 3.77322
2.574 3.77486
2.577 3.77647
2.58 3.77806
2.583 3.77962
2.586 3.78116
2.589 3.78267
2.592 3.78416
2.595 3.78563
2.598 3.78708
2.601 3.78851
2.604 3.78991
2.607 3.79129
2.61 3.79265
2.613 3.79399
2.616 3.79531
2.619 3.79661
2.622 3.79788
2.625 3.79914
2.628 3.80038
2.631 3.8016
2.634 3.8028
2.637 3.80399
2.64 3.80515
2.643 3.8063
2.646 3.80743
2.649 3.80854
2.652 3.80963
2.655 3.81071
2.658 3.81177
2.661 3.81281
2.664 3.81384
2.667 3.81485
2.67 3.81584
2.673 3.81682
2.676 3.81779
2.679 3.81874
2.682 3.81967
2.685 3.82059
2.688 3.8215
2.691 3.82239
2.694 3.82327
2.697 3.82413
2.7 3.82498
2.703 3.82582
2.706 3.82664
2.709 3.82745
2.712 3.82825
2.715 3.82903
2.718 3.82981
2.721 3.83057
2.724 3.83132
2.727 3.83205
2.73 3.83278
2.733 3.83349
2.736 3.83419
2.739 3.83489
2.742 3.83557
2.745 3.83624
2.748 3.8369
2.751 3.83754
2.754 3.83818
2.757 3.83881
2.76 3.83943
2.763 3.84004
2.766 3.84064
2.769 3.84123
2.772 3.84181
2.775 3.84238
2.778 3.84294
2.781 3.84349
2.784 3.84404
2.787 3.84457
2.79 3.8451
2.793 3.84562
2.796 3.84613
2.799 3.84663
2.802 3.84712
2.805 3.84761
2.808 3.84809
2.811 3.84856
2.814 3.84902
2.817 3.84947
2.82 3.84992
2.823 3.85036
2.826 3.8508
2.829 3.85123
2.832 3.85165
2.835 3.85206
2.838 3.85247
2.841 3.85287
2.844 3.85326
2.847 3.85365
2.85 3.85403
2.853 3.8544
2.856 3.85477
2.859 3.85514
2.862 3.85549
2.865 3.85584
2.868 3.85619
2.871 3.85653
2.874 3.85686
2.877 3.85719
2.88 3.85752
2.883 3.85783
2.886 3.85815
2.889 3.85846
2.892 3.85876
2.895 3.85906
2.898 3.85935
2.901 3.85964
2.904 3.85992
2.907 3.8602
2.91 3.86048
2.913 3.86075
2.916 3.86101
2.919 3.86127
2.922 3.86153
2.925 3.86178
2.928 3.86203
2.931 3.86227
2.934 3.86251
2.937 3.86275
2.94 3.86298
2.943 3.86321
2.946 3.86344
2.949 3.86366
2.952 3.86387
2.955 3.86409
2.958 3.8643
2.961 3.8645
2.964 3.86471
2.967 3.86491
2.97 3.8651
2.973 3.8653
2.976 3.86549
2.979 3.86567
2.982 3.86586
2.985 3.86604
2.988 3.86621
2.991 3.86639
2.994 3.86656
2.997 3.86673
3 3.86689
3.001 0
