0 -10
0.003 -7.00338
0.006 -7.00312
0.009 -7.00287
0.012 -7.0026
0.015 -7.00233
0.018 -7.00205
0.021 -7.00177
0.024 -7.00148
0.027 -7.00118
0.03 -7.00087
0.033 -7.00056
0.036 -7.00024
0.039 -6.99992
0.042 -6.99958
0.045 -6.99924
0.048 -6.99889
0.051 -6.99854
0.054 -6.99818
0.057 -6.99781
0.06 -6.99743
0.063 -6.99704
0.066 -6.99665
0.069 -6.99625
0.072 -6.99584
0.075 -6.99542
0.078 -6.995
0.081 -6.99457
0.084 -6.99412
0.087 -6.99368
0.09 -6.99322
0.093 -6.99275
0.096 -6.99228
0.099 -6.9918
0.102 -6.9913
0.105 -6.99081
0.108 -6.9903
0.111 -6.98978
0.114 -6.98925
0.117 -6.98872
0.12 -6.98817
0.123 -6.98762
0.126 -6.98706
0.129 -6.98649
0.132 -6.98591
0.135 -6.98532
0.138 -6.98472
0.141 -6.98411
0.144 -6.98349
0.147 -6.98286
0.15 -6.98222
0.153 -6.98157
0.156 -6.98092
0.159 -6.98025
0.162 -6.97957
0.165 -6.97888
0.168 -6.97818
0.171 -6.97747
0.174 -6.97675
0.177 -6.97602
0.18 -6.97528
0.183 -6.97453
0.186 -6.97377
0.189 -6.973
0.192 -6.97221
0.195 -6.97142
0.198 -6.97061
0.201 -6.9698
0.204 -6.96897
0.207 -6.96813
0.21 -6.96728
0.213 -6.96641
0.216 -6.96554
0.219 -6.96465
0.222 -6.96376
0.225 -6.96285
0.228 -6.96192
0.231 -6.96099
0.234 -6.96004
0.237 -6.95909
0.24 -6.95812
0.243 -6.95713
0.246 -6.95614
0.249 -6.95513
0.252 -6.95411
0.255 -6.95308
0.258 -6.95203
0.261 -6.95097
0.264 -6.9499
0.267 -6.94881
0.27 -6.94772
0.273 -6.9466
0.276 -6.94548
0.279 -6.94434
0.282 -6.94319
0.285 -6.94202
0.288 -6.94084
0.291 -6.93965
0.294 -6.93844
0.297 -6.93722
0.3 -6.93598
0.303 -6.93473
0.306 -6.93347
0.309 -6.93219
0.312 -6.93089
0.315 -6.92958
0.318 -6.92826
0.321 -6.92692
0.324 -6.92557
0.327 -6.9242
0.33 -6.92282
0.333 -6.92142
0.336 -6.92
0.339 -6.91857
0.342 -6.91713
0.345 -6.91567
0.348 -6.91419
0.351 -6.9127
0.354 -6.91119
0.357 -6.90966
0.36 -6.90812
0.363 -6.90656
0.366 -6.90499
0.369 -6.9034
0.372 -6.90179
0.375 -6.90017
0.378 -6.89853
0.381 -6.89687
0.384 -6.89519
0.387 -6.8935
0.39 -6.89179
0.393 -6.89006
0.396 -6.88832
0.399 -6.88655
0.402 -6.88477
0.405 -6.88297
0.408 -6.88116
0.411 -6.87932
0.414 -6.87747
0.417 -6.8756
0.42 -6.87371
0.423 -6.8718
0.426 -6.86987
0.429 -6.86792
0.432 -6.86596
0.435 -6.86397
0.438 -6.86197
0.441 -6.85995
0.444 -6.8579
0.447 -6.85584
0.45 -6.85376
0.453 -6.85166
0.456 -6.84953
0.459 -6.84739
0.462 -6.84523
0.465 -6.84305
0.468 -6.84084
0.471 -6.83862
0.474 -6.83637
0.477 -6.83411
0.48 -6.83182
0.483 -6.82951
0.486 -6.82718
0.489 -6.82483
0.492 -6.82246
0.495 -6.82006
0.498 -6.81765
0.501 -6.81521
0.504 -6.81275
0.507 -6.81027
0.51 -6.80776
0.513 -6.80523
0.516 -6.80268
0.519 -6.80011
0.522 -6.79751
0.525 -6.79489
0.528 -6.79225
0.531 -6.78958
0.534 -6.7869
0.537 -6.78418
0.54 -6.78144
0.543 -6.77868
0.546 -6.7759
0.549 -6.77309
0.552 -6.77025
0.555 -6.7674
0.558 -6.76451
0.561 -6.7616
0.564 -6.75867
0.567 -6.75571
0.57 -6.75273
0.573 -6.74972
0.576 -6.74668
0.579 -6.74362
0.582 -6.74054
0.585 -6.73742
0.588 -6.73428
0.591 -6.73112
0.594 -6.72793
0.597 -6.72471
0.6 -6.72146
0.603 -6.71819
0.606 -6.71489
0.609 -6.71156
0.612 -6.70821
0.615 -6.70483
0.618 -6.70142
0.621 -6.69798
0.624 -6.69451
0.627 -6.69102
0.63 -6.68749
0.633 -6.68394
0.636 -6.68036
0.639 -6.67675
0.642 -6.67312
0.645 -6.66945
0.648 -6.66575
0.651 -6.66203
0.654 -6.65827
0.657 -6.65449
0.66 -6.65067
0.663 -6.64683
0.666 -6.64295
0.669 -6.63904
0.672 -6.63511
0.675 -6.63114
0.678 -6.62714
0.681 -6.62311
0.684 -6.61905
0.687 -6.61496
0.69 -6.61084
0.693 -6.60669
0.696 -6.6025
0.699 -6.59828
0.702 -6.59403
0.705 -6.58975
0.708 -6.58544
0.711 -6.58109
0.714 -6.57672
0.717 -6.57231
0.72 -6.56786
0.723 -6.56339
0.726 -6.55888
0.729 -6.55433
0.732 -6.54976
0.735 -6.54515
0.738 -6.54051
0.741 -6.53583
0.744 -6.53112
0.747 -6.52638
0.75 -6.52161
0.753 -6.5168
0.756 -6.51195
0.759 -6.50707
0.762 -6.50216
0.765 -6.49721
0.768 -6.49223
0.771 -6.48722
0.774 -6.48217
0.777 -6.47709
0.78 -6.47197
0.783 -6.46681
0.786 -6.46163
0.789 -6.4564
0.792 -6.45115
0.795 -6.44585
0.798 -6.44053
0.801 -6.43517
0.804 -6.42977
0.807 -6.42434
0.81 -6.41887
0.813 -6.41337
0.816 -6.40784
0.819 -6.40227
0.822 -6.39666
0.825 -6.39102
0.828 -6.38535
0.831 -6.37964
0.834 -6.37389
0.837 -6.36811
0.84 -6.3623
0.843 -6.35645
0.846 -6.35057
0.849 -6.34465
0.852 -6.33869
0.855 -6.33271
0.858 -6.32669
0.861 -6.32063
0.864 -6.31454
0.867 -6.30842
0.87 -6.30226
0.873 -6.29607
0.876 -6.28985
0.879 -6.28359
0.882 -6.2773
0.885 -6.27097
0.888 -6.26462
0.891 -6.25822
0.894 -6.2518
0.897 -6.24535
0.9 -6.23886
0.903 -6.23234
0.906 -6.22578
0.909 -6.2192
0.912 -6.21258
0.915 -6.20594
0.918 -6.19926
0.921 -6.19255
0.924 -6.18581
0.927 -6.17904
0.93 -6.17224
0.933 -6.16541
0.936 -6.15855
0.939 -6.15166
0.942 -6.14475
0.945 -6.1378
0.948 -6.13083
0.951 -6.12382
0.954 -6.11679
0.957 -6.10973
0.96 -6.10265
0.963 -6.09554
0.966 -6.0884
0.969 -6.08124
0.972 -6.07405
0.975 -6.06683
0.978 -6.05959
0.981 -6.05233
0.984 -6.04504
0.987 -6.03773
0.99 -6.03039
0.993 -6.02303
0.996 -6.01565
0.999 -6.00825
1.002 -6.00082
1.005 -5.99338
1.008 -5.98591
1.011 -5.97842
1.014 -5.97092
1.017 -5.96339
1.02 -5.95584
1.023 -5.94828
1.026 -5.94069
1.029 -5.93309
1.032 -5.92548
1.035 -5.91784
1.038 -5.91019
1.041 -5.90253
1.044 -5.89484
1.047 -5.88715
1.05 -5.87944
1.053 -5.87171
1.056 -5.86397
1.059 -5.85622
1.062 -5.84846
1.065 -5.84068
1.068 -5.8329
1.071 -5.8251
1.074 -5.81729
1.077 -5.80947
1.08 -5.80165
1.083 -5.79381
1.086 -5.78596
1.089 -5.77811
1.092 -5.77025
1.095 -5.76238
1.098 -5.75451
1.101 -5.74663
1.104 -5.73874
1.107 -5.73085
1.11 -5.72296
1.113 -5.71506
1.116 -5.70715
1.119 -5.69925
1.122 -5.69134
1.125 -5.68343
1.128 -5.67551
1.131 -5.6676
1.134 -5.65969
1.137 -5.65177
1.14 -5.64385
1.143 -5.63594
1.146 -5.62802
1.149 -5.62011
1.152 -5.6122
1.155 -5.60429
1.158 -5.59638
1.161 -5.58848
1.164 -5.58058
1.167 -5.57268
1.17 -5.56479
1.173 -5.5569
1.176 -5.54901
1.179 -5.54113
1.182 -5.53326
1.185 -5.52539
1.188 -5.51753
1.191 -5.50968
1.194 -5.50183
1.197 -5.49399
1.2 -5.48615
1.203 -5.47833
1.206 -5.47051
1.209 -5.4627
1.212 -5.4549
1.215 -5.44711
1.218 -5.43933
1.221 -5.43155
1.224 -5.42379
1.227 -5.41603
1.23 -5.40829
1.233 -5.40056
1.236 -5.39283
1.239 -5.38512
1.242 -5.37742
1.245 -5.36973
1.248 -5.36205
1.251 -5.35438
1.254 -5.34672
1.257 -5.33908
1.26 -5.33144
1.263 -5.32382
1.266 -5.31621
1.269 -5.30861
1.272 -5.30103
1.275 -5.29346
1.278 -5.2859
1.281 -5.27835
1.284 -5.27081
1.287 -5.26329
1.29 -5.25578
1.293 -5.24828
1.296 -5.2408
1.299 -5.23332
1.302 -5.22586
1.305 -5.21842
1.308 -5.21098
1.311 -5.20356
1.314 -5.19615
1.317 -5.18876
1.32 -5.18137
1.323 -5.174
1.326 -5.16664
1.329 -5.1593
1.332 -5.15196
1.335 -5.14464
1.338 -5.13734
1.341 -5.13004
1.344 -5.12275
1.347 -5.11548
1.35 -5.10822
1.353 -5.10097
1.356 -5.09374
1.359 -5.08651
1.362 -5.0793
1.365 -5.0721
1.368 -5.06491
1.371 -5.05772
1.374 -5.05056
1.377 -5.0434
1.38 -5.03625
1.383 -5.02911
1.386 -5.02198
1.389 -5.01487
1.392 -5.00776
1.395 -5.00066
1.398 -4.99357
1.401 -4.98649
1.404 -4.97943
1.407 -4.97236
1.41 -4.96531
1.413 -4.95827
1.416 -4.95123
1.419 -4.94421
1.422 -4.93719
1.425 -4.93017
1.428 -4.92317
1.431 -4.91617
1.434 -4.90918
1.437 -4.9022
1.44 -4.89522
1.443 -4.88825
1.446 -4.88129
1.449 -4.87433
1.452 -4.86738
1.455 -4.86043
1.458 -4.85348
1.461 -4.84655
1.464 -4.83961
1.467 -4.83268
1.47 -4.82576
1.473 -4.81884
1.476 -4.81192
1.479 -4.80501
1.482 -4.79809
1.485 -4.79119
1.488 -4.78428
1.491 -4.77738
1.494 -4.77048
1.497 -4.76358
1.5 -4.75668
1.503 -4.74978
1.506 -4.74289
1.509 -4.736
1.512 -4.7291
1.515 -4.72221
1.518 -4.71532
1.521 -4.70843
1.524 -4.70154
1.527 -4.69464
1.53 -4.68775
1.533 -4.68086
1.536 -4.67396
1.539 -4.66707
1.542 -4.66017
1.545 -4.65327
1.548 -4.64637
1.551 -4.63947
1.554 -4.63257
1.557 -4.62566
1.56 -4.61875
1.563 -4.61184
1.566 -4.60492
1.569 -4.59801
1.572 -4.59109
1.575 -4.58416
1.578 -4.57724
1.581 -4.57031
1.584 -4.56337
1.587 -4.55644
1.59 -4.5495
1.593 -4.54255
1.596 -4.5356
1.599 -4.52865
1.602 -4.52169
1.605 -4.51473
1.608 -4.50777
1.611 -4.5008
1.614 -4.49383
1.617 -4.48685
1.62 -4.47987
1.623 -4.47288
1.626 -4.46589
1.629 -4.45889
1.632 -4.45189
1.635 -4.44489
1.638 -4.43788
1.641 -4.43087
1.644 -4.42385
1.647 -4.41683
1.65 -4.40981
1.653 -4.40278
1.656 -4.39575
1.659 -4.38871
1.662 -4.38167
1.665 -4.37463
1.668 -4.36758
1.671 -4.36053
1.674 -4.35348
1.677 -4.34643
1.68 -4.33937
1.683 -4.33231
1.686 -4.32525
1.689 -4.31818
1.692 -4.31112
1.695 -4.30405
1.698 -4.29698
1.701 -4.28991
1.704 -4.28284
1.707 -4.27577
1.71 -4.2687
1.713 -4.26163
1.716 -4.25456
1.719 -4.24749
1.722 -4.24042
1.725 -4.23336
1.728 -4.22629
1.731 -4.21923
1.734 -4.21217
1.737 -4.20512
1.74 -4.19806
1.743 -4.19102
1.746 -4.18397
1.749 -4.17694
1.752 -4.1699
1.755 -4.16288
1.758 -4.15586
1.761 -4.14884
1.764 -4.14184
1.767 -4.13484
1.77 -4.12785
1.773 -4.12087
1.776 -4.1139
1.779 -4.10694
1.782 -4.09999
1.785 -4.09305
1.788 -4.08612
1.791 -4.0792
1.794 -4.0723
1.797 -4.06541
1.8 -4.05854
1.803 -4.05168
1.806 -4.04483
1.809 -4.03801
1.812 -4.03119
1.815 -4.0244
1.818 -4.01762
1.821 -4.01086
1.824 -4.00412
1.827 -3.9974
1.83 -3.9907
1.833 -3.98402
1.836 -3.97736
1.839 -3.97073
1.842 -3.96412
1.845 -3.95753
1.848 -3.95096
1.851 -3.94442
1.854 -3.9379
1.857 -3.93141
1.86 -3.92495
1.863 -3.91852
1.866 -3.91211
1.869 -3.90573
1.872 -3.89938
1.875 -3.89305
1.878 -3.88676
1.881 -3.8805
1.884 -3.87427
1.887 -3.86808
1.89 -3.86191
1.893 -3.85578
1.896 -3.84968
1.899 -3.84361
1.902 -3.83758
1.905 -3.83159
1.908 -3.82563
1.911 -3.8197
1.914 -3.81381
1.917 -3.80796
1.92 -3.80215
1.923 -3.79637
1.926 -3.79064
1.929 -3.78494
1.932 -3.77928
1.935 -3.77365
1.938 -3.76807
1.941 -3.76253
1.944 -3.75703
1.947 -3.75157
1.95 -3.74615
1.953 -3.74077
1.956 -3.73543
1.959 -3.73014
1.962 -3.72488
1.965 -3.71967
1.968 -3.7145
1.971 -3.70938
1.974 -3.70429
1.977 -3.69925
1.98 -3.69425
1.983 -3.6893
1.986 -3.68439
1.989 -3.67952
1.992 -3.67469
1.995 -3.66991
1.998 -3.66517
2.001 -3.66047
2.004 -3.65582
2.007 -3.65121
2.01 -3.64664
2.013 -3.64212
2.016 -3.63764
2.019 -3.6332
2.022 -3.62881
2.025 -3.62446
2.028 -3.62015
2.031 -3.61588
2.034 -3.61166
2.037 -3.60748
2.04 -3.60334
2.043 -3.59924
2.046 -3.59519
2.049 -3.59117
2.052 -3.5872
2.055 -3.58326
2.058 -3.57937
2.061 -3.57552
2.064 -3.57171
2.067 -3.56794
2.07 -3.56421
2.073 -3.56051
2.076 -3.55686
2.079 -3.55325
2.082 -3.54967
2.085 -3.54613
2.088 -3.54263
2.091 -3.53917
2.094 -3.53574
2.097 -3.53235
2.1 -3.529
2.103 -3.52568
2.106 -3.5224
2.109 -3.51916
2.112 -3.51595
2.115 -3.51277
2.118 -3.50963
2.121 -3.50652
2.124 -3.50345
2.127 -3.50041
2.13 -3.4974
2.133 -3.49443
2.136 -3.49149
2.139 -3.48858
2.142 -3.4857
2.145 -3.48285
2.148 -3.48004
2.151 -3.47725
2.154 -3.4745
2.157 -3.47178
2.16 -3.46908
2.163 -3.46642
2.166 -3.46378
2.169 -3.46118
2.172 -3.4586
2.175 -3.45605
2.178 -3.45353
2.181 -3.45104
2.184 -3.44857
2.187 -3.44614
2.19 -3.44373
2.193 -3.44134
2.196 -3.43898
2.199 -3.43665
2.202 -3.43435
2.205 -3.43207
2.208 -3.42982
2.211 -3.42759
2.214 -3.42539
2.217 -3.42322
2.22 -3.42106
2.223 -3.41894
2.226 -3.41684
2.229 -3.41476
2.232 -3.4127
2.235 -3.41068
2.238 -3.40867
2.241 -3.40669
2.244 -3.40473
2.247 -3.4028
2.25 -3.40089
2.253 -3.399
2.256 -3.39713
2.259 -3.39529
2.262 -3.39347
2.265 -3.39168
2.268 -3.3899
2.271 -3.38815
2.274 -3.38642
2.277 -3.38471
2.28 -3.38303
2.283 -3.38137
2.286 -3.37973
2.289 -3.37811
2.292 -3.37651
2.295 -3.37493
2.298 -3.37338
2.301 -3.37185
2.304 -3.37033
2.307 -3.36884
2.31 -3.36737
2.313 -3.36592
2.316 -3.3645
2.319 -3.36309
2.322 -3.3617
2.325 -3.36034
2.328 -3.35899
2.331 -3.35767
2.334 -3.35636
2.337 -3.35508
2.34 -3.35382
2.343 -3.35257
2.346 -3.35135
2.349 -3.35014
2.352 -3.34896
2.355 -3.34779
2.358 -3.34665
2.361 -3.34552
2.364 -3.34442
2.367 -3.34333
2.37 -3.34226
2.373 -3.34121
2.376 -3.34018
2.379 -3.33917
2.382 -3.33818
2.385 -3.3372
2.388 -3.33625
2.391 -3.33531
2.394 -3.33439
2.397 -3.33349
2.4 -3.33261
2.403 -3.33174
2.406 -3.33089
2.409 -3.33006
2.412 -3.32925
2.415 -3.32846
2.418 -3.32768
2.421 -3.32692
2.424 -3.32618
2.427 -3.32545
2.43 -3.32474
2.433 -3.32405
2.436 -3.32337
2.439 -3.32271
2.442 -3.32207
2.445 -3.32144
2.448 -3.32083
2.451 -3.32023
2.454 -3.31965
2.457 -3.31909
2.46 -3.31854
2.463 -3.318
2.466 -3.31748
2.469 -3.31698
2.472 -3.31649
2.475 -3.31601
2.478 -3.31555
2.481 -3.31511
2.484 -3.31468
2.487 -3.31426
2.49 -3.31385
2.493 -3.31346
2.496 -3.31309
2.499 -3.31272
2.502 -3.31237
2.505 -3.31204
2.508 -3.31171
2.511 -3.3114
2.514 -3.3111
2.517 -3.31082
2.52 -3.31054
2.523 -3.31028
2.526 -3.31003
2.529 -3.30979
2.532 -3.30957
2.535 -3.30936
2.538 -3.30915
2.541 -3.30896
2.544 -3.30878
2.547 -3.30861
2.55 -3.30845
2.553 -3.30831
2.556 -3.30817
2.559 -3.30804
2.562 -3.30792
2.565 -3.30782
2.568 -3.30772
2.571 -3.30764
2.574 -3.30756
2.577 -3.30749
2.58 -3.30743
2.583 -3.30738
2.586 -3.30734
2.589 -3.30731
2.592 -3.30729
2.595 -3.30728
2.598 -3.30727
2.601 -3.30728
2.604 -3.30729
2.607 -3.30731
2.61 -3.30734
2.613 -3.30737
2.616 -3.30741
2.619 -3.30747
2.622 -3.30752
2.625 -3.30759
2.628 -3.30766
2.631 -3.30774
2.634 -3.30783
2.637 -3.30792
2.64 -3.30802
2.643 -3.30813
2.646 -3.30824
2.649 -3.30836
2.652 -3.30849
2.655 -3.30862
2.658 -3.30876
2.661 -3.30891
2.664 -3.30906
2.667 -3.30921
2.67 -3.30937
2.673 -3.30954
2.676 -3.30971
2.679 -3.30989
2.682 -3.31007
2.685 -3.31026
2.688 -3.31045
2.691 -3.31065
2.694 -3.31085
2.697 -3.31105
2.7 -3.31126
2.703 -3.31148
2.706 -3.3117
2.709 -3.31192
2.712 -3.31215
2.715 -3.31238
2.718 -3.31262
2.721 -3.31286
2.724 -3.3131
2.727 -3.31335
2.73 -3.3136
2.733 -3.31385
2.736 -3.31411
2.739 -3.31437
2.742 -3.31463
2.745 -3.3149
2.748 -3.31517
2.751 -3.31544
2.754 -3.31572
2.757 -3.316
2.76 -3.31628
2.763 -3.31657
2.766 -3.31685
2.769 -3.31714
2.772 -3.31743
2.775 -3.31773
2.778 -3.31803
2.781 -3.31833
2.784 -3.31863
2.787 -3.31893
2.79 -3.31924
2.793 -3.31955
2.796 -3.31985
2.799 -3.32017
2.802 -3.32048
2.805 -3.3208
2.808 -3.32111
2.811 -3.32143
2.814 -3.32175
2.817 -3.32207
2.82 -3.3224
2.823 -3.32272
2.826 -3.32305
2.829 -3.32338
2.832 -3.32371
2.835 -3.32404
2.838 -3.32437
2.841 -3.3247
2.844 -3.32503
2.847 -3.32537
2.85 -3.3257
2.853 -3.32604
2.856 -3.32638
2.859 -3.32672
2.862 -3.32706
2.865 -3.3274
2.868 -3.32774
2.871 -3.32808
2.874 -3.32842
2.877 -3.32877
2.88 -3.32911
2.883 -3.32945
2.886 -3.3298
2.889 -3.33014
2.892 -3.33049
2.895 -3.33084
2.898 -3.33118
2.901 -3.33153
2.904 -3.33188
2.907 -3.33223
2.91 -3.33257
2.913 -3.33292
2.916 -3.33327
2.919 -3.33362
2.922 -3.33397
2.925 -3.33432
2.928 -3.33466
2.931 -3.33501
2.934 -3.33536
2.937 -3.33571
2.94 -3.33606
2.943 -3.33641
2.946 -3.33676
2.949 -3.33711
2.952 -3.33746
2.955 -3.3378
2.958 -3.33815
2.961 -3.3385
2.964 -3.33885
2.967 -3.3392
2.97 -3.33954
2.973 -3.33989
2.976 -3.34024
2.979 -3.34058
2.982 -3.34093
2.985 -3.34128
2.988 -3.34162
2.991 -3.34197
2.994 -3.34231
2.997 -3.34266
3 -3.343
3.001 -10
