0 5
0.003 3.73609
0.006 3.73536
0.009 3.73462
0.012 3.73388
0.015 3.73313
0.018 3.73238
0.021 3.73163
0.024 3.73087
0.027 3.7301
0.03 3.72933
0.033 3.72856
0.036 3.72778
0.039 3.72699
0.042 3.7262
0.045 3.72541
0.048 3.72461
0.051 3.7238
0.054 3.72299
0.057 3.72218
0.06 3.72136
0.063 3.72053
0.066 3.7197
0.069 3.71887
0.072 3.71803
0.075 3.71718
0.078 3.71633
0.081 3.71548
0.084 3.71462
0.087 3.71375
0.09 3.71288
0.093 3.71201
0.096 3.71113
0.099 3.71024
0.102 3.70935
0.105 3.70846
0.108 3.70756
0.111 3.70665
0.114 3.70574
0.117 3.70482
0.12 3.7039
0.123 3.70297
0.126 3.70204
0.129 3.7011
0.132 3.70016
0.135 3.69921
0.138 3.69826
0.141 3.6973
0.144 3.69634
0.147 3.69537
0.15 3.6944
0.153 3.69342
0.156 3.69244
0.159 3.69145
0.162 3.69045
0.165 3.68945
0.168 3.68845
0.171 3.68744
0.174 3.68642
0.177 3.6854
0.18 3.68438
0.183 3.68334
0.186 3.68231
0.189 3.68127
0.192 3.68022
0.195 3.67917
0.198 3.67811
0.201 3.67705
0.204 3.67598
0.207 3.67491
0.21 3.67383
0.213 3.67275
0.216 3.67166
0.219 3.67057
0.222 3.66947
0.225 3.66836
0.228 3.66726
0.231 3.66614
0.234 3.66502
0.237 3.6639
0.24 3.66277
0.243 3.66163
0.246 3.66049
0.249 3.65935
0.252 3.6582
0.255 3.65705
0.258 3.65589
0.261 3.65472
0.264 3.65355
0.267 3.65238
0.27 3.6512
0.273 3.65001
0.276 3.64882
0.279 3.64763
0.282 3.64643
0.285 3.64523
0.288 3.64402
0.291 3.64281
0.294 3.64159
0.297 3.64036
0.3 3.63914
0.303 3.6379
0.306 3.63667
0.309 3.63542
0.312 3.63418
0.315 3.63292
0.318 3.63167
0.321 3.63041
0.324 3.62914
0.327 3.62787
0.33 3.6266
0.333 3.62532
0.336 3.62404
0.339 3.62275
0.342 3.62146
0.345 3.62016
0.348 3.61886
0.351 3.61756
0.354 3.61625
0.357 3.61493
0.36 3.61362
0.363 3.61229
0.366 3.61097
0.369 3.60964
0.372 3.60831
0.375 3.60697
0.378 3.60563
0.381 3.60428
0.384 3.60293
0.387 3.60158
0.39 3.60022
0.393 3.59886
0.396 3.59749
0.399 3.59613
0.402 3.59475
0.405 3.59338
0.408 3.592
0.411 3.59062
0.414 3.58923
0.417 3.58784
0.42 3.58645
0.423 3.58505
0.426 3.58365
0.429 3.58225
0.432 3.58084
0.435 3.57944
0.438 3.57802
0.441 3.57661
0.444 3.57519
0.447 3.57377
0.45 3.57235
0.453 3.57092
0.456 3.56949
0.459 3.56806
0.462 3.56662
0.465 3.56519
0.468 3.56375
0.471 3.5623
0.474 3.56086
0.477 3.55941
0.48 3.55796
0.483 3.55651
0.486 3.55505
0.489 3.5536
0.492 3.55214
0.495 3.55068
0.498 3.54922
0.501 3.54775
0.504 3.54628
0.507 3.54482
0.51 3.54335
0.513 3.54187
0.516 3.5404
0.519 3.53892
0.522 3.53745
0.525 3.53597
0.528 3.53449
0.531 3.53301
0.534 3.53152
0.537 3.53004
0.54 3.52855
0.543 3.52707
0.546 3.52558
0.549 3.52409
0.552 3.5226
0.555 3.52111
0.558 3.51962
0.561 3.51813
0.564 3.51663
0.567 3.51514
0.57 3.51364
0.573 3.51215
0.576 3.51065
0.579 3.50915
0.582 3.50766
0.585 3.50616
0.588 3.50466
0.591 3.50316
0.594 3.50166
0.597 3.50016
0.6 3.49866
0.603 3.49716
0.606 3.49567
0.609 3.49417
0.612 3.49267
0.615 3.49117
0.618 3.48967
0.621 3.48817
0.624 3.48667
0.627 3.48517
0.63 3.48367
0.633 3.48217
0.636 3.48068
0.639 3.47918
0.642 3.47768
0.645 3.47618
0.648 3.47469
0.651 3.47319
0.654 3.4717
0.657 3.47021
0.66 3.46871
0.663 3.46722
0.666 3.46573
0.669 3.46424
0.672 3.46275
0.675 3.46126
0.678 3.45977
0.681 3.45829
0.684 3.4568
0.687 3.45532
0.69 3.45383
0.693 3.45235
0.696 3.45087
0.699 3.44939
0.702 3.44791
0.705 3.44643
0.708 3.44496
0.711 3.44348
0.714 3.44201
0.717 3.44054
0.72 3.43907
0.723 3.4376
0.726 3.43613
0.729 3.43467
0.732 3.4332
0.735 3.43174
0.738 3.43028
0.741 3.42882
0.744 3.42736
0.747 3.42591
0.75 3.42445
0.753 3.423
0.756 3.42155
0.759 3.4201
0.762 3.41866
0.765 3.41721
0.768 3.41577
0.771 3.41433
0.774 3.41289
0.777 3.41145
0.78 3.41001
0.783 3.40858
0.786 3.40715
0.789 3.40572
0.792 3.40429
0.795 3.40287
0.798 3.40144
0.801 3.40002
0.804 3.3986
0.807 3.39719
0.81 3.39577
0.813 3.39436
0.816 3.39295
0.819 3.39154
0.822 3.39013
0.825 3.38873
0.828 3.38733
0.831 3.38593
0.834 3.38453
0.837 3.38314
0.84 3.38174
0.843 3.38035
0.846 3.37896
0.849 3.37758
0.852 3.37619
0.855 3.37481
0.858 3.37343
0.861 3.37205
0.864 3.37068
0.867 3.3693
0.87 3.36793
0.873 3.36656
0.876 3.3652
0.879 3.36383
0.882 3.36247
0.885 3.36111
0.888 3.35976
0.891 3.3584
0.894 3.35705
0.897 3.3557
0.9 3.35435
0.903 3.35301
0.906 3.35166
0.909 3.35032
0.912 3.34898
0.915 3.34764
0.918 3.34631
0.921 3.34498
0.924 3.34365
0.927 3.34232
0.93 3.341
0.933 3.33967
0.936 3.33835
0.939 3.33703
0.942 3.33572
0.945 3.3344
0.948 3.33309
0.951 3.33178
0.954 3.33047
0.957 3.32917
0.96 3.32786
0.963 3.32656
0.966 3.32526
0.969 3.32397
0.972 3.32267
0.975 3.32138
0.978 3.32009
0.981 3.3188
0.984 3.31752
0.987 3.31623
0.99 3.31495
0.993 3.31367
0.996 3.31239
0.999 3.31112
1.002 3.30984
1.005 3.30857
1.008 3.3073
1.011 3.30604
1.014 3.30477
1.017 3.30351
1.02 3.30225
1.023 3.30099
1.026 3.29973
1.029 3.29848
1.032 3.29722
1.035 3.29597
1.038 3.29472
1.041 3.29347
1.044 3.29223
1.047 3.29099
1.05 3.28974
1.053 3.2885
1.056 3.28727
1.059 3.28603
1.062 3.2848
1.065 3.28356
1.068 3.28233
1.071 3.2811
1.074 3.27988
1.077 3.27865
1.08 3.27743
1.083 3.27621
1.086 3.27499
1.089 3.27377
1.092 3.27255
1.095 3.27134
1.098 3.27012
1.101 3.26891
1.104 3.2677
1.107 3.26649
1.11 3.26529
1.113 3.26408
1.116 3.26288
1.119 3.26168
1.122 3.26048
1.125 3.25928
1.128 3.25808
1.131 3.25689
1.134 3.25569
1.137 3.2545
1.14 3.25331
1.143 3.25212
1.146 3.25093
1.149 3.24975
1.152 3.24856
1.155 3.24738
1.158 3.24619
1.161 3.24501
1.164 3.24384
1.167 3.24266
1.17 3.24148
1.173 3.24031
1.176 3.23913
1.179 3.23796
1.182 3.23679
1.185 3.23562
1.188 3.23445
1.191 3.23328
1.194 3.23212
1.197 3.23095
1.2 3.22979
1.203 3.22863
1.206 3.22747
1.209 3.22631
1.212 3.22515
1.215 3.22399
1.218 3.22284
1.221 3.22168
1.224 3.22053
1.227 3.21937
1.23 3.21822
1.233 3.21707
1.236 3.21592
1.239 3.21478
1.242 3.21363
1.245 3.21248
1.248 3.21134
1.251 3.21019
1.254 3.20905
1.257 3.20791
1.26 3.20677
1.263 3.20563
1.266 3.20449
1.269 3.20335
1.272 3.20222
1.275 3.20108
1.278 3.19995
1.281 3.19881
1.284 3.19768
1.287 3.19655
1.29 3.19542
1.293 3.19429
1.296 3.19316
1.299 3.19203
1.302 3.1909
1.305 3.18977
1.308 3.18865
1.311 3.18752
1.314 3.1864
1.317 3.18528
1.32 3.18415
1.323 3.18303
1.326 3.18191
1.329 3.18079
1.332 3.17967
1.335 3.17855
1.338 3.17744
1.341 3.17632
1.344 3.1752
1.347 3.17409
1.35 3.17297
1.353 3.17186
1.356 3.17075
1.359 3.16963
1.362 3.16852
1.365 3.16741
1.368 3.1663
1.371 3.16519
1.374 3.16408
1.377 3.16297
1.38 3.16186
1.383 3.16076
1.386 3.15965
1.389 3.15854
1.392 3.15744
1.395 3.15633
1.398 3.15523
1.401 3.15412
1.404 3.15302
1.407 3.15192
1.41 3.15082
1.413 3.14971
1.416 3.14861
1.419 3.14751
1.422 3.14641
1.425 3.14531
1.428 3.14421
1.431 3.14312
1.434 3.14202
1.437 3.14092
1.44 3.13982
1.443 3.13873
1.446 3.13763
1.449 3.13654
1.452 3.13544
1.455 3.13435
1.458 3.13325
1.461 3.13216
1.464 3.13106
1.467 3.12997
1.47 3.12888
1.473 3.12779
1.476 3.1267
1.479 3.1256
1.482 3.12451
1.485 3.12342
1.488 3.12233
1.491 3.12124
1.494 3.12015
1.497 3.11906
1.5 3.11798
1.503 3.11689
1.506 3.1158
1.509 3.11471
1.512 3.11362
1.515 3.11254
1.518 3.11145
1.521 3.11036
1.524 3.10928
1.527 3.10819
1.53 3.10711
1.533 3.10602
1.536 3.10494
1.539 3.10385
1.542 3.10277
1.545 3.10168
1.548 3.1006
1.551 3.09952
1.554 3.09843
1.557 3.09735
1.56 3.09627
1.563 3.09518
1.566 3.0941
1.569 3.09302
1.572 3.09194
1.575 3.09086
1.578 3.08977
1.581 3.08869
1.584 3.08761
1.587 3.08653
1.59 3.08545
1.593 3.08437
1.596 3.08329
1.599 3.08221
1.602 3.08113
1.605 3.08005
1.608 3.07897
1.611 3.07789
1.614 3.07681
1.617 3.07573
1.62 3.07465
1.623 3.07357
1.626 3.0725
1.629 3.07142
1.632 3.07034
1.635 3.06926
1.638 3.06818
1.641 3.0671
1.644 3.06603
1.647 3.06495
1.65 3.06387
1.653 3.06279
1.656 3.06172
1.659 3.06064
1.662 3.05956
1.665 3.05848
1.668 3.05741
1.671 3.05633
1.674 3.05525
1.677 3.05418
1.68 3.0531
1.683 3.05202
1.686 3.05095
1.689 3.04987
1.692 3.04879
1.695 3.04772
1.698 3.04664
1.701 3.04557
1.704 3.04449
1.707 3.04341
1.71 3.04234
1.713 3.04126
1.716 3.04019
1.719 3.03911
1.722 3.03803
1.725 3.03696
1.728 3.03588
1.731 3.03481
1.734 3.03373
1.737 3.03266
1.74 3.03158
1.743 3.03051
1.746 3.02943
1.749 3.02836
1.752 3.02728
1.755 3.02621
1.758 3.02513
1.761 3.02406
1.764 3.02298
1.767 3.02191
1.77 3.02083
1.773 3.01976
1.776 3.01869
1.779 3.01761
1.782 3.01654
1.785 3.01546
1.788 3.01439
1.791 3.01332
1.794 3.01224
1.797 3.01117
1.8 3.01009
1.803 3.00902
1.806 3.00795
1.809 3.00687
1.812 3.0058
1.815 3.00473
1.818 3.00366
1.821 3.00258
1.824 3.00151
1.827 3.00044
1.83 2.99936
1.833 2.99829
1.836 2.99722
1.839 2.99615
1.842 2.99508
1.845 2.99401
1.848 2.99293
1.851 2.99186
1.854 2.99079
1.857 2.98972
1.86 2.98865
1.863 2.98758
1.866 2.98651
1.869 2.98544
1.872 2.98437
1.875 2.9833
1.878 2.98223
1.881 2.98116
1.884 2.98009
1.887 2.97903
1.89 2.97796
1.893 2.97689
1.896 2.97582
1.899 2.97476
1.902 2.97369
1.905 2.97262
1.908 2.97156
1.911 2.97049
1.914 2.96943
1.917 2.96836
1.92 2.9673
1.923 2.96623
1.926 2.96517
1.929 2.96411
1.932 2.96304
1.935 2.96198
1.938 2.96092
1.941 2.95986
1.944 2.9588
1.947 2.95774
1.95 2.95668
1.953 2.95562
1.956 2.95456
1.959 2.9535
1.962 2.95245
1.965 2.95139
1.968 2.95033
1.971 2.94928
1.974 2.94823
1.977 2.94717
1.98 2.94612
1.983 2.94507
1.986 2.94401
1.989 2.94296
1.992 2.94191
1.995 2.94087
1.998 2.93982
2.001 2.93877
2.004 2.93772
2.007 2.93668
2.01 2.93563
2.013 2.93459
2.016 2.93355
2.019 2.93251
2.022 2.93147
2.025 2.93043
2.028 2.92939
2.031 2.92835
2.034 2.92731
2.037 2.92628
2.04 2.92524
2.043 2.92421
2.046 2.92318
2.049 2.92215
2.052 2.92112
2.055 2.92009
2.058 2.91907
2.061 2.91804
2.064 2.91702
2.067 2.916
2.07 2.91498
2.073 2.91396
2.076 2.91294
2.079 2.91192
2.082 2.91091
2.085 2.90989
2.088 2.90888
2.091 2.90787
2.094 2.90686
2.097 2.90586
2.1 2.90485
2.103 2.90385
2.106 2.90285
2.109 2.90185
2.112 2.90085
2.115 2.89985
2.118 2.89886
2.121 2.89787
2.124 2.89688
2.127 2.89589
2.13 2.8949
2.133 2.89392
2.136 2.89294
2.139 2.89196
2.142 2.89098
2.145 2.89001
2.148 2.88903
2.151 2.88806
2.154 2.88709
2.157 2.88613
2.16 2.88516
2.163 2.8842
2.166 2.88324
2.169 2.88228
2.172 2.88133
2.175 2.88038
2.178 2.87943
2.181 2.87848
2.184 2.87754
2.187 2.8766
2.19 2.87566
2.193 2.87472
2.196 2.87379
2.199 2.87286
2.202 2.87193
2.205 2.87101
2.208 2.87009
2.211 2.86917
2.214 2.86825
2.217 2.86734
2.22 2.86643
2.223 2.86552
2.226 2.86462
2.229 2.86372
2.232 2.86282
2.235 2.86193
2.238 2.86104
2.241 2.86015
2.244 2.85927
2.247 2.85839
2.25 2.85751
2.253 2.85663
2.256 2.85576
2.259 2.8549
2.262 2.85403
2.265 2.85317
2.268 2.85232
2.271 2.85146
2.274 2.85061
2.277 2.84977
2.28 2.84893
2.283 2.84809
2.286 2.84725
2.289 2.84642
2.292 2.8456
2.295 2.84477
2.298 2.84395
2.301 2.84314
2.304 2.84233
2.307 2.84152
2.31 2.84072
2.313 2.83992
2.316 2.83912
2.319 2.83833
2.322 2.83755
2.325 2.83676
2.328 2.83599
2.331 2.83521
2.334 2.83444
2.337 2.83368
2.34 2.83291
2.343 2.83216
2.346 2.8314
2.349 2.83066
2.352 2.82991
2.355 2.82917
2.358 2.82844
2.361 2.82771
2.364 2.82698
2.367 2.82626
2.37 2.82554
2.373 2.82483
2.376 2.82412
2.379 2.82342
2.382 2.82272
2.385 2.82202
2.388 2.82133
2.391 2.82065
2.394 2.81997
2.397 2.81929
2.4 2.81862
2.403 2.81796
2.406 2.8173
2.409 2.81664
2.412 2.81599
2.415 2.81534
2.418 2.8147
2.421 2.81406
2.424 2.81343
2.427 2.8128
2.43 2.81218
2.433 2.81156
2.436 2.81095
2.439 2.81034
2.442 2.80974
2.445 2.80914
2.448 2.80855
2.451 2.80796
2.454 2.80738
2.457 2.8068
2.46 2.80622
2.463 2.80566
2.466 2.80509
2.469 2.80453
2.472 2.80398
2.475 2.80343
2.478 2.80289
2.481 2.80235
2.484 2.80182
2.487 2.80129
2.49 2.80077
2.493 2.80025
2.496 2.79973
2.499 2.79923
2.502 2.79872
2.505 2.79823
2.508 2.79773
2.511 2.79724
2.514 2.79676
2.517 2.79628
2.52 2.79581
2.523 2.79534
2.526 2.79488
2.529 2.79442
2.532 2.79397
2.535 2.79352
2.538 2.79308
2.541 2.79264
2.544 2.79221
2.547 2.79178
2.55 2.79135
2.553 2.79094
2.556 2.79052
2.559 2.79011
2.562 2.78971
2.565 2.78931
2.568 2.78892
2.571 2.78853
2.574 2.78815
2.577 2.78777
2.58 2.78739
2.583 2.78702
2.586 2.78666
2.589 2.7863
2.592 2.78594
2.595 2.78559
2.598 2.78525
2.601 2.78491
2.604 2.78457
2.607 2.78424
2.61 2.78391
2.613 2.78359
2.616 2.78327
2.619 2.78296
2.622 2.78265
2.625 2.78235
2.628 2.78205
2.631 2.78176
2.634 2.78147
2.637 2.78118
2.64 2.7809
2.643 2.78062
2.646 2.78035
2.649 2.78008
2.652 2.77982
2.655 2.77956
2.658 2.77931
2.661 2.77906
2.664 2.77881
2.667 2.77857
2.67 2.77833
2.673 2.7781
2.676 2.77787
2.679 2.77765
2.682 2.77743
2.685 2.77721
2.688 2.777
2.691 2.77679
2.694 2.77659
2.697 2.77639
2.7 2.77619
2.703 2.776
2.706 2.77581
2.709 2.77563
2.712 2.77545
2.715 2.77527
2.718 2.7751
2.721 2.77493
2.724 2.77477
2.727 2.7746
2.73 2.77445
2.733 2.77429
2.736 2.77414
2.739 2.774
2.742 2.77386
2.745 2.77372
2.748 2.77358
2.751 2.77345
2.754 2.77332
2.757 2.7732
2.76 2.77307
2.763 2.77296
2.766 2.77284
2.769 2.77273
2.772 2.77262
2.775 2.77252
2.778 2.77242
2.781 2.77232
2.784 2.77223
2.787 2.77213
2.79 2.77205
2.793 2.77196
2.796 2.77188
2.799 2.7718
2.802 2.77172
2.805 2.77165
2.808 2.77158
2.811 2.77151
2.814 2.77145
2.817 2.77139
2.82 2.77133
2.823 2.77128
2.826 2.77122
2.829 2.77117
2.832 2.77113
2.835 2.77108
2.838 2.77104
2.841 2.771
2.844 2.77097
2.847 2.77093
2.85 2.7709
2.853 2.77087
2.856 2.77085
2.859 2.77082
2.862 2.7708
2.865 2.77078
2.868 2.77077
2.871 2.77075
2.874 2.77074
2.877 2.77073
2.88 2.77073
2.883 2.77072
2.886 2.77072
2.889 2.77072
2.892 2.77072
2.895 2.77073
2.898 2.77073
2.901 2.77074
2.904 2.77075
2.907 2.77077
2.91 2.77078
2.913 2.7708
2.916 2.77082
2.919 2.77084
2.922 2.77086
2.925 2.77088
2.928 2.77091
2.931 2.77094
2.934 2.77097
2.937 2.771
2.94 2.77104
2.943 2.77107
2.946 2.77111
2.949 2.77115
2.952 2.77119
2.955 2.77123
2.958 2.77128
2.961 2.77132
2.964 2.77137
2.967 2.77142
2.97 2.77147
2.973 2.77152
2.976 2.77157
2.979 2.77163
2.982 2.77168
2.985 2.77174
2.988 2.7718
2.991 2.77186
2.994 2.77192
2.997 2.77199
3 2.77205
3.001 5
