0 0
0.003 0.870911
0.006 0.873786
0.009 0.876681
0.012 0.879596
0.015 0.882532
0.018 0.885489
0.021 0.888465
0.024 0.891463
0.027 0.894481
0.03 0.89752
0.033 0.90058
0.036 0.903661
0.039 0.906762
0.042 0.909885
0.045 0.913028
0.048 0.916192
0.051 0.919378
0.054 0.922585
0.057 0.925812
0.06 0.929062
0.063 0.932332
0.066 0.935623
0.069 0.938936
0.072 0.94227
0.075 0.945626
0.078 0.949003
0.081 0.952401
0.084 0.955821
0.087 0.959262
0.09 0.962725
0.093 0.966209
0.096 0.969715
0.099 0.973242
0.102 0.976791
0.105 0.980361
0.108 0.983953
0.111 0.987566
0.114 0.991201
0.117 0.994857
0.12 0.998535
0.123 1.00223
0.126 1.00595
0.129 1.0097
0.132 1.01346
0.135 1.01725
0.138 1.02105
0.141 1.02488
0.144 1.02873
0.147 1.0326
0.15 1.03649
0.153 1.0404
0.156 1.04434
0.159 1.04829
0.162 1.05227
0.165 1.05626
0.168 1.06028
0.171 1.06432
0.174 1.06838
0.177 1.07246
0.18 1.07656
0.183 1.08068
0.186 1.08482
0.189 1.08899
0.192 1.09317
0.195 1.09737
0.198 1.10159
0.201 1.10584
0.204 1.1101
0.207 1.11438
0.21 1.11869
0.213 1.12301
0.216 1.12735
0.219 1.13171
0.222 1.13609
0.225 1.14049
0.228 1.14491
0.231 1.14935
0.234 1.1538
0.237 1.15828
0.24 1.16277
0.243 1.16729
0.246 1.17182
0.249 1.17636
0.252 1.18093
0.255 1.18552
0.258 1.19012
0.261 1.19474
0.264 1.19937
0.267 1.20403
0.27 1.2087
0.273 1.21339
0.276 1.21809
0.279 1.22281
0.282 1.22755
0.285 1.23231
0.288 1.23707
0.291 1.24186
0.294 1.24666
0.297 1.25148
0.3 1.25631
0.303 1.26116
0.306 1.26602
0.309 1.2709
0.312 1.27579
0.315 1.28069
0.318 1.28561
0.321 1.29054
0.324 1.29549
0.327 1.30045
0.33 1.30542
0.333 1.31041
0.336 1.31541
0.339 1.32042
0.342 1.32545
0.345 1.33048
0.348 1.33553
0.351 1.34059
0.354 1.34566
0.357 1.35074
0.36 1.35584
0.363 1.36094
0.366 1.36606
0.369 1.37118
0.372 1.37632
0.375 1.38147
0.378 1.38662
0.381 1.39179
0.384 1.39696
0.387 1.40214
0.39 1.40734
0.393 1.41254
0.396 1.41775
0.399 1.42296
0.402 1.42819
0.405 1.43342
0.408 1.43866
0.411 1.44391
0.414 1.44916
0.417 1.45442
0.42 1.45969
0.423 1.46496
0.426 1.47024
0.429 1.47553
0.432 1.48082
0.435 1.48611
0.438 1.49141
0.441 1.49672
0.444 1.50203
0.447 1.50734
0.45 1.51266
0.453 1.51799
0.456 1.52331
0.459 1.52864
0.462 1.53398
0.465 1.53931
0.468 1.54465
0.471 1.54999
0.474 1.55534
0.477 1.56068
0.48 1.56603
0.483 1.57138
0.486 1.57673
0.489 1.58209
0.492 1.58744
0.495 1.59279
0.498 1.59815
0.501 1.60351
0.504 1.60886
0.507 1.61422
0.51 1.61957
0.513 1.62493
0.516 1.63028
0.519 1.63564
0.522 1.64099
0.525 1.64634
0.528 1.65169
0.531 1.65704
0.534 1.66239
0.537 1.66774
0.54 1.67308
0.543 1.67842
0.546 1.68376
0.549 1.6891
0.552 1.69443
0.555 1.69976
0.558 1.70509
0.561 1.71041
0.564 1.71573
0.567 1.72105
0.57 1.72636
0.573 1.73167
0.576 1.73697
0.579 1.74227
0.582 1.74757
0.585 1.75286
0.588 1.75815
0.591 1.76343
0.594 1.7687
0.597 1.77397
0.6 1.77924
0.603 1.7845
0.606 1.78975
0.609 1.795
0.612 1.80024
0.615 1.80548
0.618 1.81071
0.621 1.81594
0.624 1.82115
0.627 1.82636
0.63 1.83157
0.633 1.83676
0.636 1.84196
0.639 1.84714
0.642 1.85231
0.645 1.85748
0.648 1.86264
0.651 1.8678
0.654 1.87294
0.657 1.87808
0.66 1.88321
0.663 1.88834
0.666 1.89345
0.669 1.89856
0.672 1.90366
0.675 1.90875
0.678 1.91383
0.681 1.9189
0.684 1.92397
0.687 1.92902
0.69 1.93407
0.693 1.93911
0.696 1.94414
0.699 1.94916
0.702 1.95417
0.705 1.95918
0.708 1.96417
0.711 1.96916
0.714 1.97413
0.717 1.9791
0.72 1.98406
0.723 1.98901
0.726 1.99394
0.729 1.99887
0.732 2.00379
0.735 2.0087
0.738 2.0136
0.741 2.01849
0.744 2.02338
0.747 2.02825
0.75 2.03311
0.753 2.03796
0.756 2.0428
0.759 2.04764
0.762 2.05246
0.765 2.05727
0.768 2.06207
0.771 2.06687
0.774 2.07165
0.777 2.07642
0.78 2.08118
0.783 2.08594
0.786 2.09068
0.789 2.09541
0.792 2.10014
0.795 2.10485
0.798 2.10955
0.801 2.11424
0.804 2.11893
0.807 2.1236
0.81 2.12826
0.813 2.13291
0.816 2.13755
0.819 2.14219
0.822 2.14681
0.825 2.15142
0.828 2.15602
0.831 2.16062
0.834 2.1652
0.837 2.16977
0.84 2.17433
0.843 2.17888
0.846 2.18342
0.849 2.18796
0.852 2.19248
0.855 2.19699
0.858 2.20149
0.861 2.20599
0.864 2.21047
0.867 2.21494
0.87 2.21941
0.873 2.22386
0.876 2.2283
0.879 2.23274
0.882 2.23716
0.885 2.24157
0.888 2.24598
0.891 2.25038
0.894 2.25476
0.897 2.25914
0.9 2.2635
0.903 2.26786
0.906 2.27221
0.909 2.27655
0.912 2.28088
0.915 2.2852
0.918 2.28951
0.921 2.29381
0.924 2.2981
0.927 2.30239
0.93 2.30666
0.933 2.31093
0.936 2.31518
0.939 2.31943
0.942 2.32367
0.945 2.3279
0.948 2.33212
0.951 2.33633
0.954 2.34053
0.957 2.34473
0.96 2.34891
0.963 2.35309
0.966 2.35726
0.969 2.36142
0.972 2.36557
0.975 2.36971
0.978 2.37385
0.981 2.37798
0.984 2.38209
0.987 2.38621
0.99 2.39031
0.993 2.3944
0.996 2.39849
0.999 2.40257
1.002 2.40664
1.005 2.4107
1.008 2.41475
1.011 2.4188
1.014 2.42284
1.017 2.42687
1.02 2.4309
1.023 2.43491
1.026 2.43892
1.029 2.44292
1.032 2.44692
1.035 2.4509
1.038 2.45488
1.041 2.45886
1.044 2.46282
1.047 2.46678
1.05 2.47073
1.053 2.47467
1.056 2.47861
1.059 2.48254
1.062 2.48647
1.065 2.49038
1.068 2.49429
1.071 2.4982
1.074 2.50209
1.077 2.50598
1.08 2.50987
1.083 2.51374
1.086 2.51761
1.089 2.52148
1.092 2.52534
1.095 2.52919
1.098 2.53303
1.101 2.53687
1.104 2.54071
1.107 2.54453
1.11 2.54836
1.113 2.55217
1.116 2.55598
1.119 2.55978
1.122 2.56358
1.125 2.56738
1.128 2.57116
1.131 2.57494
1.134 2.57872
1.137 2.58249
1.14 2.58625
1.143 2.59001
1.146 2.59377
1.149 2.59751
1.152 2.60126
1.155 2.605
1.158 2.60873
1.161 2.61246
1.164 2.61618
1.167 2.6199
1.17 2.62361
1.173 2.62732
1.176 2.63102
1.179 2.63472
1.182 2.63841
1.185 2.6421
1.188 2.64578
1.191 2.64946
1.194 2.65314
1.197 2.65681
1.2 2.66047
1.203 2.66413
1.206 2.66779
1.209 2.67144
1.212 2.67509
1.215 2.67873
1.218 2.68237
1.221 2.68601
1.224 2.68964
1.227 2.69326
1.23 2.69689
1.233 2.70051
1.236 2.70412
1.239 2.70773
1.242 2.71134
1.245 2.71494
1.248 2.71854
1.251 2.72213
1.254 2.72572
1.257 2.72931
1.26 2.7329
1.263 2.73648
1.266 2.74005
1.269 2.74363
1.272 2.7472
1.275 2.75076
1.278 2.75432
1.281 2.75788
1.284 2.76144
1.287 2.76499
1.29 2.76854
1.293 2.77208
1.296 2.77563
1.299 2.77917
1.302 2.7827
1.305 2.78623
1.308 2.78976
1.311 2.79329
1.314 2.79681
1.317 2.80033
1.32 2.80385
1.323 2.80737
1.326 2.81088
1.329 2.81438
1.332 2.81789
1.335 2.82139
1.338 2.82489
1.341 2.82839
1.344 2.83188
1.347 2.83538
1.35 2.83886
1.353 2.84235
1.356 2.84583
1.359 2.84931
1.362 2.85279
1.365 2.85627
1.368 2.85974
1.371 2.86321
1.374 2.86668
1.377 2.87014
1.38 2.87361
1.383 2.87707
1.386 2.88053
1.389 2.88398
1.392 2.88743
1.395 2.89089
1.398 2.89433
1.401 2.89778
1.404 2.90123
1.407 2.90467
1.41 2.90811
1.413 2.91154
1.416 2.91498
1.419 2.91841
1.422 2.92184
1.425 2.92527
1.428 2.9287
1.431 2.93212
1.434 2.93555
1.437 2.93897
1.44 2.94239
1.443 2.9458
1.446 2.94922
1.449 2.95263
1.452 2.95604
1.455 2.95945
1.458 2.96286
1.461 2.96626
1.464 2.96967
1.467 2.97307
1.47 2.97647
1.473 2.97987
1.476 2.98326
1.479 2.98666
1.482 2.99005
1.485 2.99344
1.488 2.99683
1.491 3.00022
1.494 3.00361
1.497 3.00699
1.5 3.01037
1.503 3.01375
1.506 3.01713
1.509 3.02051
1.512 3.02389
1.515 3.02726
1.518 3.03064
1.521 3.03401
1.524 3.03738
1.527 3.04075
1.53 3.04412
1.533 3.04748
1.536 3.05085
1.539 3.05421
1.542 3.05757
1.545 3.06093
1.548 3.06429
1.551 3.06765
1.554 3.07101
1.557 3.07436
1.56 3.07771
1.563 3.08107
1.566 3.08442
1.569 3.08777
1.572 3.09112
1.575 3.09446
1.578 3.09781
1.581 3.10115
1.584 3.1045
1.587 3.10784
1.59 3.11118
1.593 3.11452
1.596 3.11786
1.599 3.1212
1.602 3.12454
1.605 3.12787
1.608 3.13121
1.611 3.13454
1.614 3.13787
1.617 3.1412
1.62 3.14453
1.623 3.14786
1.626 3.15119
1.629 3.15452
1.632 3.15784
1.635 3.16117
1.638 3.16449
1.641 3.16781
1.644 3.17113
1.647 3.17446
1.65 3.17778
1.653 3.18109
1.656 3.18441
1.659 3.18773
1.662 3.19104
1.665 3.19436
1.668 3.19767
1.671 3.20099
1.674 3.2043
1.677 3.20761
1.68 3.21092
1.683 3.21423
1.686 3.21754
1.689 3.22085
1.692 3.22415
1.695 3.22746
1.698 3.23076
1.701 3.23407
1.704 3.23737
1.707 3.24067
1.71 3.24397
1.713 3.24727
1.716 3.25057
1.719 3.25387
1.722 3.25717
1.725 3.26047
1.728 3.26376
1.731 3.26706
1.734 3.27035
1.737 3.27365
1.74 3.27694
1.743 3.28023
1.746 3.28352
1.749 3.28681
1.752 3.2901
1.755 3.29339
1.758 3.29667
1.761 3.29996
1.764 3.30325
1.767 3.30653
1.77 3.30981
1.773 3.3131
1.776 3.31638
1.779 3.31966
1.782 3.32294
1.785 3.32622
1.788 3.3295
1.791 3.33277
1.794 3.33605
1.797 3.33932
1.8 3.3426
1.803 3.34587
1.806 3.34914
1.809 3.35241
1.812 3.35568
1.815 3.35895
1.818 3.36222
1.821 3.36549
1.824 3.36875
1.827 3.37202
1.83 3.37528
1.833 3.37854
1.836 3.3818
1.839 3.38506
1.842 3.38832
1.845 3.39158
1.848 3.39484
1.851 3.39809
1.854 3.40134
1.857 3.4046
1.86 3.40785
1.863 3.4111
1.866 3.41435
1.869 3.41759
1.872 3.42084
1.875 3.42408
1.878 3.42732
1.881 3.43056
1.884 3.4338
1.887 3.43704
1.89 3.44028
1.893 3.44351
1.896 3.44675
1.899 3.44998
1.902 3.45321
1.905 3.45643
1.908 3.45966
1.911 3.46288
1.914 3.46611
1.917 3.46933
1.92 3.47255
1.923 3.47576
1.926 3.47898
1.929 3.48219
1.932 3.4854
1.935 3.48861
1.938 3.49181
1.941 3.49502
1.944 3.49822
1.947 3.50142
1.95 3.50462
1.953 3.50781
1.956 3.511
1.959 3.51419
1.962 3.51738
1.965 3.52056
1.968 3.52375
1.971 3.52693
1.974 3.5301
1.977 3.53328
1.98 3.53645
1.983 3.53962
1.986 3.54278
1.989 3.54594
1.992 3.5491
1.995 3.55226
1.998 3.55541
2.001 3.55856
2.004 3.56171
2.007 3.56485
2.01 3.56799
2.013 3.57113
2.016 3.57426
2.019 3.57739
2.022 3.58051
2.025 3.58363
2.028 3.58675
2.031 3.58987
2.034 3.59298
2.037 3.59608
2.04 3.59918
2.043 3.60228
2.046 3.60538
2.049 3.60847
2.052 3.61155
2.055 3.61463
2.058 3.61771
2.061 3.62078
2.064 3.62385
2.067 3.62691
2.07 3.62997
2.073 3.63302
2.076 3.63607
2.079 3.63911
2.082 3.64215
2.085 3.64518
2.088 3.64821
2.091 3.65123
2.094 3.65425
2.097 3.65726
2.1 3.66027
2.103 3.66327
2.106 3.66627
2.109 3.66925
2.112 3.67224
2.115 3.67522
2.118 3.67819
2.121 3.68115
2.124 3.68411
2.127 3.68706
2.13 3.69001
2.133 3.69295
2.136 3.69588
2.139 3.69881
2.142 3.70173
2.145 3.70465
2.148 3.70755
2.151 3.71045
2.154 3.71335
2.157 3.71623
2.16 3.71911
2.163 3.72198
2.166 3.72485
2.169 3.7277
2.172 3.73055
2.175 3.73339
2.178 3.73623
2.181 3.73905
2.184 3.74187
2.187 3.74468
2.19 3.74749
2.193 3.75028
2.196 3.75307
2.199 3.75584
2.202 3.75861
2.205 3.76138
2.208 3.76413
2.211 3.76687
2.214 3.76961
2.217 3.77233
2.22 3.77505
2.223 3.77776
2.226 3.78046
2.229 3.78315
2.232 3.78583
2.235 3.78851
2.238 3.79117
2.241 3.79382
2.244 3.79647
2.247 3.7991
2.25 3.80173
2.253 3.80434
2.256 3.80695
2.259 3.80954
2.262 3.81213
2.265 3.8147
2.268 3.81727
2.271 3.81982
2.274 3.82237
2.277 3.8249
2.28 3.82743
2.283 3.82994
2.286 3.83244
2.289 3.83494
2.292 3.83742
2.295 3.83989
2.298 3.84235
2.301 3.8448
2.304 3.84724
2.307 3.84967
2.31 3.85208
2.313 3.85449
2.316 3.85688
2.319 3.85927
2.322 3.86164
2.325 3.864
2.328 3.86635
2.331 3.86868
2.334 3.87101
2.337 3.87333
2.34 3.87563
2.343 3.87792
2.346 3.8802
2.349 3.88247
2.352 3.88472
2.355 3.88697
2.358 3.8892
2.361 3.89142
2.364 3.89363
2.367 3.89582
2.37 3.89801
2.373 3.90018
2.376 3.90234
2.379 3.90449
2.382 3.90662
2.385 3.90874
2.388 3.91085
2.391 3.91295
2.394 3.91504
2.397 3.91711
2.4 3.91917
2.403 3.92122
2.406 3.92326
2.409 3.92528
2.412 3.92729
2.415 3.92929
2.418 3.93128
2.421 3.93325
2.424 3.93521
2.427 3.93716
2.43 3.9391
2.433 3.94102
2.436 3.94293
2.439 3.94483
2.442 3.94671
2.445 3.94858
2.448 3.95044
2.451 3.95229
2.454 3.95412
2.457 3.95594
2.46 3.95775
2.463 3.95955
2.466 3.96133
2.469 3.9631
2.472 3.96486
2.475 3.96661
2.478 3.96834
2.481 3.97006
2.484 3.97176
2.487 3.97346
2.49 3.97514
2.493 3.97681
2.496 3.97847
2.499 3.98011
2.502 3.98174
2.505 3.98336
2.508 3.98496
2.511 3.98656
2.514 3.98814
2.517 3.98971
2.52 3.99126
2.523 3.99281
2.526 3.99434
2.529 3.99585
2.532 3.99736
2.535 3.99885
2.538 4.00033
2.541 4.0018
2.544 4.00326
2.547 4.0047
2.55 4.00614
2.553 4.00756
2.556 4.00896
2.559 4.01036
2.562 4.01174
2.565 4.01311
2.568 4.01447
2.571 4.01582
2.574 4.01716
2.577 4.01848
2.58 4.01979
2.583 4.02109
2.586 4.02238
2.589 4.02366
2.592 4.02492
2.595 4.02617
2.598 4.02742
2.601 4.02865
2.604 4.02986
2.607 4.03107
2.61 4.03227
2.613 4.03345
2.616 4.03462
2.619 4.03579
2.622 4.03694
2.625 4.03808
2.628 4.0392
2.631 4.04032
2.634 4.04143
2.637 4.04252
2.64 4.04361
2.643 4.04468
2.646 4.04575
2.649 4.0468
2.652 4.04784
2.655 4.04887
2.658 4.04989
2.661 4.0509
2.664 4.0519
2.667 4.05289
2.67 4.05387
2.673 4.05484
2.676 4.0558
2.679 4.05674
2.682 4.05768
2.685 4.05861
2.688 4.05953
2.691 4.06044
2.694 4.06134
2.697 4.06223
2.7 4.06311
2.703 4.06398
2.706 4.06484
2.709 4.06569
2.712 4.06653
2.715 4.06736
2.718 4.06818
2.721 4.069
2.724 4.0698
2.727 4.0706
2.73 4.07138
2.733 4.07216
2.736 4.07293
2.739 4.07369
2.742 4.07444
2.745 4.07518
2.748 4.07591
2.751 4.07664
2.754 4.07735
2.757 4.07806
2.76 4.07876
2.763 4.07945
2.766 4.08013
2.769 4.08081
2.772 4.08147
2.775 4.08213
2.778 4.08278
2.781 4.08342
2.784 4.08406
2.787 4.08468
2.79 4.0853
2.793 4.08591
2.796 4.08652
2.799 4.08711
2.802 4.0877
2.805 4.08828
2.808 4.08885
2.811 4.08942
2.814 4.08998
2.817 4.09053
2.82 4.09107
2.823 4.09161
2.826 4.09214
2.829 4.09267
2.832 4.09318
2.835 4.09369
2.838 4.09419
2.841 4.09469
2.844 4.09518
2.847 4.09566
2.85 4.09614
2.853 4.09661
2.856 4.09707
2.859 4.09753
2.862 4.09798
2.865 4.09843
2.868 4.09887
2.871 4.0993
2.874 4.09972
2.877 4.10014
2.88 4.10056
2.883 4.10097
2.886 4.10137
2.889 4.10177
2.892 4.10216
2.895 4.10254
2.898 4.10292
2.901 4.1033
2.904 4.10367
2.907 4.10403
2.91 4.10439
2.913 4.10474
2.916 4.10509
2.919 4.10543
2.922 4.10577
2.925 4.1061
2.928 4.10643
2.931 4.10675
2.934 4.10707
2.937 4.10738
2.94 4.10769
2.943 4.10799
2.946 4.10829
2.949 4.10858
2.952 4.10887
2.955 4.10915
2.958 4.10943
2.961 4.10971
2.964 4.10998
2.967 4.11024
2.97 4.1105
2.973 4.11076
2.976 4.11101
2.979 4.11126
2.982 4.1115
2.985 4.11175
2.988 4.11198
2.991 4.11221
2.994 4.11244
2.997 4.11267
3 4.11289
3.001 0
