0 0
0.003 0.671598
0.006 0.673581
0.009 0.675575
0.012 0.677581
0.015 0.6796
0.018 0.68163
0.021 0.683673
0.024 0.685727
0.027 0.687794
0.03 0.689873
0.033 0.691965
0.036 0.694068
0.039 0.696184
0.042 0.698312
0.045 0.700452
0.048 0.702605
0.051 0.70477
0.054 0.706948
0.057 0.709138
0.06 0.71134
0.063 0.713555
0.066 0.715782
0.069 0.718021
0.072 0.720274
0.075 0.722538
0.078 0.724815
0.081 0.727105
0.084 0.729407
0.087 0.731722
0.09 0.734049
0.093 0.736389
0.096 0.738741
0.099 0.741106
0.102 0.743484
0.105 0.745874
0.108 0.748277
0.111 0.750692
0.114 0.75312
0.117 0.75556
0.12 0.758013
0.123 0.760479
0.126 0.762957
0.129 0.765448
0.132 0.767952
0.135 0.770468
0.138 0.772996
0.141 0.775537
0.144 0.778091
0.147 0.780657
0.15 0.783236
0.153 0.785827
0.156 0.788431
0.159 0.791047
0.162 0.793676
0.165 0.796317
0.168 0.798971
0.171 0.801637
0.174 0.804316
0.177 0.807006
0.18 0.80971
0.183 0.812425
0.186 0.815153
0.189 0.817893
0.192 0.820645
0.195 0.82341
0.198 0.826187
0.201 0.828976
0.204 0.831777
0.207 0.83459
0.21 0.837415
0.213 0.840252
0.216 0.843102
0.219 0.845963
0.222 0.848836
0.225 0.851721
0.228 0.854618
0.231 0.857526
0.234 0.860447
0.237 0.863379
0.24 0.866322
0.243 0.869277
0.246 0.872244
0.249 0.875223
0.252 0.878212
0.255 0.881214
0.258 0.884226
0.261 0.88725
0.264 0.890285
0.267 0.893331
0.27 0.896389
0.273 0.899457
0.276 0.902536
0.279 0.905627
0.282 0.908728
0.285 0.91184
0.288 0.914963
0.291 0.918097
0.294 0.921241
0.297 0.924396
0.3 0.927561
0.303 0.930737
0.306 0.933923
0.309 0.937119
0.312 0.940326
0.315 0.943542
0.318 0.946769
0.321 0.950006
0.324 0.953253
0.327 0.956509
0.33 0.959776
0.333 0.963052
0.336 0.966338
0.339 0.969633
0.342 0.972938
0.345 0.976252
0.348 0.979575
0.351 0.982908
0.354 0.98625
0.357 0.989601
0.36 0.992961
0.363 0.99633
0.366 0.999708
0.369 1.00309
0.372 1.00649
0.375 1.00989
0.378 1.01331
0.381 1.01673
0.384 1.02015
0.387 1.02359
0.39 1.02704
0.393 1.03049
0.396 1.03395
0.399 1.03742
0.402 1.0409
0.405 1.04438
0.408 1.04788
0.411 1.05138
0.414 1.05488
0.417 1.0584
0.42 1.06192
0.423 1.06545
0.426 1.06899
0.429 1.07253
0.432 1.07608
0.435 1.07964
0.438 1.0832
0.441 1.08677
0.444 1.09035
0.447 1.09394
0.45 1.09753
0.453 1.10112
0.456 1.10473
0.459 1.10834
0.462 1.11195
0.465 1.11557
0.468 1.1192
0.471 1.12283
0.474 1.12647
0.477 1.13012
0.48 1.13377
0.483 1.13742
0.486 1.14108
0.489 1.14475
0.492 1.14842
0.495 1.1521
0.498 1.15578
0.501 1.15947
0.504 1.16316
0.507 1.16686
0.51 1.17056
0.513 1.17427
0.516 1.17798
0.519 1.18169
0.522 1.18541
0.525 1.18914
0.528 1.19287
0.531 1.1966
0.534 1.20034
0.537 1.20408
0.54 1.20782
0.543 1.21157
0.546 1.21533
0.549 1.21908
0.552 1.22285
0.555 1.22661
0.558 1.23038
0.561 1.23415
0.564 1.23793
0.567 1.24171
0.57 1.24549
0.573 1.24927
0.576 1.25306
0.579 1.25685
0.582 1.26065
0.585 1.26445
0.588 1.26825
0.591 1.27205
0.594 1.27586
0.597 1.27967
0.6 1.28349
0.603 1.2873
0.606 1.29112
0.609 1.29494
0.612 1.29876
0.615 1.30259
0.618 1.30642
0.621 1.31025
0.624 1.31409
0.627 1.31792
0.63 1.32176
0.633 1.3256
0.636 1.32944
0.639 1.33329
0.642 1.33714
0.645 1.34099
0.648 1.34484
0.651 1.34869
0.654 1.35255
0.657 1.35641
0.66 1.36027
0.663 1.36413
0.666 1.36799
0.669 1.37186
0.672 1.37572
0.675 1.37959
0.678 1.38346
0.681 1.38734
0.684 1.39121
0.687 1.39509
0.69 1.39896
0.693 1.40284
0.696 1.40672
0.699 1.41061
0.702 1.41449
0.705 1.41838
0.708 1.42226
0.711 1.42615
0.714 1.43004
0.717 1.43393
0.72 1.43783
0.723 1.44172
0.726 1.44562
0.729 1.44952
0.732 1.45341
0.735 1.45731
0.738 1.46122
0.741 1.46512
0.744 1.46902
0.747 1.47293
0.75 1.47684
0.753 1.48074
0.756 1.48465
0.759 1.48857
0.762 1.49248
0.765 1.49639
0.768 1.50031
0.771 1.50422
0.774 1.50814
0.777 1.51206
0.78 1.51598
0.783 1.5199
0.786 1.52382
0.789 1.52775
0.792 1.53167
0.795 1.5356
0.798 1.53953
0.801 1.54346
0.804 1.54739
0.807 1.55132
0.81 1.55525
0.813 1.55919
0.816 1.56312
0.819 1.56706
0.822 1.571
0.825 1.57494
0.828 1.57888
0.831 1.58282
0.834 1.58677
0.837 1.59071
0.84 1.59466
0.843 1.59861
0.846 1.60256
0.849 1.60651
0.852 1.61046
0.855 1.61442
0.858 1.61837
0.861 1.62233
0.864 1.62629
0.867 1.63025
0.87 1.63421
0.873 1.63817
0.876 1.64214
0.879 1.6461
0.882 1.65007
0.885 1.65404
0.888 1.65801
0.891 1.66199
0.894 1.66596
0.897 1.66994
0.9 1.67391
0.903 1.67789
0.906 1.68187
0.909 1.68586
0.912 1.68984
0.915 1.69383
0.918 1.69782
0.921 1.70181
0.924 1.7058
0.927 1.70979
0.93 1.71379
0.933 1.71779
0.936 1.72178
0.939 1.72579
0.942 1.72979
0.945 1.73379
0.948 1.7378
0.951 1.74181
0.954 1.74582
0.957 1.74983
0.96 1.75385
0.963 1.75787
0.966 1.76189
0.969 1.76591
0.972 1.76993
0.975 1.77396
0.978 1.77799
0.981 1.78202
0.984 1.78605
0.987 1.79008
0.99 1.79412
0.993 1.79816
0.996 1.8022
0.999 1.80625
1.002 1.81029
1.005 1.81434
1.008 1.81839
1.011 1.82244
1.014 1.8265
1.017 1.83056
1.02 1.83462
1.023 1.83868
1.026 1.84275
1.029 1.84682
1.032 1.85089
1.035 1.85496
1.038 1.85904
1.041 1.86312
1.044 1.8672
1.047 1.87128
1.05 1.87537
1.053 1.87946
1.056 1.88355
1.059 1.88764
1.062 1.89174
1.065 1.89584
1.068 1.89995
1.071 1.90405
1.074 1.90816
1.077 1.91227
1.08 1.91639
1.083 1.9205
1.086 1.92463
1.089 1.92875
1.092 1.93287
1.095 1.937
1.098 1.94114
1.101 1.94527
1.104 1.94941
1.107 1.95355
1.11 1.9577
1.113 1.96184
1.116 1.96599
1.119 1.97015
1.122 1.9743
1.125 1.97846
1.128 1.98263
1.131 1.98679
1.134 1.99096
1.137 1.99514
1.14 1.99931
1.143 2.00349
1.146 2.00767
1.149 2.01186
1.152 2.01605
1.155 2.02024
1.158 2.02444
1.161 2.02864
1.164 2.03284
1.167 2.03704
1.17 2.04125
1.173 2.04547
1.176 2.04968
1.179 2.0539
1.182 2.05813
1.185 2.06235
1.188 2.06658
1.191 2.07082
1.194 2.07505
1.197 2.07929
1.2 2.08354
1.203 2.08778
1.206 2.09204
1.209 2.09629
1.212 2.10055
1.215 2.10481
1.218 2.10908
1.221 2.11335
1.224 2.11762
1.227 2.1219
1.23 2.12618
1.233 2.13046
1.236 2.13475
1.239 2.13904
1.242 2.14333
1.245 2.14763
1.248 2.15193
1.251 2.15624
1.254 2.16055
1.257 2.16486
1.26 2.16918
1.263 2.1735
1.266 2.17783
1.269 2.18216
1.272 2.18649
1.275 2.19083
1.278 2.19517
1.281 2.19951
1.284 2.20386
1.287 2.20821
1.29 2.21257
1.293 2.21693
1.296 2.22129
1.299 2.22566
1.302 2.23003
1.305 2.23441
1.308 2.23879
1.311 2.24317
1.314 2.24756
1.317 2.25195
1.32 2.25634
1.323 2.26074
1.326 2.26515
1.329 2.26955
1.332 2.27397
1.335 2.27838
1.338 2.2828
1.341 2.28722
1.344 2.29165
1.347 2.29608
1.35 2.30052
1.353 2.30496
1.356 2.3094
1.359 2.31385
1.362 2.3183
1.365 2.32275
1.368 2.32721
1.371 2.33168
1.374 2.33615
1.377 2.34062
1.38 2.34509
1.383 2.34957
1.386 2.35406
1.389 2.35855
1.392 2.36304
1.395 2.36754
1.398 2.37204
1.401 2.37654
1.404 2.38105
1.407 2.38556
1.41 2.39008
1.413 2.3946
1.416 2.39913
1.419 2.40366
1.422 2.40819
1.425 2.41273
1.428 2.41727
1.431 2.42182
1.434 2.42637
1.437 2.43092
1.44 2.43548
1.443 2.44004
1.446 2.44461
1.449 2.44918
1.452 2.45375
1.455 2.45833
1.458 2.46292
1.461 2.4675
1.464 2.4721
1.467 2.47669
1.47 2.48129
1.473 2.4859
1.476 2.4905
1.479 2.49512
1.482 2.49973
1.485 2.50435
1.488 2.50898
1.491 2.51361
1.494 2.51824
1.497 2.52288
1.5 2.52752
1.503 2.53216
1.506 2.53681
1.509 2.54146
1.512 2.54612
1.515 2.55078
1.518 2.55545
1.521 2.56012
1.524 2.56479
1.527 2.56947
1.53 2.57415
1.533 2.57884
1.536 2.58353
1.539 2.58822
1.542 2.59292
1.545 2.59762
1.548 2.60233
1.551 2.60704
1.554 2.61175
1.557 2.61647
1.56 2.62119
1.563 2.62591
1.566 2.63064
1.569 2.63537
1.572 2.64011
1.575 2.64485
1.578 2.6496
1.581 2.65435
1.584 2.6591
1.587 2.66385
1.59 2.66861
1.593 2.67338
1.596 2.67814
1.599 2.68291
1.602 2.68769
1.605 2.69247
1.608 2.69725
1.611 2.70203
1.614 2.70682
1.617 2.71162
1.62 2.71641
1.623 2.72121
1.626 2.72601
1.629 2.73082
1.632 2.73563
1.635 2.74044
1.638 2.74526
1.641 2.75008
1.644 2.7549
1.647 2.75973
1.65 2.76456
1.653 2.76939
1.656 2.77423
1.659 2.77907
1.662 2.78391
1.665 2.78876
1.668 2.7936
1.671 2.79846
1.674 2.80331
1.677 2.80817
1.68 2.81303
1.683 2.81789
1.686 2.82276
1.689 2.82763
1.692 2.8325
1.695 2.83737
1.698 2.84225
1.701 2.84713
1.704 2.85201
1.707 2.85689
1.71 2.86178
1.713 2.86667
1.716 2.87156
1.719 2.87645
1.722 2.88135
1.725 2.88624
1.728 2.89114
1.731 2.89604
1.734 2.90095
1.737 2.90585
1.74 2.91076
1.743 2.91567
1.746 2.92058
1.749 2.92549
1.752 2.93041
1.755 2.93532
1.758 2.94024
1.761 2.94515
1.764 2.95007
1.767 2.95499
1.77 2.95992
1.773 2.96484
1.776 2.96976
1.779 2.97469
1.782 2.97961
1.785 2.98454
1.788 2.98946
1.791 2.99439
1.794 2.99932
1.797 3.00425
1.8 3.00918
1.803 3.0141
1.806 3.01903
1.809 3.02396
1.812 3.02889
1.815 3.03382
1.818 3.03875
1.821 3.04367
1.824 3.0486
1.827 3.05353
1.83 3.05845
1.833 3.06338
1.836 3.0683
1.839 3.07323
1.842 3.07815
1.845 3.08307
1.848 3.08799
1.851 3.09291
1.854 3.09783
1.857 3.10274
1.86 3.10766
1.863 3.11257
1.866 3.11748
1.869 3.12238
1.872 3.12729
1.875 3.13219
1.878 3.13709
1.881 3.14199
1.884 3.14689
1.887 3.15178
1.89 3.15667
1.893 3.16155
1.896 3.16644
1.899 3.17132
1.902 3.17619
1.905 3.18106
1.908 3.18593
1.911 3.1908
1.914 3.19566
1.917 3.20051
1.92 3.20536
1.923 3.21021
1.926 3.21505
1.929 3.21989
1.932 3.22473
1.935 3.22955
1.938 3.23438
1.941 3.23919
1.944 3.244
1.947 3.24881
1.95 3.25361
1.953 3.2584
1.956 3.26319
1.959 3.26797
1.962 3.27275
1.965 3.27752
1.968 3.28228
1.971 3.28703
1.974 3.29178
1.977 3.29652
1.98 3.30125
1.983 3.30598
1.986 3.3107
1.989 3.31541
1.992 3.32011
1.995 3.3248
1.998 3.32948
2.001 3.33416
2.004 3.33883
2.007 3.34349
2.01 3.34814
2.013 3.35278
2.016 3.35741
2.019 3.36203
2.022 3.36664
2.025 3.37124
2.028 3.37583
2.031 3.38041
2.034 3.38498
2.037 3.38954
2.04 3.39409
2.043 3.39863
2.046 3.40315
2.049 3.40767
2.052 3.41217
2.055 3.41666
2.058 3.42114
2.061 3.42561
2.064 3.43007
2.067 3.43451
2.07 3.43894
2.073 3.44336
2.076 3.44776
2.079 3.45216
2.082 3.45653
2.085 3.4609
2.088 3.46525
2.091 3.46959
2.094 3.47391
2.097 3.47822
2.1 3.48252
2.103 3.4868
2.106 3.49107
2.109 3.49532
2.112 3.49956
2.115 3.50378
2.118 3.50799
2.121 3.51218
2.124 3.51636
2.127 3.52052
2.13 3.52466
2.133 3.52879
2.136 3.5329
2.139 3.537
2.142 3.54108
2.145 3.54514
2.148 3.54919
2.151 3.55322
2.154 3.55723
2.157 3.56123
2.16 3.56521
2.163 3.56917
2.166 3.57311
2.169 3.57704
2.172 3.58094
2.175 3.58483
2.178 3.5887
2.181 3.59256
2.184 3.59639
2.187 3.60021
2.19 3.60401
2.193 3.60778
2.196 3.61154
2.199 3.61529
2.202 3.61901
2.205 3.62271
2.208 3.62639
2.211 3.63006
2.214 3.6337
2.217 3.63733
2.22 3.64093
2.223 3.64452
2.226 3.64808
2.229 3.65163
2.232 3.65516
2.235 3.65866
2.238 3.66215
2.241 3.66561
2.244 3.66905
2.247 3.67248
2.25 3.67588
2.253 3.67926
2.256 3.68263
2.259 3.68597
2.262 3.68929
2.265 3.69259
2.268 3.69586
2.271 3.69912
2.274 3.70236
2.277 3.70557
2.28 3.70876
2.283 3.71194
2.286 3.71509
2.289 3.71822
2.292 3.72133
2.295 3.72441
2.298 3.72748
2.301 3.73052
2.304 3.73354
2.307 3.73654
2.31 3.73952
2.313 3.74248
2.316 3.74542
2.319 3.74833
2.322 3.75122
2.325 3.7541
2.328 3.75694
2.331 3.75977
2.334 3.76258
2.337 3.76536
2.34 3.76813
2.343 3.77087
2.346 3.77359
2.349 3.77628
2.352 3.77896
2.355 3.78162
2.358 3.78425
2.361 3.78686
2.364 3.78945
2.367 3.79202
2.37 3.79456
2.373 3.79709
2.376 3.79959
2.379 3.80208
2.382 3.80454
2.385 3.80698
2.388 3.8094
2.391 3.81179
2.394 3.81417
2.397 3.81652
2.4 3.81886
2.403 3.82117
2.406 3.82346
2.409 3.82573
2.412 3.82798
2.415 3.83021
2.418 3.83242
2.421 3.83461
2.424 3.83677
2.427 3.83892
2.43 3.84105
2.433 3.84315
2.436 3.84524
2.439 3.8473
2.442 3.84935
2.445 3.85137
2.448 3.85337
2.451 3.85536
2.454 3.85732
2.457 3.85927
2.46 3.86119
2.463 3.8631
2.466 3.86498
2.469 3.86685
2.472 3.86869
2.475 3.87052
2.478 3.87233
2.481 3.87412
2.484 3.87589
2.487 3.87764
2.49 3.87937
2.493 3.88108
2.496 3.88278
2.499 3.88445
2.502 3.88611
2.505 3.88775
2.508 3.88937
2.511 3.89097
2.514 3.89256
2.517 3.89413
2.52 3.89568
2.523 3.89721
2.526 3.89872
2.529 3.90022
2.532 3.9017
2.535 3.90316
2.538 3.9046
2.541 3.90603
2.544 3.90744
2.547 3.90883
2.55 3.91021
2.553 3.91157
2.556 3.91291
2.559 3.91424
2.562 3.91555
2.565 3.91685
2.568 3.91813
2.571 3.91939
2.574 3.92064
2.577 3.92187
2.58 3.92308
2.583 3.92428
2.586 3.92547
2.589 3.92664
2.592 3.92779
2.595 3.92893
2.598 3.93006
2.601 3.93117
2.604 3.93226
2.607 3.93334
2.61 3.93441
2.613 3.93546
2.616 3.9365
2.619 3.93752
2.622 3.93853
2.625 3.93953
2.628 3.94051
2.631 3.94148
2.634 3.94244
2.637 3.94338
2.64 3.94431
2.643 3.94522
2.646 3.94612
2.649 3.94701
2.652 3.94789
2.655 3.94875
2.658 3.94961
2.661 3.95044
2.664 3.95127
2.667 3.95208
2.67 3.95289
2.673 3.95368
2.676 3.95446
2.679 3.95522
2.682 3.95598
2.685 3.95672
2.688 3.95745
2.691 3.95817
2.694 3.95888
2.697 3.95958
2.7 3.96027
2.703 3.96094
2.706 3.96161
2.709 3.96226
2.712 3.96291
2.715 3.96354
2.718 3.96416
2.721 3.96478
2.724 3.96538
2.727 3.96597
2.73 3.96655
2.733 3.96713
2.736 3.96769
2.739 3.96824
2.742 3.96878
2.745 3.96932
2.748 3.96984
2.751 3.97036
2.754 3.97087
2.757 3.97136
2.76 3.97185
2.763 3.97233
2.766 3.9728
2.769 3.97326
2.772 3.97372
2.775 3.97416
2.778 3.9746
2.781 3.97503
2.784 3.97545
2.787 3.97586
2.79 3.97626
2.793 3.97666
2.796 3.97704
2.799 3.97742
2.802 3.9778
2.805 3.97816
2.808 3.97852
2.811 3.97887
2.814 3.97921
2.817 3.97954
2.82 3.97987
2.823 3.98019
2.826 3.98051
2.829 3.98081
2.832 3.98111
2.835 3.98141
2.838 3.98169
2.841 3.98197
2.844 3.98225
2.847 3.98251
2.85 3.98277
2.853 3.98303
2.856 3.98328
2.859 3.98352
2.862 3.98375
2.865 3.98398
2.868 3.98421
2.871 3.98442
2.874 3.98464
2.877 3.98484
2.88 3.98504
2.883 3.98524
2.886 3.98543
2.889 3.98561
2.892 3.98579
2.895 3.98596
2.898 3.98613
2.901 3.9863
2.904 3.98645
2.907 3.98661
2.91 3.98675
2.913 3.9869
2.916 3.98704
2.919 3.98717
2.922 3.9873
2.925 3.98742
2.928 3.98754
2.931 3.98766
2.934 3.98777
2.937 3.98787
2.94 3.98797
2.943 3.98807
2.946 3.98816
2.949 3.98825
2.952 3.98834
2.955 3.98842
2.958 3.98849
2.961 3.98856
2.964 3.98863
2.967 3.9887
2.97 3.98876
2.973 3.98882
2.976 3.98887
2.979 3.98892
2.982 3.98896
2.985 3.98901
2.988 3.98905
2.991 3.98908
2.994 3.98911
2.997 3.98914
3 3.98917
3.001 0
