0 5
0.003 3.71572
0.006 3.71523
0.009 3.71474
0.012 3.71425
0.015 3.71375
0.018 3.71325
0.021 3.71275
0.024 3.71225
0.027 3.71175
0.03 3.71124
0.033 3.71073
0.036 3.71021
0.039 3.7097
0.042 3.70918
0.045 3.70866
0.048 3.70813
0.051 3.70761
0.054 3.70708
0.057 3.70655
0.06 3.70601
0.063 3.70548
0.066 3.70494
0.069 3.70439
0.072 3.70385
0.075 3.7033
0.078 3.70275
0.081 3.7022
0.084 3.70164
0.087 3.70108
0.09 3.70052
0.093 3.69996
0.096 3.69939
0.099 3.69882
0.102 3.69825
0.105 3.69768
0.108 3.6971
0.111 3.69652
0.114 3.69594
0.117 3.69535
0.12 3.69476
0.123 3.69417
0.126 3.69358
0.129 3.69298
0.132 3.69239
0.135 3.69178
0.138 3.69118
0.141 3.69057
0.144 3.68997
0.147 3.68935
0.15 3.68874
0.153 3.68812
0.156 3.6875
0.159 3.68688
0.162 3.68626
0.165 3.68563
0.168 3.685
0.171 3.68437
0.174 3.68373
0.177 3.68309
0.18 3.68245
0.183 3.68181
0.186 3.68117
0.189 3.68052
0.192 3.67987
0.195 3.67921
0.198 3.67856
0.201 3.6779
0.204 3.67724
0.207 3.67658
0.21 3.67591
0.213 3.67524
0.216 3.67457
0.219 3.6739
0.222 3.67322
0.225 3.67254
0.228 3.67186
0.231 3.67118
0.234 3.67049
0.237 3.6698
0.24 3.66911
0.243 3.66842
0.246 3.66772
0.249 3.66702
0.252 3.66632
0.255 3.66562
0.258 3.66491
0.261 3.6642
0.264 3.66349
0.267 3.66278
0.27 3.66207
0.273 3.66135
0.276 3.66063
0.279 3.6599
0.282 3.65918
0.285 3.65845
0.288 3.65772
0.291 3.65699
0.294 3.65626
0.297 3.65552
0.3 3.65478
0.303 3.65404
0.306 3.65329
0.309 3.65255
0.312 3.6518
0.315 3.65105
0.318 3.6503
0.321 3.64954
0.324 3.64878
0.327 3.64802
0.33 3.64726
0.333 3.6465
0.336 3.64573
0.339 3.64496
0.342 3.64419
0.345 3.64342
0.348 3.64264
0.351 3.64187
0.354 3.64109
0.357 3.6403
0.36 3.63952
0.363 3.63874
0.366 3.63795
0.369 3.63716
0.372 3.63636
0.375 3.63557
0.378 3.63477
0.381 3.63398
0.384 3.63317
0.387 3.63237
0.39 3.63157
0.393 3.63076
0.396 3.62995
0.399 3.62914
0.402 3.62833
0.405 3.62751
0.408 3.6267
0.411 3.62588
0.414 3.62506
0.417 3.62424
0.42 3.62341
0.423 3.62258
0.426 3.62176
0.429 3.62093
0.432 3.62009
0.435 3.61926
0.438 3.61842
0.441 3.61759
0.444 3.61675
0.447 3.6159
0.45 3.61506
0.453 3.61422
0.456 3.61337
0.459 3.61252
0.462 3.61167
0.465 3.61082
0.468 3.60996
0.471 3.60911
0.474 3.60825
0.477 3.60739
0.48 3.60653
0.483 3.60566
0.486 3.6048
0.489 3.60393
0.492 3.60306
0.495 3.60219
0.498 3.60132
0.501 3.60045
0.504 3.59957
0.507 3.5987
0.51 3.59782
0.513 3.59694
0.516 3.59606
0.519 3.59517
0.522 3.59429
0.525 3.5934
0.528 3.59251
0.531 3.59162
0.534 3.59073
0.537 3.58984
0.54 3.58894
0.543 3.58805
0.546 3.58715
0.549 3.58625
0.552 3.58535
0.555 3.58445
0.558 3.58354
0.561 3.58264
0.564 3.58173
0.567 3.58082
0.57 3.57991
0.573 3.579
0.576 3.57809
0.579 3.57717
0.582 3.57625
0.585 3.57534
0.588 3.57442
0.591 3.5735
0.594 3.57257
0.597 3.57165
0.6 3.57073
0.603 3.5698
0.606 3.56887
0.609 3.56794
0.612 3.56701
0.615 3.56608
0.618 3.56515
0.621 3.56421
0.624 3.56327
0.627 3.56234
0.63 3.5614
0.633 3.56046
0.636 3.55951
0.639 3.55857
0.642 3.55762
0.645 3.55668
0.648 3.55573
0.651 3.55478
0.654 3.55383
0.657 3.55288
0.66 3.55193
0.663 3.55097
0.666 3.55002
0.669 3.54906
0.672 3.5481
0.675 3.54714
0.678 3.54618
0.681 3.54521
0.684 3.54425
0.687 3.54328
0.69 3.54232
0.693 3.54135
0.696 3.54038
0.699 3.53941
0.702 3.53844
0.705 3.53746
0.708 3.53649
0.711 3.53551
0.714 3.53453
0.717 3.53356
0.72 3.53258
0.723 3.53159
0.726 3.53061
0.729 3.52963
0.732 3.52864
0.735 3.52765
0.738 3.52667
0.741 3.52568
0.744 3.52468
0.747 3.52369
0.75 3.5227
0.753 3.5217
0.756 3.52071
0.759 3.51971
0.762 3.51871
0.765 3.51771
0.768 3.51671
0.771 3.51571
0.774 3.5147
0.777 3.5137
0.78 3.51269
0.783 3.51168
0.786 3.51067
0.789 3.50966
0.792 3.50865
0.795 3.50763
0.798 3.50662
0.801 3.5056
0.804 3.50458
0.807 3.50356
0.81 3.50254
0.813 3.50152
0.816 3.5005
0.819 3.49947
0.822 3.49845
0.825 3.49742
0.828 3.49639
0.831 3.49536
0.834 3.49433
0.837 3.49329
0.84 3.49226
0.843 3.49122
0.846 3.49019
0.849 3.48915
0.852 3.48811
0.855 3.48707
0.858 3.48602
0.861 3.48498
0.864 3.48393
0.867 3.48289
0.87 3.48184
0.873 3.48079
0.876 3.47974
0.879 3.47868
0.882 3.47763
0.885 3.47657
0.888 3.47551
0.891 3.47446
0.894 3.4734
0.897 3.47233
0.9 3.47127
0.903 3.47021
0.906 3.46914
0.909 3.46807
0.912 3.467
0.915 3.46593
0.918 3.46486
0.921 3.46379
0.924 3.46271
0.927 3.46163
0.93 3.46056
0.933 3.45948
0.936 3.4584
0.939 3.45731
0.942 3.45623
0.945 3.45514
0.948 3.45405
0.951 3.45297
0.954 3.45188
0.957 3.45078
0.96 3.44969
0.963 3.44859
0.966 3.4475
0.969 3.4464
0.972 3.4453
0.975 3.4442
0.978 3.44309
0.981 3.44199
0.984 3.44088
0.987 3.43977
0.99 3.43866
0.993 3.43755
0.996 3.43644
0.999 3.43533
1.002 3.43421
1.005 3.43309
1.008 3.43197
1.011 3.43085
1.014 3.42973
1.017 3.4286
1.02 3.42748
1.023 3.42635
1.026 3.42522
1.029 3.42409
1.032 3.42296
1.035 3.42182
1.038 3.42068
1.041 3.41955
1.044 3.41841
1.047 3.41727
1.05 3.41612
1.053 3.41498
1.056 3.41383
1.059 3.41268
1.062 3.41153
1.065 3.41038
1.068 3.40923
1.071 3.40807
1.074 3.40691
1.077 3.40576
1.08 3.40459
1.083 3.40343
1.086 3.40227
1.089 3.4011
1.092 3.39993
1.095 3.39876
1.098 3.39759
1.101 3.39642
1.104 3.39525
1.107 3.39407
1.11 3.39289
1.113 3.39171
1.116 3.39053
1.119 3.38934
1.122 3.38816
1.125 3.38697
1.128 3.38578
1.131 3.38459
1.134 3.38339
1.137 3.3822
1.14 3.381
1.143 3.3798
1.146 3.3786
1.149 3.3774
1.152 3.3762
1.155 3.37499
1.158 3.37378
1.161 3.37257
1.164 3.37136
1.167 3.37015
1.17 3.36893
1.173 3.36771
1.176 3.36649
1.179 3.36527
1.182 3.36405
1.185 3.36282
1.188 3.36159
1.191 3.36037
1.194 3.35913
1.197 3.3579
1.2 3.35667
1.203 3.35543
1.206 3.35419
1.209 3.35295
1.212 3.35171
1.215 3.35046
1.218 3.34922
1.221 3.34797
1.224 3.34672
1.227 3.34546
1.23 3.34421
1.233 3.34295
1.236 3.34169
1.239 3.34043
1.242 3.33917
1.245 3.33791
1.248 3.33664
1.251 3.33537
1.254 3.3341
1.257 3.33283
1.26 3.33156
1.263 3.33028
1.266 3.329
1.269 3.32772
1.272 3.32644
1.275 3.32515
1.278 3.32387
1.281 3.32258
1.284 3.32129
1.287 3.32
1.29 3.3187
1.293 3.31741
1.296 3.31611
1.299 3.31481
1.302 3.3135
1.305 3.3122
1.308 3.31089
1.311 3.30958
1.314 3.30827
1.317 3.30696
1.32 3.30565
1.323 3.30433
1.326 3.30301
1.329 3.30169
1.332 3.30037
1.335 3.29904
1.338 3.29771
1.341 3.29639
1.344 3.29505
1.347 3.29372
1.35 3.29239
1.353 3.29105
1.356 3.28971
1.359 3.28837
1.362 3.28702
1.365 3.28568
1.368 3.28433
1.371 3.28298
1.374 3.28163
1.377 3.28028
1.38 3.27892
1.383 3.27756
1.386 3.2762
1.389 3.27484
1.392 3.27347
1.395 3.27211
1.398 3.27074
1.401 3.26937
1.404 3.268
1.407 3.26662
1.41 3.26524
1.413 3.26387
1.416 3.26248
1.419 3.2611
1.422 3.25972
1.425 3.25833
1.428 3.25694
1.431 3.25555
1.434 3.25415
1.437 3.25276
1.44 3.25136
1.443 3.24996
1.446 3.24856
1.449 3.24715
1.452 3.24575
1.455 3.24434
1.458 3.24293
1.461 3.24152
1.464 3.2401
1.467 3.23869
1.47 3.23727
1.473 3.23585
1.476 3.23442
1.479 3.233
1.482 3.23157
1.485 3.23014
1.488 3.22871
1.491 3.22728
1.494 3.22584
1.497 3.2244
1.5 3.22296
1.503 3.22152
1.506 3.22008
1.509 3.21863
1.512 3.21718
1.515 3.21573
1.518 3.21428
1.521 3.21283
1.524 3.21137
1.527 3.20991
1.53 3.20845
1.533 3.20699
1.536 3.20552
1.539 3.20406
1.542 3.20259
1.545 3.20112
1.548 3.19964
1.551 3.19817
1.554 3.19669
1.557 3.19521
1.56 3.19373
1.563 3.19225
1.566 3.19076
1.569 3.18927
1.572 3.18778
1.575 3.18629
1.578 3.1848
1.581 3.1833
1.584 3.18181
1.587 3.18031
1.59 3.1788
1.593 3.1773
1.596 3.17579
1.599 3.17429
1.602 3.17278
1.605 3.17126
1.608 3.16975
1.611 3.16824
1.614 3.16672
1.617 3.1652
1.62 3.16368
1.623 3.16215
1.626 3.16063
1.629 3.1591
1.632 3.15757
1.635 3.15604
1.638 3.15451
1.641 3.15297
1.644 3.15143
1.647 3.1499
1.65 3.14835
1.653 3.14681
1.656 3.14527
1.659 3.14372
1.662 3.14217
1.665 3.14062
1.668 3.13907
1.671 3.13752
1.674 3.13596
1.677 3.1344
1.68 3.13285
1.683 3.13128
1.686 3.12972
1.689 3.12816
1.692 3.12659
1.695 3.12502
1.698 3.12345
1.701 3.12188
1.704 3.12031
1.707 3.11874
1.71 3.11716
1.713 3.11558
1.716 3.114
1.719 3.11242
1.722 3.11084
1.725 3.10925
1.728 3.10767
1.731 3.10608
1.734 3.10449
1.737 3.1029
1.74 3.10131
1.743 3.09972
1.746 3.09812
1.749 3.09653
1.752 3.09493
1.755 3.09333
1.758 3.09173
1.761 3.09013
1.764 3.08852
1.767 3.08692
1.77 3.08531
1.773 3.08371
1.776 3.0821
1.779 3.08049
1.782 3.07888
1.785 3.07727
1.788 3.07566
1.791 3.07404
1.794 3.07243
1.797 3.07081
1.8 3.06919
1.803 3.06758
1.806 3.06596
1.809 3.06434
1.812 3.06272
1.815 3.06109
1.818 3.05947
1.821 3.05785
1.824 3.05622
1.827 3.0546
1.83 3.05297
1.833 3.05135
1.836 3.04972
1.839 3.04809
1.842 3.04646
1.845 3.04483
1.848 3.0432
1.851 3.04157
1.854 3.03994
1.857 3.03831
1.86 3.03668
1.863 3.03505
1.866 3.03342
1.869 3.03178
1.872 3.03015
1.875 3.02852
1.878 3.02688
1.881 3.02525
1.884 3.02362
1.887 3.02198
1.89 3.02035
1.893 3.01872
1.896 3.01708
1.899 3.01545
1.902 3.01382
1.905 3.01219
1.908 3.01055
1.911 3.00892
1.914 3.00729
1.917 3.00566
1.92 3.00403
1.923 3.0024
1.926 3.00077
1.929 2.99914
1.932 2.99751
1.935 2.99588
1.938 2.99425
1.941 2.99263
1.944 2.991
1.947 2.98937
1.95 2.98775
1.953 2.98613
1.956 2.98451
1.959 2.98288
1.962 2.98127
1.965 2.97965
1.968 2.97803
1.971 2.97641
1.974 2.9748
1.977 2.97318
1.98 2.97157
1.983 2.96996
1.986 2.96835
1.989 2.96675
1.992 2.96514
1.995 2.96354
1.998 2.96194
2.001 2.96034
2.004 2.95874
2.007 2.95714
2.01 2.95555
2.013 2.95396
2.016 2.95237
2.019 2.95078
2.022 2.94919
2.025 2.94761
2.028 2.94603
2.031 2.94445
2.034 2.94288
2.037 2.9413
2.04 2.93973
2.043 2.93817
2.046 2.9366
2.049 2.93504
2.052 2.93348
2.055 2.93192
2.058 2.93037
2.061 2.92882
2.064 2.92727
2.067 2.92573
2.07 2.92419
2.073 2.92265
2.076 2.92112
2.079 2.91959
2.082 2.91806
2.085 2.91654
2.088 2.91502
2.091 2.91351
2.094 2.912
2.097 2.91049
2.1 2.90898
2.103 2.90748
2.106 2.90599
2.109 2.9045
2.112 2.90301
2.115 2.90153
2.118 2.90005
2.121 2.89858
2.124 2.89711
2.127 2.89564
2.13 2.89418
2.133 2.89272
2.136 2.89127
2.139 2.88983
2.142 2.88838
2.145 2.88695
2.148 2.88552
2.151 2.88409
2.154 2.88267
2.157 2.88125
2.16 2.87984
2.163 2.87843
2.166 2.87703
2.169 2.87564
2.172 2.87425
2.175 2.87286
2.178 2.87149
2.181 2.87011
2.184 2.86875
2.187 2.86738
2.19 2.86603
2.193 2.86468
2.196 2.86334
2.199 2.862
2.202 2.86067
2.205 2.85934
2.208 2.85802
2.211 2.85671
2.214 2.8554
2.217 2.8541
2.22 2.85281
2.223 2.85152
2.226 2.85024
2.229 2.84896
2.232 2.84769
2.235 2.84643
2.238 2.84518
2.241 2.84393
2.244 2.84269
2.247 2.84145
2.25 2.84023
2.253 2.83901
2.256 2.83779
2.259 2.83658
2.262 2.83539
2.265 2.83419
2.268 2.83301
2.271 2.83183
2.274 2.83066
2.277 2.82949
2.28 2.82834
2.283 2.82719
2.286 2.82605
2.289 2.82491
2.292 2.82379
2.295 2.82267
2.298 2.82156
2.301 2.82045
2.304 2.81935
2.307 2.81827
2.31 2.81718
2.313 2.81611
2.316 2.81504
2.319 2.81399
2.322 2.81294
2.325 2.81189
2.328 2.81086
2.331 2.80983
2.334 2.80881
2.337 2.8078
2.34 2.8068
2.343 2.8058
2.346 2.80482
2.349 2.80384
2.352 2.80286
2.355 2.8019
2.358 2.80095
2.361 2.8
2.364 2.79906
2.367 2.79813
2.37 2.79721
2.373 2.79629
2.376 2.79538
2.379 2.79449
2.382 2.79359
2.385 2.79271
2.388 2.79184
2.391 2.79097
2.394 2.79011
2.397 2.78926
2.4 2.78842
2.403 2.78759
2.406 2.78676
2.409 2.78595
2.412 2.78514
2.415 2.78434
2.418 2.78355
2.421 2.78276
2.424 2.78199
2.427 2.78122
2.43 2.78046
2.433 2.77971
2.436 2.77896
2.439 2.77823
2.442 2.7775
2.445 2.77678
2.448 2.77607
2.451 2.77537
2.454 2.77467
2.457 2.77399
2.46 2.77331
2.463 2.77264
2.466 2.77198
2.469 2.77132
2.472 2.77068
2.475 2.77004
2.478 2.76941
2.481 2.76879
2.484 2.76817
2.487 2.76757
2.49 2.76697
2.493 2.76638
2.496 2.76579
2.499 2.76522
2.502 2.76465
2.505 2.76409
2.508 2.76354
2.511 2.763
2.514 2.76246
2.517 2.76193
2.52 2.76141
2.523 2.7609
2.526 2.76039
2.529 2.7599
2.532 2.7594
2.535 2.75892
2.538 2.75845
2.541 2.75798
2.544 2.75752
2.547 2.75707
2.55 2.75662
2.553 2.75618
2.556 2.75575
2.559 2.75533
2.562 2.75491
2.565 2.7545
2.568 2.7541
2.571 2.7537
2.574 2.75331
2.577 2.75293
2.58 2.75256
2.583 2.75219
2.586 2.75183
2.589 2.75148
2.592 2.75113
2.595 2.75079
2.598 2.75046
2.601 2.75013
2.604 2.74981
2.607 2.7495
2.61 2.74919
2.613 2.74889
2.616 2.7486
2.619 2.74831
2.622 2.74803
2.625 2.74776
2.628 2.74749
2.631 2.74723
2.634 2.74698
2.637 2.74673
2.64 2.74648
2.643 2.74625
2.646 2.74602
2.649 2.74579
2.652 2.74557
2.655 2.74536
2.658 2.74515
2.661 2.74495
2.664 2.74476
2.667 2.74457
2.67 2.74438
2.673 2.74421
2.676 2.74403
2.679 2.74387
2.682 2.74371
2.685 2.74355
2.688 2.7434
2.691 2.74325
2.694 2.74311
2.697 2.74298
2.7 2.74285
2.703 2.74273
2.706 2.74261
2.709 2.74249
2.712 2.74238
2.715 2.74228
2.718 2.74218
2.721 2.74209
2.724 2.742
2.727 2.74191
2.73 2.74183
2.733 2.74176
2.736 2.74169
2.739 2.74162
2.742 2.74156
2.745 2.74151
2.748 2.74145
2.751 2.74141
2.754 2.74136
2.757 2.74132
2.76 2.74129
2.763 2.74126
2.766 2.74123
2.769 2.74121
2.772 2.74119
2.775 2.74118
2.778 2.74117
2.781 2.74116
2.784 2.74116
2.787 2.74116
2.79 2.74117
2.793 2.74118
2.796 2.74119
2.799 2.74121
2.802 2.74123
2.805 2.74125
2.808 2.74128
2.811 2.74131
2.814 2.74135
2.817 2.74139
2.82 2.74143
2.823 2.74147
2.826 2.74152
2.829 2.74157
2.832 2.74163
2.835 2.74169
2.838 2.74175
2.841 2.74181
2.844 2.74188
2.847 2.74195
2.85 2.74202
2.853 2.7421
2.856 2.74218
2.859 2.74226
2.862 2.74234
2.865 2.74243
2.868 2.74252
2.871 2.74262
2.874 2.74271
2.877 2.74281
2.88 2.74291
2.883 2.74301
2.886 2.74312
2.889 2.74323
2.892 2.74334
2.895 2.74345
2.898 2.74357
2.901 2.74369
2.904 2.74381
2.907 2.74393
2.91 2.74405
2.913 2.74418
2.916 2.74431
2.919 2.74444
2.922 2.74457
2.925 2.74471
2.928 2.74485
2.931 2.74499
2.934 2.74513
2.937 2.74527
2.94 2.74542
2.943 2.74556
2.946 2.74571
2.949 2.74586
2.952 2.74601
2.955 2.74617
2.958 2.74632
2.961 2.74648
2.964 2.74664
2.967 2.7468
2.97 2.74696
2.973 2.74713
2.976 2.74729
2.979 2.74746
2.982 2.74762
2.985 2.74779
2.988 2.74796
2.991 2.74814
2.994 2.74831
2.997 2.74849
3 2.74866
3.001 5
