0 -10
0.003 -6.01764
0.006 -6.01329
0.009 -6.00891
0.012 -6.0045
0.015 -6.00008
0.018 -5.99563
0.021 -5.99116
0.024 -5.98666
0.027 -5.98214
0.03 -5.9776
0.033 -5.97303
0.036 -5.96845
0.039 -5.96384
0.042 -5.9592
0.045 -5.95455
0.048 -5.94987
0.051 -5.94516
0.054 -5.94044
0.057 -5.93569
0.06 -5.93092
0.063 -5.92612
0.066 -5.92131
0.069 -5.91647
0.072 -5.91161
0.075 -5.90672
0.078 -5.90181
0.081 -5.89688
0.084 -5.89193
0.087 -5.88696
0.09 -5.88196
0.093 -5.87694
0.096 -5.8719
0.099 -5.86683
0.102 -5.86175
0.105 -5.85664
0.108 -5.85151
0.111 -5.84636
0.114 -5.84118
0.117 -5.83599
0.12 -5.83077
0.123 -5.82553
0.126 -5.82027
0.129 -5.81499
0.132 -5.80969
0.135 -5.80437
0.138 -5.79902
0.141 -5.79366
0.144 -5.78827
0.147 -5.78286
0.15 -5.77743
0.153 -5.77198
0.156 -5.76652
0.159 -5.76103
0.162 -5.75552
0.165 -5.74999
0.168 -5.74444
0.171 -5.73887
0.174 -5.73328
0.177 -5.72767
0.18 -5.72205
0.183 -5.7164
0.186 -5.71073
0.189 -5.70505
0.192 -5.69935
0.195 -5.69363
0.198 -5.68789
0.201 -5.68213
0.204 -5.67635
0.207 -5.67056
0.21 -5.66475
0.213 -5.65892
0.216 -5.65307
0.219 -5.64721
0.222 -5.64132
0.225 -5.63543
0.228 -5.62951
0.231 -5.62358
0.234 -5.61763
0.237 -5.61167
0.24 -5.60569
0.243 -5.5997
0.246 -5.59369
0.249 -5.58766
0.252 -5.58162
0.255 -5.57556
0.258 -5.56949
0.261 -5.56341
0.264 -5.55731
0.267 -5.5512
0.27 -5.54507
0.273 -5.53893
0.276 -5.53278
0.279 -5.52661
0.282 -5.52043
0.285 -5.51424
0.288 -5.50803
0.291 -5.50182
0.294 -5.49559
0.297 -5.48935
0.3 -5.4831
0.303 -5.47683
0.306 -5.47056
0.309 -5.46427
0.312 -5.45798
0.315 -5.45167
0.318 -5.44536
0.321 -5.43903
0.324 -5.4327
0.327 -5.42635
0.33 -5.42
0.333 -5.41364
0.336 -5.40727
0.339 -5.40089
0.342 -5.3945
0.345 -5.38811
0.348 -5.38171
0.351 -5.3753
0.354 -5.36888
0.357 -5.36246
0.36 -5.35603
0.363 -5.3496
0.366 -5.34316
0.369 -5.33671
0.372 -5.33026
0.375 -5.3238
0.378 -5.31734
0.381 -5.31087
0.384 -5.3044
0.387 -5.29792
0.39 -5.29145
0.393 -5.28496
0.396 -5.27848
0.399 -5.27199
0.402 -5.2655
0.405 -5.259
0.408 -5.25251
0.411 -5.24601
0.414 -5.23951
0.417 -5.23301
0.42 -5.2265
0.423 -5.22
0.426 -5.2135
0.429 -5.20699
0.432 -5.20049
0.435 -5.19398
0.438 -5.18748
0.441 -5.18097
0.444 -5.17447
0.447 -5.16797
0.45 -5.16147
0.453 -5.15497
0.456 -5.14847
0.459 -5.14198
0.462 -5.13548
0.465 -5.12899
0.468 -5.1225
0.471 -5.11602
0.474 -5.10954
0.477 -5.10306
0.48 -5.09658
0.483 -5.09011
0.486 -5.08365
0.489 -5.07719
0.492 -5.07073
0.495 -5.06428
0.498 -5.05783
0.501 -5.05139
0.504 -5.04495
0.507 -5.03852
0.51 -5.03209
0.513 -5.02567
0.516 -5.01926
0.519 -5.01285
0.522 -5.00645
0.525 -5.00006
0.528 -4.99368
0.531 -4.9873
0.534 -4.98093
0.537 -4.97456
0.54 -4.96821
0.543 -4.96186
0.546 -4.95552
0.549 -4.94919
0.552 -4.94287
0.555 -4.93656
0.558 -4.93025
0.561 -4.92396
0.564 -4.91767
0.567 -4.91139
0.57 -4.90513
0.573 -4.89887
0.576 -4.89262
0.579 -4.88639
0.582 -4.88016
0.585 -4.87394
0.588 -4.86774
0.591 -4.86154
0.594 -4.85536
0.597 -4.84918
0.6 -4.84302
0.603 -4.83687
0.606 -4.83073
0.609 -4.8246
0.612 -4.81848
0.615 -4.81238
0.618 -4.80628
0.621 -4.8002
0.624 -4.79413
0.627 -4.78807
0.63 -4.78203
0.633 -4.776
0.636 -4.76997
0.639 -4.76397
0.642 -4.75797
0.645 -4.75199
0.648 -4.74602
0.651 -4.74006
0.654 -4.73412
0.657 -4.72819
0.66 -4.72227
0.663 -4.71637
0.666 -4.71048
0.669 -4.7046
0.672 -4.69874
0.675 -4.69289
0.678 -4.68705
0.681 -4.68123
0.684 -4.67542
0.687 -4.66962
0.69 -4.66384
0.693 -4.65807
0.696 -4.65232
0.699 -4.64658
0.702 -4.64086
0.705 -4.63514
0.708 -4.62945
0.711 -4.62376
0.714 -4.6181
0.717 -4.61244
0.72 -4.6068
0.723 -4.60118
0.726 -4.59557
0.729 -4.58997
0.732 -4.58439
0.735 -4.57882
0.738 -4.57327
0.741 -4.56773
0.744 -4.5622
0.747 -4.55669
0.75 -4.5512
0.753 -4.54572
0.756 -4.54025
0.759 -4.5348
0.762 -4.52937
0.765 -4.52394
0.768 -4.51854
0.771 -4.51315
0.774 -4.50777
0.777 -4.5024
0.78 -4.49706
0.783 -4.49172
0.786 -4.4864
0.789 -4.4811
0.792 -4.47581
0.795 -4.47054
0.798 -4.46528
0.801 -4.46003
0.804 -4.4548
0.807 -4.44958
0.81 -4.44438
0.813 -4.4392
0.816 -4.43402
0.819 -4.42887
0.822 -4.42372
0.825 -4.41859
0.828 -4.41348
0.831 -4.40838
0.834 -4.4033
0.837 -4.39823
0.84 -4.39317
0.843 -4.38813
0.846 -4.3831
0.849 -4.37809
0.852 -4.37309
0.855 -4.36811
0.858 -4.36314
0.861 -4.35818
0.864 -4.35324
0.867 -4.34831
0.87 -4.3434
0.873 -4.3385
0.876 -4.33361
0.879 -4.32874
0.882 -4.32389
0.885 -4.31905
0.888 -4.31422
0.891 -4.3094
0.894 -4.3046
0.897 -4.29981
0.9 -4.29504
0.903 -4.29028
0.906 -4.28554
0.909 -4.28081
0.912 -4.27609
0.915 -4.27138
0.918 -4.26669
0.921 -4.26201
0.924 -4.25735
0.927 -4.2527
0.93 -4.24806
0.933 -4.24344
0.936 -4.23883
0.939 -4.23423
0.942 -4.22965
0.945 -4.22508
0.948 -4.22052
0.951 -4.21598
0.954 -4.21145
0.957 -4.20693
0.96 -4.20243
0.963 -4.19793
0.966 -4.19346
0.969 -4.18899
0.972 -4.18454
0.975 -4.1801
0.978 -4.17567
0.981 -4.17125
0.984 -4.16685
0.987 -4.16246
0.99 -4.15808
0.993 -4.15372
0.996 -4.14937
0.999 -4.14503
1.002 -4.1407
1.005 -4.13639
1.008 -4.13208
1.011 -4.12779
1.014 -4.12351
1.017 -4.11925
1.02 -4.11499
1.023 -4.11075
1.026 -4.10652
1.029 -4.10231
1.032 -4.0981
1.035 -4.09391
1.038 -4.08972
1.041 -4.08555
1.044 -4.08139
1.047 -4.07725
1.05 -4.07311
1.053 -4.06899
1.056 -4.06488
1.059 -4.06077
1.062 -4.05669
1.065 -4.05261
1.068 -4.04854
1.071 -4.04449
1.074 -4.04044
1.077 -4.03641
1.08 -4.03239
1.083 -4.02838
1.086 -4.02438
1.089 -4.02039
1.092 -4.01641
1.095 -4.01245
1.098 -4.00849
1.101 -4.00455
1.104 -4.00061
1.107 -3.99669
1.11 -3.99278
1.113 -3.98888
1.116 -3.98499
1.119 -3.98111
1.122 -3.97724
1.125 -3.97338
1.128 -3.96953
1.131 -3.96569
1.134 -3.96186
1.137 -3.95805
1.14 -3.95424
1.143 -3.95044
1.146 -3.94666
1.149 -3.94288
1.152 -3.93912
1.155 -3.93536
1.158 -3.93161
1.161 -3.92788
1.164 -3.92415
1.167 -3.92044
1.17 -3.91673
1.173 -3.91303
1.176 -3.90935
1.179 -3.90567
1.182 -3.902
1.185 -3.89835
1.188 -3.8947
1.191 -3.89106
1.194 -3.88743
1.197 -3.88381
1.2 -3.88021
1.203 -3.87661
1.206 -3.87302
1.209 -3.86943
1.212 -3.86586
1.215 -3.8623
1.218 -3.85875
1.221 -3.8552
1.224 -3.85167
1.227 -3.84814
1.23 -3.84463
1.233 -3.84112
1.236 -3.83762
1.239 -3.83413
1.242 -3.83065
1.245 -3.82718
1.248 -3.82372
1.251 -3.82026
1.254 -3.81682
1.257 -3.81338
1.26 -3.80996
1.263 -3.80654
1.266 -3.80313
1.269 -3.79973
1.272 -3.79633
1.275 -3.79295
1.278 -3.78957
1.281 -3.78621
1.284 -3.78285
1.287 -3.7795
1.29 -3.77615
1.293 -3.77282
1.296 -3.76949
1.299 -3.76618
1.302 -3.76287
1.305 -3.75957
1.308 -3.75628
1.311 -3.75299
1.314 -3.74971
1.317 -3.74645
1.32 -3.74319
1.323 -3.73993
1.326 -3.73669
1.329 -3.73345
1.332 -3.73022
1.335 -3.727
1.338 -3.72379
1.341 -3.72059
1.344 -3.71739
1.347 -3.7142
1.35 -3.71102
1.353 -3.70784
1.356 -3.70468
1.359 -3.70152
1.362 -3.69836
1.365 -3.69522
1.368 -3.69208
1.371 -3.68896
1.374 -3.68583
1.377 -3.68272
1.38 -3.67961
1.383 -3.67651
1.386 -3.67342
1.389 -3.67034
1.392 -3.66726
1.395 -3.66419
1.398 -3.66112
1.401 -3.65807
1.404 -3.65502
1.407 -3.65198
1.41 -3.64894
1.413 -3.64591
1.416 -3.64289
1.419 -3.63988
1.422 -3.63687
1.425 -3.63387
1.428 -3.63088
1.431 -3.62789
1.434 -3.62491
1.437 -3.62194
1.44 -3.61897
1.443 -3.61601
1.446 -3.61306
1.449 -3.61012
1.452 -3.60718
1.455 -3.60424
1.458 -3.60132
1.461 -3.5984
1.464 -3.59549
1.467 -3.59258
1.47 -3.58968
1.473 -3.58679
1.476 -3.5839
1.479 -3.58102
1.482 -3.57814
1.485 -3.57528
1.488 -3.57242
1.491 -3.56956
1.494 -3.56671
1.497 -3.56387
1.5 -3.56103
1.503 -3.5582
1.506 -3.55538
1.509 -3.55256
1.512 -3.54975
1.515 -3.54694
1.518 -3.54414
1.521 -3.54135
1.524 -3.53856
1.527 -3.53578
1.53 -3.533
1.533 -3.53024
1.536 -3.52747
1.539 -3.52471
1.542 -3.52196
1.545 -3.51922
1.548 -3.51648
1.551 -3.51374
1.554 -3.51101
1.557 -3.50829
1.56 -3.50557
1.563 -3.50286
1.566 -3.50016
1.569 -3.49746
1.572 -3.49477
1.575 -3.49208
1.578 -3.4894
1.581 -3.48672
1.584 -3.48405
1.587 -3.48138
1.59 -3.47872
1.593 -3.47607
1.596 -3.47342
1.599 -3.47078
1.602 -3.46814
1.605 -3.46551
1.608 -3.46288
1.611 -3.46026
1.614 -3.45764
1.617 -3.45503
1.62 -3.45243
1.623 -3.44983
1.626 -3.44723
1.629 -3.44465
1.632 -3.44206
1.635 -3.43948
1.638 -3.43691
1.641 -3.43435
1.644 -3.43178
1.647 -3.42923
1.65 -3.42668
1.653 -3.42413
1.656 -3.42159
1.659 -3.41906
1.662 -3.41653
1.665 -3.414
1.668 -3.41148
1.671 -3.40897
1.674 -3.40646
1.677 -3.40396
1.68 -3.40146
1.683 -3.39897
1.686 -3.39648
1.689 -3.394
1.692 -3.39152
1.695 -3.38905
1.698 -3.38658
1.701 -3.38412
1.704 -3.38166
1.707 -3.37921
1.71 -3.37677
1.713 -3.37433
1.716 -3.37189
1.719 -3.36946
1.722 -3.36704
1.725 -3.36462
1.728 -3.3622
1.731 -3.35979
1.734 -3.35739
1.737 -3.35499
1.74 -3.3526
1.743 -3.35021
1.746 -3.34783
1.749 -3.34545
1.752 -3.34308
1.755 -3.34071
1.758 -3.33835
1.761 -3.33599
1.764 -3.33364
1.767 -3.33129
1.77 -3.32895
1.773 -3.32662
1.776 -3.32429
1.779 -3.32196
1.782 -3.31965
1.785 -3.31733
1.788 -3.31502
1.791 -3.31272
1.794 -3.31042
1.797 -3.30813
1.8 -3.30584
1.803 -3.30356
1.806 -3.30129
1.809 -3.29902
1.812 -3.29675
1.815 -3.29449
1.818 -3.29224
1.821 -3.28999
1.824 -3.28775
1.827 -3.28551
1.83 -3.28328
1.833 -3.28106
1.836 -3.27884
1.839 -3.27662
1.842 -3.27441
1.845 -3.27221
1.848 -3.27002
1.851 -3.26782
1.854 -3.26564
1.857 -3.26346
1.86 -3.26129
1.863 -3.25912
1.866 -3.25696
1.869 -3.2548
1.872 -3.25265
1.875 -3.25051
1.878 -3.24837
1.881 -3.24624
1.884 -3.24412
1.887 -3.242
1.89 -3.23989
1.893 -3.23778
1.896 -3.23568
1.899 -3.23359
1.902 -3.2315
1.905 -3.22942
1.908 -3.22734
1.911 -3.22528
1.914 -3.22321
1.917 -3.22116
1.92 -3.21911
1.923 -3.21707
1.926 -3.21503
1.929 -3.21301
1.932 -3.21099
1.935 -3.20897
1.938 -3.20696
1.941 -3.20496
1.944 -3.20297
1.947 -3.20098
1.95 -3.199
1.953 -3.19703
1.956 -3.19506
1.959 -3.19311
1.962 -3.19116
1.965 -3.18921
1.968 -3.18728
1.971 -3.18535
1.974 -3.18343
1.977 -3.18151
1.98 -3.1796
1.983 -3.17771
1.986 -3.17582
1.989 -3.17393
1.992 -3.17206
1.995 -3.17019
1.998 -3.16833
2.001 -3.16648
2.004 -3.16463
2.007 -3.1628
2.01 -3.16097
2.013 -3.15915
2.016 -3.15734
2.019 -3.15554
2.022 -3.15374
2.025 -3.15196
2.028 -3.15018
2.031 -3.14841
2.034 -3.14665
2.037 -3.1449
2.04 -3.14316
2.043 -3.14142
2.046 -3.1397
2.049 -3.13798
2.052 -3.13627
2.055 -3.13457
2.058 -3.13288
2.061 -3.1312
2.064 -3.12953
2.067 -3.12787
2.07 -3.12622
2.073 -3.12458
2.076 -3.12294
2.079 -3.12132
2.082 -3.11971
2.085 -3.1181
2.088 -3.11651
2.091 -3.11492
2.094 -3.11335
2.097 -3.11178
2.1 -3.11023
2.103 -3.10868
2.106 -3.10715
2.109 -3.10563
2.112 -3.10411
2.115 -3.10261
2.118 -3.10111
2.121 -3.09963
2.124 -3.09816
2.127 -3.0967
2.13 -3.09525
2.133 -3.09381
2.136 -3.09238
2.139 -3.09096
2.142 -3.08955
2.145 -3.08815
2.148 -3.08677
2.151 -3.08539
2.154 -3.08403
2.157 -3.08268
2.16 -3.08134
2.163 -3.08001
2.166 -3.07869
2.169 -3.07738
2.172 -3.07609
2.175 -3.0748
2.178 -3.07353
2.181 -3.07227
2.184 -3.07102
2.187 -3.06979
2.19 -3.06856
2.193 -3.06735
2.196 -3.06615
2.199 -3.06496
2.202 -3.06378
2.205 -3.06262
2.208 -3.06147
2.211 -3.06033
2.214 -3.0592
2.217 -3.05808
2.22 -3.05698
2.223 -3.05589
2.226 -3.05481
2.229 -3.05375
2.232 -3.0527
2.235 -3.05166
2.238 -3.05063
2.241 -3.04961
2.244 -3.04861
2.247 -3.04762
2.25 -3.04665
2.253 -3.04568
2.256 -3.04473
2.259 -3.0438
2.262 -3.04287
2.265 -3.04196
2.268 -3.04106
2.271 -3.04018
2.274 -3.0393
2.277 -3.03844
2.28 -3.0376
2.283 -3.03677
2.286 -3.03595
2.289 -3.03514
2.292 -3.03435
2.295 -3.03357
2.298 -3.0328
2.301 -3.03205
2.304 -3.03131
2.307 -3.03059
2.31 -3.02987
2.313 -3.02917
2.316 -3.02849
2.319 -3.02782
2.322 -3.02716
2.325 -3.02651
2.328 -3.02588
2.331 -3.02526
2.334 -3.02466
2.337 -3.02407
2.34 -3.02349
2.343 -3.02293
2.346 -3.02238
2.349 -3.02184
2.352 -3.02132
2.355 -3.02081
2.358 -3.02031
2.361 -3.01983
2.364 -3.01936
2.367 -3.0189
2.37 -3.01846
2.373 -3.01803
2.376 -3.01762
2.379 -3.01722
2.382 -3.01683
2.385 -3.01645
2.388 -3.01609
2.391 -3.01574
2.394 -3.01541
2.397 -3.01509
2.4 -3.01478
2.403 -3.01449
2.406 -3.01421
2.409 -3.01394
2.412 -3.01368
2.415 -3.01344
2.418 -3.01321
2.421 -3.013
2.424 -3.0128
2.427 -3.01261
2.43 -3.01243
2.433 -3.01227
2.436 -3.01212
2.439 -3.01198
2.442 -3.01186
2.445 -3.01174
2.448 -3.01165
2.451 -3.01156
2.454 -3.01149
2.457 -3.01143
2.46 -3.01138
2.463 -3.01134
2.466 -3.01132
2.469 -3.01131
2.472 -3.01131
2.475 -3.01133
2.478 -3.01135
2.481 -3.01139
2.484 -3.01144
2.487 -3.01151
2.49 -3.01158
2.493 -3.01167
2.496 -3.01177
2.499 -3.01188
2.502 -3.012
2.505 -3.01214
2.508 -3.01228
2.511 -3.01244
2.514 -3.01261
2.517 -3.01279
2.52 -3.01299
2.523 -3.01319
2.526 -3.01341
2.529 -3.01363
2.532 -3.01387
2.535 -3.01412
2.538 -3.01438
2.541 -3.01465
2.544 -3.01493
2.547 -3.01522
2.55 -3.01552
2.553 -3.01584
2.556 -3.01616
2.559 -3.01649
2.562 -3.01684
2.565 -3.01719
2.568 -3.01756
2.571 -3.01793
2.574 -3.01832
2.577 -3.01871
2.58 -3.01912
2.583 -3.01953
2.586 -3.01996
2.589 -3.02039
2.592 -3.02084
2.595 -3.02129
2.598 -3.02175
2.601 -3.02222
2.604 -3.0227
2.607 -3.02319
2.61 -3.02369
2.613 -3.0242
2.616 -3.02472
2.619 -3.02524
2.622 -3.02577
2.625 -3.02632
2.628 -3.02687
2.631 -3.02743
2.634 -3.028
2.637 -3.02857
2.64 -3.02915
2.643 -3.02975
2.646 -3.03035
2.649 -3.03095
2.652 -3.03157
2.655 -3.03219
2.658 -3.03282
2.661 -3.03346
2.664 -3.03411
2.667 -3.03476
2.67 -3.03542
2.673 -3.03609
2.676 -3.03676
2.679 -3.03744
2.682 -3.03813
2.685 -3.03882
2.688 -3.03952
2.691 -3.04023
2.694 -3.04095
2.697 -3.04167
2.7 -3.04239
2.703 -3.04313
2.706 -3.04387
2.709 -3.04461
2.712 -3.04536
2.715 -3.04612
2.718 -3.04688
2.721 -3.04765
2.724 -3.04842
2.727 -3.0492
2.73 -3.04999
2.733 -3.05078
2.736 -3.05157
2.739 -3.05237
2.742 -3.05318
2.745 -3.05399
2.748 -3.0548
2.751 -3.05562
2.754 -3.05645
2.757 -3.05728
2.76 -3.05811
2.763 -3.05895
2.766 -3.05979
2.769 -3.06064
2.772 -3.06149
2.775 -3.06235
2.778 -3.06321
2.781 -3.06407
2.784 -3.06494
2.787 -3.06581
2.79 -3.06668
2.793 -3.06756
2.796 -3.06844
2.799 -3.06933
2.802 -3.07022
2.805 -3.07111
2.808 -3.07201
2.811 -3.0729
2.814 -3.07381
2.817 -3.07471
2.82 -3.07562
2.823 -3.07653
2.826 -3.07744
2.829 -3.07836
2.832 -3.07928
2.835 -3.0802
2.838 -3.08112
2.841 -3.08205
2.844 -3.08298
2.847 -3.08391
2.85 -3.08484
2.853 -3.08578
2.856 -3.08671
2.859 -3.08765
2.862 -3.08859
2.865 -3.08954
2.868 -3.09048
2.871 -3.09143
2.874 -3.09238
2.877 -3.09333
2.88 -3.09428
2.883 -3.09523
2.886 -3.09619
2.889 -3.09714
2.892 -3.0981
2.895 -3.09906
2.898 -3.10002
2.901 -3.10098
2.904 -3.10194
2.907 -3.10291
2.91 -3.10387
2.913 -3.10484
2.916 -3.1058
2.919 -3.10677
2.922 -3.10774
2.925 -3.10871
2.928 -3.10967
2.931 -3.11064
2.934 -3.11161
2.937 -3.11258
2.94 -3.11355
2.943 -3.11453
2.946 -3.1155
2.949 -3.11647
2.952 -3.11744
2.955 -3.11841
2.958 -3.11939
2.961 -3.12036
2.964 -3.12133
2.967 -3.1223
2.97 -3.12328
2.973 -3.12425
2.976 -3.12522
2.979 -3.12619
2.982 -3.12717
2.985 -3.12814
2.988 -3.12911
2.991 -3.13008
2.994 -3.13105
2.997 -3.13202
3 -3.13299
3.001 -10
