0 5
0.003 3.7553
0.006 3.75494
0.009 3.75457
0.012 3.7542
0.015 3.75382
0.018 3.75344
0.021 3.75306
0.024 3.75268
0.027 3.75229
0.03 3.7519
0.033 3.7515
0.036 3.75111
0.039 3.75071
0.042 3.7503
0.045 3.74989
0.048 3.74948
0.051 3.74907
0.054 3.74865
0.057 3.74823
0.06 3.74781
0.063 3.74738
0.066 3.74695
0.069 3.74651
0.072 3.74608
0.075 3.74564
0.078 3.74519
0.081 3.74474
0.084 3.74429
0.087 3.74384
0.09 3.74338
0.093 3.74292
0.096 3.74245
0.099 3.74198
0.102 3.74151
0.105 3.74103
0.108 3.74055
0.111 3.74007
0.114 3.73958
0.117 3.73909
0.12 3.73859
0.123 3.7381
0.126 3.73759
0.129 3.73709
0.132 3.73658
0.135 3.73607
0.138 3.73555
0.141 3.73503
0.144 3.7345
0.147 3.73397
0.15 3.73344
0.153 3.73291
0.156 3.73237
0.159 3.73182
0.162 3.73128
0.165 3.73073
0.168 3.73017
0.171 3.72961
0.174 3.72905
0.177 3.72848
0.18 3.72791
0.183 3.72734
0.186 3.72676
0.189 3.72618
0.192 3.72559
0.195 3.725
0.198 3.72441
0.201 3.72381
0.204 3.72321
0.207 3.7226
0.21 3.72199
0.213 3.72138
0.216 3.72076
0.219 3.72013
0.222 3.71951
0.225 3.71888
0.228 3.71824
0.231 3.71761
0.234 3.71696
0.237 3.71632
0.24 3.71567
0.243 3.71501
0.246 3.71435
0.249 3.71369
0.252 3.71302
0.255 3.71235
0.258 3.71167
0.261 3.71099
0.264 3.71031
0.267 3.70962
0.27 3.70893
0.273 3.70823
0.276 3.70753
0.279 3.70683
0.282 3.70612
0.285 3.70541
0.288 3.70469
0.291 3.70397
0.294 3.70324
0.297 3.70251
0.3 3.70178
0.303 3.70104
0.306 3.70029
0.309 3.69955
0.312 3.6988
0.315 3.69804
0.318 3.69728
0.321 3.69652
0.324 3.69575
0.327 3.69498
0.33 3.6942
0.333 3.69342
0.336 3.69263
0.339 3.69184
0.342 3.69105
0.345 3.69025
0.348 3.68945
0.351 3.68864
0.354 3.68783
0.357 3.68702
0.36 3.6862
0.363 3.68537
0.366 3.68455
0.369 3.68371
0.372 3.68288
0.375 3.68204
0.378 3.68119
0.381 3.68034
0.384 3.67949
0.387 3.67863
0.39 3.67777
0.393 3.6769
0.396 3.67603
0.399 3.67516
0.402 3.67428
0.405 3.6734
0.408 3.67251
0.411 3.67162
0.414 3.67072
0.417 3.66982
0.42 3.66892
0.423 3.66801
0.426 3.6671
0.429 3.66618
0.432 3.66526
0.435 3.66434
0.438 3.66341
0.441 3.66248
0.444 3.66154
0.447 3.6606
0.45 3.65965
0.453 3.6587
0.456 3.65775
0.459 3.65679
0.462 3.65583
0.465 3.65486
0.468 3.65389
0.471 3.65292
0.474 3.65194
0.477 3.65096
0.48 3.64997
0.483 3.64898
0.486 3.64799
0.489 3.64699
0.492 3.64599
0.495 3.64499
0.498 3.64398
0.501 3.64296
0.504 3.64195
0.507 3.64092
0.51 3.6399
0.513 3.63887
0.516 3.63784
0.519 3.6368
0.522 3.63576
0.525 3.63472
0.528 3.63367
0.531 3.63262
0.534 3.63156
0.537 3.6305
0.54 3.62944
0.543 3.62837
0.546 3.6273
0.549 3.62623
0.552 3.62515
0.555 3.62407
0.558 3.62298
0.561 3.6219
0.564 3.6208
0.567 3.61971
0.57 3.61861
0.573 3.61751
0.576 3.6164
0.579 3.61529
0.582 3.61418
0.585 3.61306
0.588 3.61194
0.591 3.61082
0.594 3.60969
0.597 3.60856
0.6 3.60743
0.603 3.60629
0.606 3.60515
0.609 3.60401
0.612 3.60286
0.615 3.60171
0.618 3.60056
0.621 3.5994
0.624 3.59825
0.627 3.59708
0.63 3.59592
0.633 3.59475
0.636 3.59358
0.639 3.5924
0.642 3.59123
0.645 3.59004
0.648 3.58886
0.651 3.58767
0.654 3.58649
0.657 3.58529
0.66 3.5841
0.663 3.5829
0.666 3.5817
0.669 3.58049
0.672 3.57929
0.675 3.57808
0.678 3.57687
0.681 3.57565
0.684 3.57443
0.687 3.57321
0.69 3.57199
0.693 3.57077
0.696 3.56954
0.699 3.56831
0.702 3.56707
0.705 3.56584
0.708 3.5646
0.711 3.56336
0.714 3.56212
0.717 3.56087
0.72 3.55962
0.723 3.55837
0.726 3.55712
0.729 3.55587
0.732 3.55461
0.735 3.55335
0.738 3.55209
0.741 3.55082
0.744 3.54956
0.747 3.54829
0.75 3.54702
0.753 3.54575
0.756 3.54447
0.759 3.5432
0.762 3.54192
0.765 3.54064
0.768 3.53935
0.771 3.53807
0.774 3.53678
0.777 3.5355
0.78 3.5342
0.783 3.53291
0.786 3.53162
0.789 3.53032
0.792 3.52903
0.795 3.52773
0.798 3.52643
0.801 3.52512
0.804 3.52382
0.807 3.52251
0.81 3.52121
0.813 3.5199
0.816 3.51859
0.819 3.51728
0.822 3.51596
0.825 3.51465
0.828 3.51333
0.831 3.51201
0.834 3.5107
0.837 3.50938
0.84 3.50805
0.843 3.50673
0.846 3.50541
0.849 3.50408
0.852 3.50276
0.855 3.50143
0.858 3.5001
0.861 3.49877
0.864 3.49744
0.867 3.49611
0.87 3.49478
0.873 3.49345
0.876 3.49211
0.879 3.49078
0.882 3.48944
0.885 3.48811
0.888 3.48677
0.891 3.48543
0.894 3.48409
0.897 3.48275
0.9 3.48141
0.903 3.48007
0.906 3.47873
0.909 3.47739
0.912 3.47605
0.915 3.47471
0.918 3.47336
0.921 3.47202
0.924 3.47068
0.927 3.46934
0.93 3.46799
0.933 3.46665
0.936 3.4653
0.939 3.46396
0.942 3.46262
0.945 3.46127
0.948 3.45993
0.951 3.45858
0.954 3.45724
0.957 3.4559
0.96 3.45455
0.963 3.45321
0.966 3.45187
0.969 3.45052
0.972 3.44918
0.975 3.44784
0.978 3.4465
0.981 3.44515
0.984 3.44381
0.987 3.44247
0.99 3.44113
0.993 3.43979
0.996 3.43845
0.999 3.43712
1.002 3.43578
1.005 3.43444
1.008 3.43311
1.011 3.43177
1.014 3.43044
1.017 3.4291
1.02 3.42777
1.023 3.42644
1.026 3.42511
1.029 3.42378
1.032 3.42245
1.035 3.42112
1.038 3.4198
1.041 3.41847
1.044 3.41715
1.047 3.41583
1.05 3.4145
1.053 3.41318
1.056 3.41187
1.059 3.41055
1.062 3.40923
1.065 3.40792
1.068 3.40661
1.071 3.40529
1.074 3.40398
1.077 3.40268
1.08 3.40137
1.083 3.40006
1.086 3.39876
1.089 3.39746
1.092 3.39616
1.095 3.39486
1.098 3.39356
1.101 3.39227
1.104 3.39098
1.107 3.38969
1.11 3.3884
1.113 3.38711
1.116 3.38582
1.119 3.38454
1.122 3.38326
1.125 3.38198
1.128 3.3807
1.131 3.37943
1.134 3.37815
1.137 3.37688
1.14 3.37561
1.143 3.37435
1.146 3.37308
1.149 3.37182
1.152 3.37056
1.155 3.3693
1.158 3.36804
1.161 3.36679
1.164 3.36554
1.167 3.36429
1.17 3.36304
1.173 3.36179
1.176 3.36055
1.179 3.35931
1.182 3.35807
1.185 3.35683
1.188 3.3556
1.191 3.35437
1.194 3.35314
1.197 3.35191
1.2 3.35068
1.203 3.34946
1.206 3.34824
1.209 3.34702
1.212 3.3458
1.215 3.34459
1.218 3.34338
1.221 3.34217
1.224 3.34096
1.227 3.33975
1.23 3.33855
1.233 3.33735
1.236 3.33615
1.239 3.33495
1.242 3.33376
1.245 3.33257
1.248 3.33138
1.251 3.33019
1.254 3.329
1.257 3.32782
1.26 3.32664
1.263 3.32546
1.266 3.32428
1.269 3.3231
1.272 3.32193
1.275 3.32076
1.278 3.31959
1.281 3.31842
1.284 3.31725
1.287 3.31609
1.29 3.31493
1.293 3.31376
1.296 3.31261
1.299 3.31145
1.302 3.31029
1.305 3.30914
1.308 3.30799
1.311 3.30684
1.314 3.30569
1.317 3.30454
1.32 3.30339
1.323 3.30225
1.326 3.30111
1.329 3.29996
1.332 3.29882
1.335 3.29768
1.338 3.29655
1.341 3.29541
1.344 3.29427
1.347 3.29314
1.35 3.29201
1.353 3.29087
1.356 3.28974
1.359 3.28861
1.362 3.28748
1.365 3.28635
1.368 3.28522
1.371 3.2841
1.374 3.28297
1.377 3.28185
1.38 3.28072
1.383 3.27959
1.386 3.27847
1.389 3.27735
1.392 3.27622
1.395 3.2751
1.398 3.27398
1.401 3.27285
1.404 3.27173
1.407 3.27061
1.41 3.26949
1.413 3.26836
1.416 3.26724
1.419 3.26612
1.422 3.26499
1.425 3.26387
1.428 3.26275
1.431 3.26162
1.434 3.2605
1.437 3.25937
1.44 3.25824
1.443 3.25712
1.446 3.25599
1.449 3.25486
1.452 3.25373
1.455 3.2526
1.458 3.25147
1.461 3.25034
1.464 3.2492
1.467 3.24807
1.47 3.24693
1.473 3.24579
1.476 3.24465
1.479 3.24351
1.482 3.24237
1.485 3.24122
1.488 3.24007
1.491 3.23893
1.494 3.23778
1.497 3.23662
1.5 3.23547
1.503 3.23431
1.506 3.23315
1.509 3.23199
1.512 3.23083
1.515 3.22966
1.518 3.22849
1.521 3.22732
1.524 3.22614
1.527 3.22497
1.53 3.22378
1.533 3.2226
1.536 3.22141
1.539 3.22022
1.542 3.21903
1.545 3.21783
1.548 3.21663
1.551 3.21543
1.554 3.21422
1.557 3.21301
1.56 3.2118
1.563 3.21058
1.566 3.20936
1.569 3.20813
1.572 3.2069
1.575 3.20566
1.578 3.20442
1.581 3.20318
1.584 3.20193
1.587 3.20068
1.59 3.19942
1.593 3.19816
1.596 3.19689
1.599 3.19562
1.602 3.19434
1.605 3.19306
1.608 3.19178
1.611 3.19048
1.614 3.18919
1.617 3.18788
1.62 3.18658
1.623 3.18526
1.626 3.18394
1.629 3.18262
1.632 3.18129
1.635 3.17995
1.638 3.17861
1.641 3.17726
1.644 3.1759
1.647 3.17454
1.65 3.17318
1.653 3.1718
1.656 3.17042
1.659 3.16904
1.662 3.16764
1.665 3.16625
1.668 3.16484
1.671 3.16343
1.674 3.16201
1.677 3.16058
1.68 3.15915
1.683 3.15771
1.686 3.15626
1.689 3.15481
1.692 3.15335
1.695 3.15188
1.698 3.1504
1.701 3.14892
1.704 3.14743
1.707 3.14593
1.71 3.14443
1.713 3.14291
1.716 3.14139
1.719 3.13987
1.722 3.13833
1.725 3.13679
1.728 3.13524
1.731 3.13368
1.734 3.13211
1.737 3.13054
1.74 3.12895
1.743 3.12736
1.746 3.12577
1.749 3.12416
1.752 3.12255
1.755 3.12093
1.758 3.1193
1.761 3.11766
1.764 3.11601
1.767 3.11436
1.77 3.1127
1.773 3.11103
1.776 3.10935
1.779 3.10766
1.782 3.10597
1.785 3.10427
1.788 3.10256
1.791 3.10084
1.794 3.09911
1.797 3.09738
1.8 3.09564
1.803 3.09389
1.806 3.09213
1.809 3.09037
1.812 3.08859
1.815 3.08681
1.818 3.08502
1.821 3.08323
1.824 3.08142
1.827 3.07961
1.83 3.07779
1.833 3.07596
1.836 3.07413
1.839 3.07229
1.842 3.07044
1.845 3.06858
1.848 3.06671
1.851 3.06484
1.854 3.06297
1.857 3.06108
1.86 3.05919
1.863 3.05729
1.866 3.05538
1.869 3.05347
1.872 3.05155
1.875 3.04962
1.878 3.04769
1.881 3.04575
1.884 3.04381
1.887 3.04186
1.89 3.0399
1.893 3.03794
1.896 3.03597
1.899 3.03399
1.902 3.03201
1.905 3.03003
1.908 3.02804
1.911 3.02604
1.914 3.02404
1.917 3.02204
1.92 3.02003
1.923 3.01801
1.926 3.01599
1.929 3.01397
1.932 3.01194
1.935 3.00991
1.938 3.00787
1.941 3.00583
1.944 3.00379
1.947 3.00174
1.95 2.99969
1.953 2.99764
1.956 2.99558
1.959 2.99352
1.962 2.99146
1.965 2.9894
1.968 2.98733
1.971 2.98526
1.974 2.98319
1.977 2.98112
1.98 2.97905
1.983 2.97697
1.986 2.9749
1.989 2.97282
1.992 2.97074
1.995 2.96866
1.998 2.96658
2.001 2.96451
2.004 2.96243
2.007 2.96035
2.01 2.95827
2.013 2.95619
2.016 2.95411
2.019 2.95204
2.022 2.94996
2.025 2.94789
2.028 2.94582
2.031 2.94375
2.034 2.94168
2.037 2.93961
2.04 2.93755
2.043 2.93548
2.046 2.93342
2.049 2.93137
2.052 2.92932
2.055 2.92727
2.058 2.92522
2.061 2.92318
2.064 2.92114
2.067 2.9191
2.07 2.91707
2.073 2.91505
2.076 2.91303
2.079 2.91101
2.082 2.909
2.085 2.90699
2.088 2.90499
2.091 2.903
2.094 2.90101
2.097 2.89903
2.1 2.89705
2.103 2.89508
2.106 2.89311
2.109 2.89116
2.112 2.88921
2.115 2.88726
2.118 2.88533
2.121 2.8834
2.124 2.88148
2.127 2.87956
2.13 2.87766
2.133 2.87576
2.136 2.87387
2.139 2.87199
2.142 2.87012
2.145 2.86826
2.148 2.8664
2.151 2.86456
2.154 2.86272
2.157 2.8609
2.16 2.85908
2.163 2.85727
2.166 2.85547
2.169 2.85368
2.172 2.85191
2.175 2.85014
2.178 2.84838
2.181 2.84663
2.184 2.84489
2.187 2.84317
2.19 2.84145
2.193 2.83975
2.196 2.83805
2.199 2.83637
2.202 2.8347
2.205 2.83303
2.208 2.83138
2.211 2.82975
2.214 2.82812
2.217 2.8265
2.22 2.8249
2.223 2.82331
2.226 2.82172
2.229 2.82015
2.232 2.8186
2.235 2.81705
2.238 2.81552
2.241 2.814
2.244 2.81249
2.247 2.81099
2.25 2.8095
2.253 2.80803
2.256 2.80657
2.259 2.80512
2.262 2.80368
2.265 2.80226
2.268 2.80084
2.271 2.79944
2.274 2.79805
2.277 2.79668
2.28 2.79532
2.283 2.79396
2.286 2.79262
2.289 2.7913
2.292 2.78998
2.295 2.78868
2.298 2.78739
2.301 2.78611
2.304 2.78485
2.307 2.78359
2.31 2.78235
2.313 2.78112
2.316 2.77991
2.319 2.7787
2.322 2.77751
2.325 2.77633
2.328 2.77516
2.331 2.774
2.334 2.77286
2.337 2.77173
2.34 2.77061
2.343 2.7695
2.346 2.7684
2.349 2.76731
2.352 2.76624
2.355 2.76518
2.358 2.76413
2.361 2.76309
2.364 2.76206
2.367 2.76104
2.37 2.76004
2.373 2.75904
2.376 2.75806
2.379 2.75709
2.382 2.75612
2.385 2.75517
2.388 2.75424
2.391 2.75331
2.394 2.75239
2.397 2.75148
2.4 2.75059
2.403 2.7497
2.406 2.74882
2.409 2.74796
2.412 2.7471
2.415 2.74626
2.418 2.74542
2.421 2.7446
2.424 2.74379
2.427 2.74298
2.43 2.74219
2.433 2.7414
2.436 2.74062
2.439 2.73986
2.442 2.7391
2.445 2.73835
2.448 2.73762
2.451 2.73689
2.454 2.73617
2.457 2.73546
2.46 2.73476
2.463 2.73406
2.466 2.73338
2.469 2.7327
2.472 2.73204
2.475 2.73138
2.478 2.73073
2.481 2.73009
2.484 2.72946
2.487 2.72883
2.49 2.72821
2.493 2.7276
2.496 2.727
2.499 2.72641
2.502 2.72583
2.505 2.72525
2.508 2.72468
2.511 2.72412
2.514 2.72356
2.517 2.72301
2.52 2.72247
2.523 2.72194
2.526 2.72141
2.529 2.7209
2.532 2.72038
2.535 2.71988
2.538 2.71938
2.541 2.71889
2.544 2.7184
2.547 2.71792
2.55 2.71745
2.553 2.71699
2.556 2.71653
2.559 2.71608
2.562 2.71563
2.565 2.71519
2.568 2.71475
2.571 2.71432
2.574 2.7139
2.577 2.71348
2.58 2.71307
2.583 2.71267
2.586 2.71227
2.589 2.71187
2.592 2.71148
2.595 2.7111
2.598 2.71072
2.601 2.71035
2.604 2.70998
2.607 2.70962
2.61 2.70926
2.613 2.70891
2.616 2.70856
2.619 2.70822
2.622 2.70788
2.625 2.70755
2.628 2.70722
2.631 2.70689
2.634 2.70657
2.637 2.70626
2.64 2.70595
2.643 2.70564
2.646 2.70534
2.649 2.70504
2.652 2.70475
2.655 2.70446
2.658 2.70418
2.661 2.70389
2.664 2.70362
2.667 2.70334
2.67 2.70307
2.673 2.70281
2.676 2.70255
2.679 2.70229
2.682 2.70204
2.685 2.70178
2.688 2.70154
2.691 2.70129
2.694 2.70105
2.697 2.70082
2.7 2.70058
2.703 2.70035
2.706 2.70013
2.709 2.6999
2.712 2.69968
2.715 2.69947
2.718 2.69925
2.721 2.69904
2.724 2.69883
2.727 2.69863
2.73 2.69843
2.733 2.69823
2.736 2.69803
2.739 2.69784
2.742 2.69765
2.745 2.69746
2.748 2.69728
2.751 2.69709
2.754 2.69691
2.757 2.69674
2.76 2.69656
2.763 2.69639
2.766 2.69622
2.769 2.69605
2.772 2.69589
2.775 2.69572
2.778 2.69556
2.781 2.69541
2.784 2.69525
2.787 2.6951
2.79 2.69495
2.793 2.6948
2.796 2.69465
2.799 2.69451
2.802 2.69436
2.805 2.69422
2.808 2.69409
2.811 2.69395
2.814 2.69382
2.817 2.69368
2.82 2.69355
2.823 2.69342
2.826 2.6933
2.829 2.69317
2.832 2.69305
2.835 2.69293
2.838 2.69281
2.841 2.69269
2.844 2.69257
2.847 2.69246
2.85 2.69235
2.853 2.69224
2.856 2.69213
2.859 2.69202
2.862 2.69191
2.865 2.69181
2.868 2.6917
2.871 2.6916
2.874 2.6915
2.877 2.6914
2.88 2.69131
2.883 2.69121
2.886 2.69112
2.889 2.69102
2.892 2.69093
2.895 2.69084
2.898 2.69075
2.901 2.69066
2.904 2.69058
2.907 2.69049
2.91 2.69041
2.913 2.69032
2.916 2.69024
2.919 2.69016
2.922 2.69008
2.925 2.69001
2.928 2.68993
2.931 2.68985
2.934 2.68978
2.937 2.6897
2.94 2.68963
2.943 2.68956
2.946 2.68949
2.949 2.68942
2.952 2.68935
2.955 2.68928
2.958 2.68922
2.961 2.68915
2.964 2.68909
2.967 2.68903
2.97 2.68896
2.973 2.6889
2.976 2.68884
2.979 2.68878
2.982 2.68872
2.985 2.68866
2.988 2.68861
2.991 2.68855
2.994 2.68849
2.997 2.68844
3 2.68839
3.001 5
