0 -10
0.003 -6.29589
0.006 -6.2935
0.009 -6.29109
0.012 -6.28866
0.015 -6.28621
0.018 -6.28374
0.021 -6.28124
0.024 -6.27873
0.027 -6.2762
0.03 -6.27365
0.033 -6.27107
0.036 -6.26848
0.039 -6.26586
0.042 -6.26322
0.045 -6.26056
0.048 -6.25788
0.051 -6.25518
0.054 -6.25245
0.057 -6.2497
0.06 -6.24693
0.063 -6.24414
0.066 -6.24133
0.069 -6.23849
0.072 -6.23564
0.075 -6.23275
0.078 -6.22985
0.081 -6.22692
0.084 -6.22397
0.087 -6.221
0.09 -6.218
0.093 -6.21498
0.096 -6.21194
0.099 -6.20887
0.102 -6.20578
0.105 -6.20267
0.108 -6.19953
0.111 -6.19637
0.114 -6.19318
0.117 -6.18997
0.12 -6.18674
0.123 -6.18348
0.126 -6.18019
0.129 -6.17688
0.132 -6.17355
0.135 -6.17019
0.138 -6.1668
0.141 -6.16339
0.144 -6.15996
0.147 -6.1565
0.15 -6.15301
0.153 -6.1495
0.156 -6.14596
0.159 -6.14239
0.162 -6.1388
0.165 -6.13519
0.168 -6.13154
0.171 -6.12787
0.174 -6.12418
0.177 -6.12045
0.18 -6.11671
0.183 -6.11293
0.186 -6.10913
0.189 -6.10529
0.192 -6.10144
0.195 -6.09755
0.198 -6.09364
0.201 -6.0897
0.204 -6.08573
0.207 -6.08173
0.21 -6.07771
0.213 -6.07366
0.216 -6.06958
0.219 -6.06547
0.222 -6.06133
0.225 -6.05717
0.228 -6.05297
0.231 -6.04875
0.234 -6.0445
0.237 -6.04022
0.24 -6.03591
0.243 -6.03158
0.246 -6.02721
0.249 -6.02281
0.252 -6.01839
0.255 -6.01393
0.258 -6.00945
0.261 -6.00493
0.264 -6.00039
0.267 -5.99581
0.27 -5.99121
0.273 -5.98658
0.276 -5.98191
0.279 -5.97722
0.282 -5.9725
0.285 -5.96774
0.288 -5.96296
0.291 -5.95814
0.294 -5.9533
0.297 -5.94842
0.3 -5.94351
0.303 -5.93858
0.306 -5.93361
0.309 -5.92861
0.312 -5.92358
0.315 -5.91852
0.318 -5.91342
0.321 -5.9083
0.324 -5.90315
0.327 -5.89796
0.33 -5.89274
0.333 -5.88749
0.336 -5.88221
0.339 -5.8769
0.342 -5.87156
0.345 -5.86618
0.348 -5.86078
0.351 -5.85534
0.354 -5.84987
0.357 -5.84437
0.36 -5.83884
0.363 -5.83327
0.366 -5.82768
0.369 -5.82205
0.372 -5.81639
0.375 -5.8107
0.378 -5.80497
0.381 -5.79922
0.384 -5.79343
0.387 -5.78761
0.39 -5.78176
0.393 -5.77588
0.396 -5.76997
0.399 -5.76402
0.402 -5.75804
0.405 -5.75203
0.408 -5.74599
0.411 -5.73992
0.414 -5.73381
0.417 -5.72768
0.42 -5.72151
0.423 -5.71531
0.426 -5.70908
0.429 -5.70281
0.432 -5.69652
0.435 -5.69019
0.438 -5.68384
0.441 -5.67745
0.444 -5.67103
0.447 -5.66458
0.45 -5.6581
0.453 -5.65158
0.456 -5.64504
0.459 -5.63847
0.462 -5.63186
0.465 -5.62523
0.468 -5.61856
0.471 -5.61186
0.474 -5.60514
0.477 -5.59838
0.48 -5.59159
0.483 -5.58477
0.486 -5.57793
0.489 -5.57105
0.492 -5.56414
0.495 -5.55721
0.498 -5.55024
0.501 -5.54325
0.504 -5.53623
0.507 -5.52918
0.51 -5.5221
0.513 -5.51499
0.516 -5.50785
0.519 -5.50069
0.522 -5.4935
0.525 -5.48628
0.528 -5.47903
0.531 -5.47175
0.534 -5.46445
0.537 -5.45712
0.54 -5.44977
0.543 -5.44239
0.546 -5.43498
0.549 -5.42755
0.552 -5.42009
0.555 -5.41261
0.558 -5.4051
0.561 -5.39756
0.564 -5.39
0.567 -5.38242
0.57 -5.37482
0.573 -5.36719
0.576 -5.35953
0.579 -5.35186
0.582 -5.34416
0.585 -5.33644
0.588 -5.32869
0.591 -5.32093
0.594 -5.31314
0.597 -5.30533
0.6 -5.29751
0.603 -5.28966
0.606 -5.28179
0.609 -5.2739
0.612 -5.26599
0.615 -5.25807
0.618 -5.25012
0.621 -5.24216
0.624 -5.23418
0.627 -5.22618
0.63 -5.21817
0.633 -5.21014
0.636 -5.20209
0.639 -5.19403
0.642 -5.18595
0.645 -5.17785
0.648 -5.16975
0.651 -5.16163
0.654 -5.15349
0.657 -5.14534
0.66 -5.13718
0.663 -5.12901
0.666 -5.12083
0.669 -5.11263
0.672 -5.10443
0.675 -5.09621
0.678 -5.08799
0.681 -5.07975
0.684 -5.07151
0.687 -5.06326
0.69 -5.055
0.693 -5.04673
0.696 -5.03846
0.699 -5.03018
0.702 -5.02189
0.705 -5.0136
0.708 -5.00531
0.711 -4.99701
0.714 -4.98871
0.717 -4.9804
0.72 -4.9721
0.723 -4.96379
0.726 -4.95547
0.729 -4.94716
0.732 -4.93885
0.735 -4.93054
0.738 -4.92223
0.741 -4.91392
0.744 -4.90561
0.747 -4.89731
0.75 -4.889
0.753 -4.8807
0.756 -4.87241
0.759 -4.86412
0.762 -4.85583
0.765 -4.84756
0.768 -4.83928
0.771 -4.83102
0.774 -4.82276
0.777 -4.81451
0.78 -4.80627
0.783 -4.79803
0.786 -4.78981
0.789 -4.7816
0.792 -4.7734
0.795 -4.7652
0.798 -4.75703
0.801 -4.74886
0.804 -4.7407
0.807 -4.73256
0.81 -4.72444
0.813 -4.71633
0.816 -4.70823
0.819 -4.70015
0.822 -4.69208
0.825 -4.68403
0.828 -4.676
0.831 -4.66799
0.834 -4.65999
0.837 -4.65201
0.84 -4.64405
0.843 -4.63612
0.846 -4.6282
0.849 -4.6203
0.852 -4.61242
0.855 -4.60457
0.858 -4.59673
0.861 -4.58892
0.864 -4.58113
0.867 -4.57337
0.87 -4.56562
0.873 -4.55791
0.876 -4.55021
0.879 -4.54255
0.882 -4.5349
0.885 -4.52729
0.888 -4.5197
0.891 -4.51213
0.894 -4.50459
0.897 -4.49708
0.9 -4.4896
0.903 -4.48215
0.906 -4.47472
0.909 -4.46733
0.912 -4.45996
0.915 -4.45262
0.918 -4.44531
0.921 -4.43804
0.924 -4.43079
0.927 -4.42357
0.93 -4.41639
0.933 -4.40923
0.936 -4.40211
0.939 -4.39502
0.942 -4.38796
0.945 -4.38094
0.948 -4.37394
0.951 -4.36698
0.954 -4.36005
0.957 -4.35316
0.96 -4.3463
0.963 -4.33947
0.966 -4.33268
0.969 -4.32592
0.972 -4.3192
0.975 -4.31251
0.978 -4.30586
0.981 -4.29924
0.984 -4.29265
0.987 -4.2861
0.99 -4.27959
0.993 -4.27311
0.996 -4.26666
0.999 -4.26026
1.002 -4.25389
1.005 -4.24755
1.008 -4.24125
1.011 -4.23499
1.014 -4.22876
1.017 -4.22257
1.02 -4.21641
1.023 -4.21029
1.026 -4.20421
1.029 -4.19816
1.032 -4.19215
1.035 -4.18618
1.038 -4.18024
1.041 -4.17434
1.044 -4.16848
1.047 -4.16265
1.05 -4.15686
1.053 -4.15111
1.056 -4.14539
1.059 -4.13971
1.062 -4.13406
1.065 -4.12845
1.068 -4.12288
1.071 -4.11734
1.074 -4.11184
1.077 -4.10638
1.08 -4.10095
1.083 -4.09556
1.086 -4.0902
1.089 -4.08488
1.092 -4.0796
1.095 -4.07435
1.098 -4.06914
1.101 -4.06396
1.104 -4.05882
1.107 -4.05371
1.11 -4.04864
1.113 -4.0436
1.116 -4.0386
1.119 -4.03363
1.122 -4.02869
1.125 -4.0238
1.128 -4.01893
1.131 -4.0141
1.134 -4.0093
1.137 -4.00454
1.14 -3.99981
1.143 -3.99512
1.146 -3.99045
1.149 -3.98582
1.152 -3.98123
1.155 -3.97667
1.158 -3.97213
1.161 -3.96764
1.164 -3.96317
1.167 -3.95873
1.17 -3.95433
1.173 -3.94996
1.176 -3.94562
1.179 -3.94131
1.182 -3.93704
1.185 -3.93279
1.188 -3.92857
1.191 -3.92439
1.194 -3.92023
1.197 -3.91611
1.2 -3.91201
1.203 -3.90795
1.206 -3.90391
1.209 -3.8999
1.212 -3.89592
1.215 -3.89197
1.218 -3.88805
1.221 -3.88416
1.224 -3.88029
1.227 -3.87645
1.23 -3.87264
1.233 -3.86886
1.236 -3.8651
1.239 -3.86137
1.242 -3.85767
1.245 -3.85399
1.248 -3.85034
1.251 -3.84672
1.254 -3.84312
1.257 -3.83954
1.26 -3.83599
1.263 -3.83247
1.266 -3.82897
1.269 -3.82549
1.272 -3.82204
1.275 -3.81861
1.278 -3.81521
1.281 -3.81183
1.284 -3.80847
1.287 -3.80513
1.29 -3.80182
1.293 -3.79853
1.296 -3.79526
1.299 -3.79201
1.302 -3.78879
1.305 -3.78558
1.308 -3.7824
1.311 -3.77924
1.314 -3.77609
1.317 -3.77297
1.32 -3.76987
1.323 -3.76679
1.326 -3.76372
1.329 -3.76068
1.332 -3.75766
1.335 -3.75465
1.338 -3.75166
1.341 -3.74869
1.344 -3.74574
1.347 -3.74281
1.35 -3.73989
1.353 -3.73699
1.356 -3.73411
1.359 -3.73125
1.362 -3.7284
1.365 -3.72556
1.368 -3.72275
1.371 -3.71995
1.374 -3.71716
1.377 -3.71439
1.38 -3.71164
1.383 -3.70889
1.386 -3.70617
1.389 -3.70346
1.392 -3.70076
1.395 -3.69807
1.398 -3.6954
1.401 -3.69275
1.404 -3.6901
1.407 -3.68747
1.41 -3.68485
1.413 -3.68224
1.416 -3.67965
1.419 -3.67707
1.422 -3.6745
1.425 -3.67194
1.428 -3.66939
1.431 -3.66685
1.434 -3.66432
1.437 -3.6618
1.44 -3.6593
1.443 -3.6568
1.446 -3.65432
1.449 -3.65184
1.452 -3.64937
1.455 -3.64691
1.458 -3.64446
1.461 -3.64202
1.464 -3.63959
1.467 -3.63716
1.47 -3.63475
1.473 -3.63234
1.476 -3.62994
1.479 -3.62754
1.482 -3.62516
1.485 -3.62278
1.488 -3.62041
1.491 -3.61804
1.494 -3.61568
1.497 -3.61333
1.5 -3.61098
1.503 -3.60864
1.506 -3.6063
1.509 -3.60397
1.512 -3.60165
1.515 -3.59933
1.518 -3.59701
1.521 -3.5947
1.524 -3.59239
1.527 -3.59009
1.53 -3.58779
1.533 -3.5855
1.536 -3.58321
1.539 -3.58092
1.542 -3.57864
1.545 -3.57636
1.548 -3.57408
1.551 -3.57181
1.554 -3.56954
1.557 -3.56727
1.56 -3.56501
1.563 -3.56274
1.566 -3.56048
1.569 -3.55822
1.572 -3.55596
1.575 -3.55371
1.578 -3.55145
1.581 -3.5492
1.584 -3.54695
1.587 -3.5447
1.59 -3.54245
1.593 -3.5402
1.596 -3.53796
1.599 -3.53571
1.602 -3.53346
1.605 -3.53122
1.608 -3.52897
1.611 -3.52673
1.614 -3.52448
1.617 -3.52224
1.62 -3.51999
1.623 -3.51775
1.626 -3.5155
1.629 -3.51326
1.632 -3.51101
1.635 -3.50876
1.638 -3.50652
1.641 -3.50427
1.644 -3.50202
1.647 -3.49977
1.65 -3.49752
1.653 -3.49527
1.656 -3.49301
1.659 -3.49076
1.662 -3.48851
1.665 -3.48625
1.668 -3.48399
1.671 -3.48173
1.674 -3.47947
1.677 -3.47721
1.68 -3.47495
1.683 -3.47268
1.686 -3.47042
1.689 -3.46815
1.692 -3.46588
1.695 -3.46361
1.698 -3.46134
1.701 -3.45907
1.704 -3.45679
1.707 -3.45451
1.71 -3.45224
1.713 -3.44996
1.716 -3.44767
1.719 -3.44539
1.722 -3.44311
1.725 -3.44082
1.728 -3.43853
1.731 -3.43624
1.734 -3.43395
1.737 -3.43166
1.74 -3.42937
1.743 -3.42707
1.746 -3.42477
1.749 -3.42248
1.752 -3.42018
1.755 -3.41788
1.758 -3.41557
1.761 -3.41327
1.764 -3.41097
1.767 -3.40866
1.77 -3.40636
1.773 -3.40405
1.776 -3.40174
1.779 -3.39943
1.782 -3.39713
1.785 -3.39482
1.788 -3.39251
1.791 -3.3902
1.794 -3.38789
1.797 -3.38557
1.8 -3.38326
1.803 -3.38095
1.806 -3.37864
1.809 -3.37633
1.812 -3.37402
1.815 -3.37171
1.818 -3.3694
1.821 -3.36709
1.824 -3.36478
1.827 -3.36247
1.83 -3.36016
1.833 -3.35785
1.836 -3.35555
1.839 -3.35324
1.842 -3.35094
1.845 -3.34864
1.848 -3.34634
1.851 -3.34404
1.854 -3.34174
1.857 -3.33945
1.86 -3.33715
1.863 -3.33486
1.866 -3.33257
1.869 -3.33029
1.872 -3.328
1.875 -3.32572
1.878 -3.32344
1.881 -3.32117
1.884 -3.31889
1.887 -3.31662
1.89 -3.31436
1.893 -3.31209
1.896 -3.30983
1.899 -3.30758
1.902 -3.30532
1.905 -3.30307
1.908 -3.30083
1.911 -3.29859
1.914 -3.29635
1.917 -3.29412
1.92 -3.29189
1.923 -3.28967
1.926 -3.28745
1.929 -3.28524
1.932 -3.28303
1.935 -3.28083
1.938 -3.27863
1.941 -3.27644
1.944 -3.27425
1.947 -3.27207
1.95 -3.2699
1.953 -3.26773
1.956 -3.26557
1.959 -3.26341
1.962 -3.26126
1.965 -3.25912
1.968 -3.25698
1.971 -3.25485
1.974 -3.25272
1.977 -3.25061
1.98 -3.2485
1.983 -3.24639
1.986 -3.2443
1.989 -3.24221
1.992 -3.24013
1.995 -3.23806
1.998 -3.23599
2.001 -3.23394
2.004 -3.23189
2.007 -3.22985
2.01 -3.22782
2.013 -3.22579
2.016 -3.22378
2.019 -3.22177
2.022 -3.21977
2.025 -3.21778
2.028 -3.2158
2.031 -3.21383
2.034 -3.21187
2.037 -3.20992
2.04 -3.20797
2.043 -3.20604
2.046 -3.20412
2.049 -3.2022
2.052 -3.2003
2.055 -3.1984
2.058 -3.19652
2.061 -3.19464
2.064 -3.19278
2.067 -3.19093
2.07 -3.18908
2.073 -3.18725
2.076 -3.18543
2.079 -3.18362
2.082 -3.18182
2.085 -3.18003
2.088 -3.17826
2.091 -3.17649
2.094 -3.17474
2.097 -3.17299
2.1 -3.17126
2.103 -3.16954
2.106 -3.16783
2.109 -3.16614
2.112 -3.16445
2.115 -3.16278
2.118 -3.16112
2.121 -3.15948
2.124 -3.15784
2.127 -3.15622
2.13 -3.15461
2.133 -3.15301
2.136 -3.15143
2.139 -3.14985
2.142 -3.14829
2.145 -3.14675
2.148 -3.14522
2.151 -3.1437
2.154 -3.14219
2.157 -3.1407
2.16 -3.13922
2.163 -3.13775
2.166 -3.1363
2.169 -3.13486
2.172 -3.13343
2.175 -3.13202
2.178 -3.13062
2.181 -3.12924
2.184 -3.12787
2.187 -3.12651
2.19 -3.12517
2.193 -3.12384
2.196 -3.12253
2.199 -3.12123
2.202 -3.11994
2.205 -3.11867
2.208 -3.11742
2.211 -3.11617
2.214 -3.11495
2.217 -3.11373
2.22 -3.11253
2.223 -3.11135
2.226 -3.11018
2.229 -3.10902
2.232 -3.10788
2.235 -3.10675
2.238 -3.10564
2.241 -3.10455
2.244 -3.10346
2.247 -3.10239
2.25 -3.10134
2.253 -3.1003
2.256 -3.09928
2.259 -3.09827
2.262 -3.09727
2.265 -3.09629
2.268 -3.09533
2.271 -3.09437
2.274 -3.09344
2.277 -3.09251
2.28 -3.09161
2.283 -3.09071
2.286 -3.08983
2.289 -3.08897
2.292 -3.08812
2.295 -3.08728
2.298 -3.08646
2.301 -3.08565
2.304 -3.08486
2.307 -3.08408
2.31 -3.08331
2.313 -3.08256
2.316 -3.08182
2.319 -3.0811
2.322 -3.08039
2.325 -3.07969
2.328 -3.07901
2.331 -3.07834
2.334 -3.07769
2.337 -3.07705
2.34 -3.07642
2.343 -3.0758
2.346 -3.0752
2.349 -3.07461
2.352 -3.07403
2.355 -3.07347
2.358 -3.07292
2.361 -3.07238
2.364 -3.07186
2.367 -3.07135
2.37 -3.07085
2.373 -3.07036
2.376 -3.06989
2.379 -3.06942
2.382 -3.06897
2.385 -3.06853
2.388 -3.06811
2.391 -3.06769
2.394 -3.06729
2.397 -3.0669
2.4 -3.06652
2.403 -3.06615
2.406 -3.06579
2.409 -3.06544
2.412 -3.06511
2.415 -3.06478
2.418 -3.06447
2.421 -3.06417
2.424 -3.06387
2.427 -3.06359
2.43 -3.06332
2.433 -3.06306
2.436 -3.06281
2.439 -3.06257
2.442 -3.06233
2.445 -3.06211
2.448 -3.0619
2.451 -3.0617
2.454 -3.0615
2.457 -3.06132
2.46 -3.06115
2.463 -3.06098
2.466 -3.06082
2.469 -3.06068
2.472 -3.06054
2.475 -3.06041
2.478 -3.06028
2.481 -3.06017
2.484 -3.06006
2.487 -3.05997
2.49 -3.05988
2.493 -3.05979
2.496 -3.05972
2.499 -3.05965
2.502 -3.0596
2.505 -3.05954
2.508 -3.0595
2.511 -3.05946
2.514 -3.05943
2.517 -3.05941
2.52 -3.05939
2.523 -3.05939
2.526 -3.05938
2.529 -3.05939
2.532 -3.0594
2.535 -3.05941
2.538 -3.05944
2.541 -3.05947
2.544 -3.0595
2.547 -3.05954
2.55 -3.05959
2.553 -3.05964
2.556 -3.0597
2.559 -3.05976
2.562 -3.05983
2.565 -3.05991
2.568 -3.05999
2.571 -3.06007
2.574 -3.06016
2.577 -3.06026
2.58 -3.06036
2.583 -3.06046
2.586 -3.06057
2.589 -3.06068
2.592 -3.0608
2.595 -3.06092
2.598 -3.06105
2.601 -3.06118
2.604 -3.06132
2.607 -3.06146
2.61 -3.0616
2.613 -3.06175
2.616 -3.0619
2.619 -3.06205
2.622 -3.06221
2.625 -3.06237
2.628 -3.06253
2.631 -3.0627
2.634 -3.06287
2.637 -3.06305
2.64 -3.06323
2.643 -3.06341
2.646 -3.06359
2.649 -3.06378
2.652 -3.06397
2.655 -3.06416
2.658 -3.06436
2.661 -3.06456
2.664 -3.06476
2.667 -3.06496
2.67 -3.06517
2.673 -3.06537
2.676 -3.06558
2.679 -3.0658
2.682 -3.06601
2.685 -3.06623
2.688 -3.06645
2.691 -3.06667
2.694 -3.06689
2.697 -3.06712
2.7 -3.06735
2.703 -3.06758
2.706 -3.06781
2.709 -3.06804
2.712 -3.06827
2.715 -3.06851
2.718 -3.06875
2.721 -3.06898
2.724 -3.06922
2.727 -3.06947
2.73 -3.06971
2.733 -3.06995
2.736 -3.0702
2.739 -3.07045
2.742 -3.07069
2.745 -3.07094
2.748 -3.07119
2.751 -3.07144
2.754 -3.0717
2.757 -3.07195
2.76 -3.0722
2.763 -3.07246
2.766 -3.07272
2.769 -3.07297
2.772 -3.07323
2.775 -3.07349
2.778 -3.07375
2.781 -3.07401
2.784 -3.07427
2.787 -3.07453
2.79 -3.07479
2.793 -3.07505
2.796 -3.07531
2.799 -3.07558
2.802 -3.07584
2.805 -3.0761
2.808 -3.07637
2.811 -3.07663
2.814 -3.0769
2.817 -3.07716
2.82 -3.07743
2.823 -3.07769
2.826 -3.07796
2.829 -3.07822
2.832 -3.07849
2.835 -3.07876
2.838 -3.07902
2.841 -3.07929
2.844 -3.07956
2.847 -3.07982
2.85 -3.08009
2.853 -3.08036
2.856 -3.08062
2.859 -3.08089
2.862 -3.08116
2.865 -3.08142
2.868 -3.08169
2.871 -3.08195
2.874 -3.08222
2.877 -3.08249
2.88 -3.08275
2.883 -3.08302
2.886 -3.08328
2.889 -3.08355
2.892 -3.08381
2.895 -3.08408
2.898 -3.08434
2.901 -3.08461
2.904 -3.08487
2.907 -3.08513
2.91 -3.08539
2.913 -3.08566
2.916 -3.08592
2.919 -3.08618
2.922 -3.08644
2.925 -3.0867
2.928 -3.08696
2.931 -3.08722
2.934 -3.08748
2.937 -3.08774
2.94 -3.088
2.943 -3.08826
2.946 -3.08852
2.949 -3.08878
2.952 -3.08903
2.955 -3.08929
2.958 -3.08954
2.961 -3.0898
2.964 -3.09005
2.967 -3.09031
2.97 -3.09056
2.973 -3.09082
2.976 -3.09107
2.979 -3.09132
2.982 -3.09157
2.985 -3.09182
2.988 -3.09207
2.991 -3.09232
2.994 -3.09257
2.997 -3.09282
3 -3.09307
3.001 -10
