0 0
0.003 0.322631
0.006 0.323581
0.009 0.324539
0.012 0.325506
0.015 0.326481
0.018 0.327464
0.021 0.328456
0.024 0.329456
0.027 0.330465
0.03 0.331482
0.033 0.332508
0.036 0.333542
0.039 0.334585
0.042 0.335638
0.045 0.336698
0.048 0.337768
0.051 0.338847
0.054 0.339935
0.057 0.341032
0.06 0.342138
0.063 0.343253
0.066 0.344378
0.069 0.345512
0.072 0.346655
0.075 0.347808
0.078 0.34897
0.081 0.350142
0.084 0.351324
0.087 0.352515
0.09 0.353716
0.093 0.354927
0.096 0.356148
0.099 0.357379
0.102 0.35862
0.105 0.359871
0.108 0.361132
0.111 0.362403
0.114 0.363685
0.117 0.364977
0.12 0.36628
0.123 0.367593
0.126 0.368916
0.129 0.37025
0.132 0.371595
0.135 0.372951
0.138 0.374318
0.141 0.375695
0.144 0.377084
0.147 0.378483
0.15 0.379894
0.153 0.381316
0.156 0.382749
0.159 0.384193
0.162 0.385649
0.165 0.387116
0.168 0.388595
0.171 0.390086
0.174 0.391588
0.177 0.393102
0.18 0.394628
0.183 0.396165
0.186 0.397715
0.189 0.399277
0.192 0.40085
0.195 0.402436
0.198 0.404035
0.201 0.405645
0.204 0.407268
0.207 0.408904
0.21 0.410552
0.213 0.412213
0.216 0.413886
0.219 0.415572
0.222 0.417271
0.225 0.418983
0.228 0.420708
0.231 0.422446
0.234 0.424197
0.237 0.425962
0.24 0.42774
0.243 0.429531
0.246 0.431335
0.249 0.433153
0.252 0.434985
0.255 0.43683
0.258 0.43869
0.261 0.440563
0.264 0.442449
0.267 0.44435
0.27 0.446265
0.273 0.448194
0.276 0.450137
0.279 0.452095
0.282 0.454067
0.285 0.456053
0.288 0.458054
0.291 0.460069
0.294 0.462099
0.297 0.464144
0.3 0.466204
0.303 0.468278
0.306 0.470367
0.309 0.472472
0.312 0.474591
0.315 0.476726
0.318 0.478876
0.321 0.481041
0.324 0.483222
0.327 0.485418
0.33 0.48763
0.333 0.489857
0.336 0.4921
0.339 0.494358
0.342 0.496633
0.345 0.498923
0.348 0.50123
0.351 0.503552
0.354 0.50589
0.357 0.508245
0.36 0.510616
0.363 0.513003
0.366 0.515407
0.369 0.517827
0.372 0.520263
0.375 0.522716
0.378 0.525186
0.381 0.527673
0.384 0.530176
0.387 0.532696
0.39 0.535233
0.393 0.537787
0.396 0.540358
0.399 0.542946
0.402 0.545551
0.405 0.548174
0.408 0.550813
0.411 0.55347
0.414 0.556145
0.417 0.558837
0.42 0.561546
0.423 0.564273
0.426 0.567018
0.429 0.56978
0.432 0.57256
0.435 0.575357
0.438 0.578173
0.441 0.581006
0.444 0.583857
0.447 0.586727
0.45 0.589614
0.453 0.592519
0.456 0.595442
0.459 0.598384
0.462 0.601344
0.465 0.604321
0.468 0.607318
0.471 0.610332
0.474 0.613365
0.477 0.616416
0.48 0.619485
0.483 0.622573
0.486 0.62568
0.489 0.628805
0.492 0.631948
0.495 0.63511
0.498 0.63829
0.501 0.64149
0.504 0.644707
0.507 0.647944
0.51 0.651198
0.513 0.654472
0.516 0.657764
0.519 0.661075
0.522 0.664405
0.525 0.667753
0.528 0.67112
0.531 0.674506
0.534 0.67791
0.537 0.681334
0.54 0.684776
0.543 0.688236
0.546 0.691715
0.549 0.695213
0.552 0.69873
0.555 0.702265
0.558 0.705819
0.561 0.709392
0.564 0.712983
0.567 0.716593
0.57 0.720221
0.573 0.723868
0.576 0.727534
0.579 0.731218
0.582 0.73492
0.585 0.738641
0.588 0.74238
0.591 0.746138
0.594 0.749914
0.597 0.753708
0.6 0.75752
0.603 0.761351
0.606 0.765199
0.609 0.769066
0.612 0.77295
0.615 0.776853
0.618 0.780773
0.621 0.784711
0.624 0.788667
0.627 0.792641
0.63 0.796632
0.633 0.80064
0.636 0.804666
0.639 0.80871
0.642 0.81277
0.645 0.816848
0.648 0.820943
0.651 0.825054
0.654 0.829183
0.657 0.833328
0.66 0.837491
0.663 0.841669
0.666 0.845864
0.669 0.850076
0.672 0.854303
0.675 0.858547
0.678 0.862807
0.681 0.867083
0.684 0.871374
0.687 0.875681
0.69 0.880003
0.693 0.884341
0.696 0.888694
0.699 0.893062
0.702 0.897446
0.705 0.901843
0.708 0.906256
0.711 0.910683
0.714 0.915124
0.717 0.91958
0.72 0.924049
0.723 0.928533
0.726 0.93303
0.729 0.937541
0.732 0.942065
0.735 0.946602
0.738 0.951153
0.741 0.955716
0.744 0.960292
0.747 0.96488
0.75 0.969481
0.753 0.974094
0.756 0.978719
0.759 0.983355
0.762 0.988003
0.765 0.992663
0.768 0.997334
0.771 1.00202
0.774 1.00671
0.777 1.01141
0.78 1.01612
0.783 1.02085
0.786 1.02558
0.789 1.03033
0.792 1.03508
0.795 1.03984
0.798 1.04461
0.801 1.04939
0.804 1.05418
0.807 1.05898
0.81 1.06379
0.813 1.0686
0.816 1.07342
0.819 1.07825
0.822 1.08309
0.825 1.08794
0.828 1.09279
0.831 1.09765
0.834 1.10251
0.837 1.10738
0.84 1.11226
0.843 1.11714
0.846 1.12203
0.849 1.12693
0.852 1.13183
0.855 1.13673
0.858 1.14164
0.861 1.14655
0.864 1.15147
0.867 1.15639
0.87 1.16132
0.873 1.16625
0.876 1.17118
0.879 1.17612
0.882 1.18106
0.885 1.186
0.888 1.19094
0.891 1.19589
0.894 1.20084
0.897 1.20579
0.9 1.21074
0.903 1.21569
0.906 1.22065
0.909 1.2256
0.912 1.23056
0.915 1.23552
0.918 1.24047
0.921 1.24543
0.924 1.25039
0.927 1.25534
0.93 1.2603
0.933 1.26525
0.936 1.27021
0.939 1.27516
0.942 1.28011
0.945 1.28506
0.948 1.29001
0.951 1.29496
0.954 1.2999
0.957 1.30484
0.96 1.30978
0.963 1.31472
0.966 1.31965
0.969 1.32458
0.972 1.3295
0.975 1.33443
0.978 1.33934
0.981 1.34426
0.984 1.34917
0.987 1.35408
0.99 1.35898
0.993 1.36387
0.996 1.36877
0.999 1.37365
1.002 1.37854
1.005 1.38341
1.008 1.38828
1.011 1.39315
1.014 1.39801
1.017 1.40286
1.02 1.40771
1.023 1.41255
1.026 1.41739
1.029 1.42221
1.032 1.42703
1.035 1.43185
1.038 1.43666
1.041 1.44146
1.044 1.44625
1.047 1.45104
1.05 1.45581
1.053 1.46059
1.056 1.46535
1.059 1.4701
1.062 1.47485
1.065 1.47959
1.068 1.48432
1.071 1.48904
1.074 1.49376
1.077 1.49846
1.08 1.50316
1.083 1.50785
1.086 1.51253
1.089 1.5172
1.092 1.52186
1.095 1.52651
1.098 1.53115
1.101 1.53579
1.104 1.54041
1.107 1.54503
1.11 1.54964
1.113 1.55423
1.116 1.55882
1.119 1.5634
1.122 1.56797
1.125 1.57253
1.128 1.57708
1.131 1.58162
1.134 1.58615
1.137 1.59067
1.14 1.59518
1.143 1.59968
1.146 1.60417
1.149 1.60865
1.152 1.61312
1.155 1.61758
1.158 1.62204
1.161 1.62648
1.164 1.63091
1.167 1.63533
1.17 1.63974
1.173 1.64415
1.176 1.64854
1.179 1.65292
1.182 1.6573
1.185 1.66166
1.188 1.66601
1.191 1.67036
1.194 1.67469
1.197 1.67902
1.2 1.68333
1.203 1.68764
1.206 1.69193
1.209 1.69622
1.212 1.7005
1.215 1.70477
1.218 1.70903
1.221 1.71328
1.224 1.71752
1.227 1.72175
1.23 1.72597
1.233 1.73019
1.236 1.73439
1.239 1.73859
1.242 1.74278
1.245 1.74696
1.248 1.75113
1.251 1.75529
1.254 1.75944
1.257 1.76359
1.26 1.76773
1.263 1.77186
1.266 1.77598
1.269 1.7801
1.272 1.78421
1.275 1.78831
1.278 1.7924
1.281 1.79649
1.284 1.80057
1.287 1.80464
1.29 1.8087
1.293 1.81276
1.296 1.81682
1.299 1.82086
1.302 1.8249
1.305 1.82894
1.308 1.83297
1.311 1.83699
1.314 1.84101
1.317 1.84502
1.32 1.84903
1.323 1.85303
1.326 1.85703
1.329 1.86102
1.332 1.86501
1.335 1.86899
1.338 1.87298
1.341 1.87695
1.344 1.88093
1.347 1.8849
1.35 1.88886
1.353 1.89283
1.356 1.89679
1.359 1.90075
1.362 1.9047
1.365 1.90866
1.368 1.91261
1.371 1.91656
1.374 1.92051
1.377 1.92445
1.38 1.9284
1.383 1.93235
1.386 1.93629
1.389 1.94024
1.392 1.94418
1.395 1.94812
1.398 1.95207
1.401 1.95602
1.404 1.95996
1.407 1.96391
1.41 1.96786
1.413 1.97181
1.416 1.97576
1.419 1.97972
1.422 1.98367
1.425 1.98763
1.428 1.9916
1.431 1.99556
1.434 1.99953
1.437 2.0035
1.44 2.00748
1.443 2.01146
1.446 2.01545
1.449 2.01944
1.452 2.02344
1.455 2.02744
1.458 2.03144
1.461 2.03546
1.464 2.03948
1.467 2.0435
1.47 2.04753
1.473 2.05157
1.476 2.05562
1.479 2.05968
1.482 2.06374
1.485 2.06781
1.488 2.07189
1.491 2.07598
1.494 2.08008
1.497 2.08418
1.5 2.0883
1.503 2.09243
1.506 2.09656
1.509 2.10071
1.512 2.10487
1.515 2.10904
1.518 2.11322
1.521 2.11742
1.524 2.12162
1.527 2.12584
1.53 2.13008
1.533 2.13432
1.536 2.13858
1.539 2.14285
1.542 2.14714
1.545 2.15144
1.548 2.15575
1.551 2.16008
1.554 2.16443
1.557 2.16879
1.56 2.17317
1.563 2.17756
1.566 2.18197
1.569 2.18639
1.572 2.19084
1.575 2.1953
1.578 2.19978
1.581 2.20427
1.584 2.20879
1.587 2.21332
1.59 2.21788
1.593 2.22245
1.596 2.22704
1.599 2.23165
1.602 2.23628
1.605 2.24093
1.608 2.2456
1.611 2.2503
1.614 2.25501
1.617 2.25975
1.62 2.26451
1.623 2.26928
1.626 2.27409
1.629 2.27891
1.632 2.28376
1.635 2.28863
1.638 2.29352
1.641 2.29844
1.644 2.30338
1.647 2.30834
1.65 2.31333
1.653 2.31835
1.656 2.32339
1.659 2.32845
1.662 2.33354
1.665 2.33865
1.668 2.34379
1.671 2.34896
1.674 2.35415
1.677 2.35937
1.68 2.36461
1.683 2.36988
1.686 2.37518
1.689 2.3805
1.692 2.38585
1.695 2.39123
1.698 2.39664
1.701 2.40207
1.704 2.40753
1.707 2.41302
1.71 2.41854
1.713 2.42408
1.716 2.42965
1.719 2.43525
1.722 2.44088
1.725 2.44654
1.728 2.45223
1.731 2.45794
1.734 2.46368
1.737 2.46945
1.74 2.47525
1.743 2.48108
1.746 2.48694
1.749 2.49283
1.752 2.49874
1.755 2.50468
1.758 2.51066
1.761 2.51666
1.764 2.52269
1.767 2.52874
1.77 2.53483
1.773 2.54094
1.776 2.54709
1.779 2.55326
1.782 2.55946
1.785 2.56568
1.788 2.57194
1.791 2.57822
1.794 2.58453
1.797 2.59087
1.8 2.59723
1.803 2.60363
1.806 2.61005
1.809 2.61649
1.812 2.62296
1.815 2.62946
1.818 2.63599
1.821 2.64254
1.824 2.64911
1.827 2.65571
1.83 2.66234
1.833 2.66899
1.836 2.67566
1.839 2.68236
1.842 2.68908
1.845 2.69583
1.848 2.7026
1.851 2.70939
1.854 2.7162
1.857 2.72304
1.86 2.72989
1.863 2.73677
1.866 2.74367
1.869 2.75059
1.872 2.75753
1.875 2.76449
1.878 2.77146
1.881 2.77846
1.884 2.78547
1.887 2.7925
1.89 2.79955
1.893 2.80661
1.896 2.81369
1.899 2.82078
1.902 2.82789
1.905 2.83502
1.908 2.84216
1.911 2.84931
1.914 2.85647
1.917 2.86364
1.92 2.87083
1.923 2.87803
1.926 2.88523
1.929 2.89245
1.932 2.89967
1.935 2.90691
1.938 2.91415
1.941 2.9214
1.944 2.92865
1.947 2.93591
1.95 2.94317
1.953 2.95044
1.956 2.95771
1.959 2.96499
1.962 2.97227
1.965 2.97955
1.968 2.98682
1.971 2.9941
1.974 3.00138
1.977 3.00866
1.98 3.01594
1.983 3.02321
1.986 3.03048
1.989 3.03774
1.992 3.045
1.995 3.05226
1.998 3.05951
2.001 3.06675
2.004 3.07398
2.007 3.08121
2.01 3.08842
2.013 3.09563
2.016 3.10282
2.019 3.11
2.022 3.11717
2.025 3.12433
2.028 3.13148
2.031 3.13861
2.034 3.14572
2.037 3.15282
2.04 3.1599
2.043 3.16697
2.046 3.17402
2.049 3.18104
2.052 3.18805
2.055 3.19504
2.058 3.20201
2.061 3.20896
2.064 3.21589
2.067 3.22279
2.07 3.22967
2.073 3.23652
2.076 3.24336
2.079 3.25016
2.082 3.25694
2.085 3.26369
2.088 3.27042
2.091 3.27712
2.094 3.28379
2.097 3.29043
2.1 3.29704
2.103 3.30362
2.106 3.31017
2.109 3.31669
2.112 3.32318
2.115 3.32964
2.118 3.33606
2.121 3.34245
2.124 3.34881
2.127 3.35513
2.13 3.36142
2.133 3.36767
2.136 3.37389
2.139 3.38007
2.142 3.38621
2.145 3.39232
2.148 3.39839
2.151 3.40442
2.154 3.41041
2.157 3.41637
2.16 3.42229
2.163 3.42816
2.166 3.434
2.169 3.4398
2.172 3.44556
2.175 3.45128
2.178 3.45695
2.181 3.46259
2.184 3.46818
2.187 3.47374
2.19 3.47925
2.193 3.48472
2.196 3.49015
2.199 3.49553
2.202 3.50088
2.205 3.50618
2.208 3.51144
2.211 3.51665
2.214 3.52183
2.217 3.52696
2.22 3.53204
2.223 3.53709
2.226 3.54209
2.229 3.54704
2.232 3.55195
2.235 3.55682
2.238 3.56165
2.241 3.56643
2.244 3.57117
2.247 3.57587
2.25 3.58052
2.253 3.58513
2.256 3.58969
2.259 3.59421
2.262 3.59869
2.265 3.60313
2.268 3.60752
2.271 3.61187
2.274 3.61618
2.277 3.62044
2.28 3.62466
2.283 3.62884
2.286 3.63297
2.289 3.63706
2.292 3.64112
2.295 3.64512
2.298 3.64909
2.301 3.65302
2.304 3.6569
2.307 3.66074
2.31 3.66454
2.313 3.6683
2.316 3.67202
2.319 3.6757
2.322 3.67934
2.325 3.68294
2.328 3.6865
2.331 3.69002
2.334 3.6935
2.337 3.69694
2.34 3.70034
2.343 3.7037
2.346 3.70703
2.349 3.71032
2.352 3.71356
2.355 3.71678
2.358 3.71995
2.361 3.72309
2.364 3.72619
2.367 3.72925
2.37 3.73228
2.373 3.73527
2.376 3.73823
2.379 3.74115
2.382 3.74404
2.385 3.74689
2.388 3.74971
2.391 3.75249
2.394 3.75524
2.397 3.75796
2.4 3.76065
2.403 3.7633
2.406 3.76592
2.409 3.7685
2.412 3.77106
2.415 3.77358
2.418 3.77607
2.421 3.77853
2.424 3.78096
2.427 3.78336
2.43 3.78573
2.433 3.78807
2.436 3.79038
2.439 3.79266
2.442 3.79492
2.445 3.79714
2.448 3.79934
2.451 3.8015
2.454 3.80364
2.457 3.80576
2.46 3.80784
2.463 3.8099
2.466 3.81194
2.469 3.81395
2.472 3.81593
2.475 3.81788
2.478 3.81981
2.481 3.82172
2.484 3.8236
2.487 3.82546
2.49 3.82729
2.493 3.8291
2.496 3.83089
2.499 3.83265
2.502 3.83439
2.505 3.83611
2.508 3.8378
2.511 3.83948
2.514 3.84113
2.517 3.84276
2.52 3.84437
2.523 3.84595
2.526 3.84752
2.529 3.84907
2.532 3.85059
2.535 3.8521
2.538 3.85358
2.541 3.85505
2.544 3.8565
2.547 3.85793
2.55 3.85934
2.553 3.86073
2.556 3.8621
2.559 3.86346
2.562 3.86479
2.565 3.86611
2.568 3.86741
2.571 3.8687
2.574 3.86997
2.577 3.87122
2.58 3.87245
2.583 3.87367
2.586 3.87488
2.589 3.87606
2.592 3.87724
2.595 3.87839
2.598 3.87953
2.601 3.88066
2.604 3.88177
2.607 3.88287
2.61 3.88395
2.613 3.88502
2.616 3.88607
2.619 3.88711
2.622 3.88814
2.625 3.88915
2.628 3.89015
2.631 3.89114
2.634 3.89211
2.637 3.89307
2.64 3.89402
2.643 3.89496
2.646 3.89588
2.649 3.89679
2.652 3.89769
2.655 3.89858
2.658 3.89946
2.661 3.90032
2.664 3.90117
2.667 3.90202
2.67 3.90285
2.673 3.90367
2.676 3.90448
2.679 3.90528
2.682 3.90607
2.685 3.90685
2.688 3.90762
2.691 3.90838
2.694 3.90913
2.697 3.90987
2.7 3.9106
2.703 3.91132
2.706 3.91203
2.709 3.91273
2.712 3.91343
2.715 3.91411
2.718 3.91479
2.721 3.91545
2.724 3.91611
2.727 3.91676
2.73 3.9174
2.733 3.91804
2.736 3.91866
2.739 3.91928
2.742 3.91989
2.745 3.92049
2.748 3.92109
2.751 3.92167
2.754 3.92225
2.757 3.92282
2.76 3.92339
2.763 3.92395
2.766 3.9245
2.769 3.92504
2.772 3.92558
2.775 3.92611
2.778 3.92663
2.781 3.92715
2.784 3.92766
2.787 3.92816
2.79 3.92866
2.793 3.92915
2.796 3.92964
2.799 3.93012
2.802 3.93059
2.805 3.93106
2.808 3.93152
2.811 3.93198
2.814 3.93243
2.817 3.93287
2.82 3.93331
2.823 3.93375
2.826 3.93417
2.829 3.9346
2.832 3.93502
2.835 3.93543
2.838 3.93584
2.841 3.93624
2.844 3.93664
2.847 3.93703
2.85 3.93742
2.853 3.9378
2.856 3.93818
2.859 3.93856
2.862 3.93893
2.865 3.93929
2.868 3.93966
2.871 3.94001
2.874 3.94036
2.877 3.94071
2.88 3.94106
2.883 3.9414
2.886 3.94173
2.889 3.94207
2.892 3.94239
2.895 3.94272
2.898 3.94304
2.901 3.94336
2.904 3.94367
2.907 3.94398
2.91 3.94428
2.913 3.94459
2.916 3.94488
2.919 3.94518
2.922 3.94547
2.925 3.94576
2.928 3.94604
2.931 3.94632
2.934 3.9466
2.937 3.94688
2.94 3.94715
2.943 3.94742
2.946 3.94768
2.949 3.94795
2.952 3.94821
2.955 3.94846
2.958 3.94872
2.961 3.94897
2.964 3.94921
2.967 3.94946
2.97 3.9497
2.973 3.94994
2.976 3.95018
2.979 3.95041
2.982 3.95064
2.985 3.95087
2.988 3.9511
2.991 3.95132
2.994 3.95154
2.997 3.95176
3 3.95198
3.001 0
