0 0
0.003 1.00473
0.006 1.0095
0.009 1.01431
0.012 1.01914
0.015 1.024
0.018 1.02889
0.021 1.03381
0.024 1.03876
0.027 1.04373
0.03 1.04874
0.033 1.05377
0.036 1.05883
0.039 1.06391
0.042 1.06903
0.045 1.07417
0.048 1.07934
0.051 1.08454
0.054 1.08977
0.057 1.09503
0.06 1.10031
0.063 1.10562
0.066 1.11096
0.069 1.11632
0.072 1.12172
0.075 1.12714
0.078 1.13259
0.081 1.13807
0.084 1.14357
0.087 1.1491
0.09 1.15466
0.093 1.16024
0.096 1.16585
0.099 1.17149
0.102 1.17716
0.105 1.18285
0.108 1.18857
0.111 1.19431
0.114 1.20008
0.117 1.20588
0.12 1.2117
0.123 1.21755
0.126 1.22342
0.129 1.22932
0.132 1.23525
0.135 1.2412
0.138 1.24717
0.141 1.25317
0.144 1.2592
0.147 1.26524
0.15 1.27132
0.153 1.27742
0.156 1.28354
0.159 1.28968
0.162 1.29585
0.165 1.30205
0.168 1.30826
0.171 1.3145
0.174 1.32076
0.177 1.32705
0.18 1.33336
0.183 1.33968
0.186 1.34604
0.189 1.35241
0.192 1.3588
0.195 1.36522
0.198 1.37166
0.201 1.37812
0.204 1.3846
0.207 1.3911
0.21 1.39762
0.213 1.40416
0.216 1.41071
0.219 1.41729
0.222 1.42389
0.225 1.43051
0.228 1.43715
0.231 1.4438
0.234 1.45047
0.237 1.45716
0.24 1.46387
0.243 1.4706
0.246 1.47734
0.249 1.4841
0.252 1.49087
0.255 1.49767
0.258 1.50448
0.261 1.5113
0.264 1.51814
0.267 1.52499
0.27 1.53186
0.273 1.53875
0.276 1.54565
0.279 1.55256
0.282 1.55948
0.285 1.56642
0.288 1.57338
0.291 1.58034
0.294 1.58732
0.297 1.59431
0.3 1.60131
0.303 1.60832
0.306 1.61535
0.309 1.62238
0.312 1.62943
0.315 1.63649
0.318 1.64355
0.321 1.65063
0.324 1.65771
0.327 1.66481
0.33 1.67191
0.333 1.67902
0.336 1.68614
0.339 1.69327
0.342 1.7004
0.345 1.70754
0.348 1.71469
0.351 1.72185
0.354 1.72901
0.357 1.73617
0.36 1.74334
0.363 1.75052
0.366 1.7577
0.369 1.76489
0.372 1.77208
0.375 1.77927
0.378 1.78647
0.381 1.79367
0.384 1.80088
0.387 1.80808
0.39 1.81529
0.393 1.8225
0.396 1.82971
0.399 1.83693
0.402 1.84414
0.405 1.85136
0.408 1.85857
0.411 1.86579
0.414 1.873
0.417 1.88021
0.42 1.88743
0.423 1.89464
0.426 1.90185
0.429 1.90906
0.432 1.91626
0.435 1.92347
0.438 1.93067
0.441 1.93786
0.444 1.94506
0.447 1.95225
0.45 1.95943
0.453 1.96661
0.456 1.97379
0.459 1.98096
0.462 1.98813
0.465 1.99529
0.468 2.00244
0.471 2.00959
0.474 2.01673
0.477 2.02387
0.48 2.031
0.483 2.03812
0.486 2.04523
0.489 2.05234
0.492 2.05944
0.495 2.06653
0.498 2.07361
0.501 2.08068
0.504 2.08774
0.507 2.09479
0.51 2.10184
0.513 2.10887
0.516 2.1159
0.519 2.12291
0.522 2.12991
0.525 2.1369
0.528 2.14388
0.531 2.15085
0.534 2.15781
0.537 2.16476
0.54 2.17169
0.543 2.17861
0.546 2.18552
0.549 2.19242
0.552 2.1993
0.555 2.20617
0.558 2.21302
0.561 2.21987
0.564 2.2267
0.567 2.23351
0.57 2.24031
0.573 2.2471
0.576 2.25387
0.579 2.26063
0.582 2.26737
0.585 2.2741
0.588 2.28081
0.591 2.28751
0.594 2.29419
0.597 2.30085
0.6 2.3075
0.603 2.31413
0.606 2.32075
0.609 2.32735
0.612 2.33394
0.615 2.3405
0.618 2.34705
0.621 2.35358
0.624 2.3601
0.627 2.3666
0.63 2.37308
0.633 2.37954
0.636 2.38599
0.639 2.39242
0.642 2.39883
0.645 2.40522
0.648 2.41159
0.651 2.41794
0.654 2.42428
0.657 2.4306
0.66 2.4369
0.663 2.44318
0.666 2.44944
0.669 2.45568
0.672 2.46191
0.675 2.46811
0.678 2.4743
0.681 2.48046
0.684 2.48661
0.687 2.49274
0.69 2.49884
0.693 2.50493
0.696 2.511
0.699 2.51705
0.702 2.52307
0.705 2.52908
0.708 2.53507
0.711 2.54104
0.714 2.54699
0.717 2.55292
0.72 2.55882
0.723 2.56471
0.726 2.57058
0.729 2.57642
0.732 2.58225
0.735 2.58805
0.738 2.59384
0.741 2.5996
0.744 2.60535
0.747 2.61107
0.75 2.61677
0.753 2.62245
0.756 2.62812
0.759 2.63376
0.762 2.63937
0.765 2.64497
0.768 2.65055
0.771 2.65611
0.774 2.66164
0.777 2.66716
0.78 2.67265
0.783 2.67813
0.786 2.68358
0.789 2.68901
0.792 2.69442
0.795 2.69981
0.798 2.70518
0.801 2.71052
0.804 2.71585
0.807 2.72115
0.81 2.72644
0.813 2.7317
0.816 2.73694
0.819 2.74217
0.822 2.74737
0.825 2.75255
0.828 2.7577
0.831 2.76284
0.834 2.76796
0.837 2.77305
0.84 2.77813
0.843 2.78318
0.846 2.78822
0.849 2.79323
0.852 2.79822
0.855 2.80319
0.858 2.80814
0.861 2.81307
0.864 2.81798
0.867 2.82287
0.87 2.82773
0.873 2.83258
0.876 2.83741
0.879 2.84221
0.882 2.847
0.885 2.85176
0.888 2.8565
0.891 2.86123
0.894 2.86593
0.897 2.87061
0.9 2.87528
0.903 2.87992
0.906 2.88454
0.909 2.88914
0.912 2.89373
0.915 2.89829
0.918 2.90283
0.921 2.90735
0.924 2.91185
0.927 2.91634
0.93 2.9208
0.933 2.92524
0.936 2.92966
0.939 2.93407
0.942 2.93845
0.945 2.94281
0.948 2.94716
0.951 2.95148
0.954 2.95579
0.957 2.96007
0.96 2.96434
0.963 2.96859
0.966 2.97282
0.969 2.97703
0.972 2.98122
0.975 2.98539
0.978 2.98954
0.981 2.99368
0.984 2.99779
0.987 3.00189
0.99 3.00596
0.993 3.01002
0.996 3.01406
0.999 3.01809
1.002 3.02209
1.005 3.02607
1.008 3.03004
1.011 3.03399
1.014 3.03792
1.017 3.04183
1.02 3.04573
1.023 3.0496
1.026 3.05346
1.029 3.0573
1.032 3.06113
1.035 3.06493
1.038 3.06872
1.041 3.07249
1.044 3.07624
1.047 3.07998
1.05 3.0837
1.053 3.0874
1.056 3.09108
1.059 3.09475
1.062 3.0984
1.065 3.10204
1.068 3.10565
1.071 3.10925
1.074 3.11283
1.077 3.1164
1.08 3.11995
1.083 3.12349
1.086 3.127
1.089 3.1305
1.092 3.13399
1.095 3.13746
1.098 3.14091
1.101 3.14435
1.104 3.14777
1.107 3.15117
1.11 3.15456
1.113 3.15794
1.116 3.16129
1.119 3.16464
1.122 3.16796
1.125 3.17128
1.128 3.17457
1.131 3.17785
1.134 3.18112
1.137 3.18437
1.14 3.18761
1.143 3.19083
1.146 3.19404
1.149 3.19723
1.152 3.20041
1.155 3.20357
1.158 3.20672
1.161 3.20985
1.164 3.21297
1.167 3.21608
1.17 3.21917
1.173 3.22225
1.176 3.22531
1.179 3.22836
1.182 3.2314
1.185 3.23442
1.188 3.23743
1.191 3.24042
1.194 3.24341
1.197 3.24638
1.2 3.24933
1.203 3.25227
1.206 3.2552
1.209 3.25812
1.212 3.26102
1.215 3.26391
1.218 3.26679
1.221 3.26965
1.224 3.2725
1.227 3.27534
1.23 3.27817
1.233 3.28099
1.236 3.28379
1.239 3.28658
1.242 3.28936
1.245 3.29212
1.248 3.29488
1.251 3.29762
1.254 3.30035
1.257 3.30307
1.26 3.30577
1.263 3.30847
1.266 3.31115
1.269 3.31382
1.272 3.31649
1.275 3.31914
1.278 3.32177
1.281 3.3244
1.284 3.32702
1.287 3.32962
1.29 3.33222
1.293 3.3348
1.296 3.33738
1.299 3.33994
1.302 3.34249
1.305 3.34503
1.308 3.34756
1.311 3.35009
1.314 3.3526
1.317 3.3551
1.32 3.35759
1.323 3.36007
1.326 3.36254
1.329 3.365
1.332 3.36745
1.335 3.36989
1.338 3.37233
1.341 3.37475
1.344 3.37716
1.347 3.37957
1.35 3.38196
1.353 3.38435
1.356 3.38672
1.359 3.38909
1.362 3.39145
1.365 3.3938
1.368 3.39614
1.371 3.39847
1.374 3.40079
1.377 3.40311
1.38 3.40541
1.383 3.40771
1.386 3.41
1.389 3.41228
1.392 3.41455
1.395 3.41682
1.398 3.41908
1.401 3.42133
1.404 3.42357
1.407 3.4258
1.41 3.42802
1.413 3.43024
1.416 3.43245
1.419 3.43465
1.422 3.43685
1.425 3.43904
1.428 3.44122
1.431 3.44339
1.434 3.44556
1.437 3.44771
1.44 3.44987
1.443 3.45201
1.446 3.45415
1.449 3.45628
1.452 3.4584
1.455 3.46052
1.458 3.46263
1.461 3.46474
1.464 3.46684
1.467 3.46893
1.47 3.47101
1.473 3.47309
1.476 3.47517
1.479 3.47723
1.482 3.47929
1.485 3.48135
1.488 3.4834
1.491 3.48544
1.494 3.48748
1.497 3.48951
1.5 3.49154
1.503 3.49356
1.506 3.49557
1.509 3.49758
1.512 3.49959
1.515 3.50158
1.518 3.50358
1.521 3.50557
1.524 3.50755
1.527 3.50953
1.53 3.5115
1.533 3.51347
1.536 3.51544
1.539 3.51739
1.542 3.51935
1.545 3.5213
1.548 3.52324
1.551 3.52518
1.554 3.52712
1.557 3.52905
1.56 3.53098
1.563 3.5329
1.566 3.53482
1.569 3.53674
1.572 3.53865
1.575 3.54056
1.578 3.54246
1.581 3.54436
1.584 3.54625
1.587 3.54815
1.59 3.55003
1.593 3.55192
1.596 3.5538
1.599 3.55568
1.602 3.55755
1.605 3.55942
1.608 3.56129
1.611 3.56315
1.614 3.56501
1.617 3.56687
1.62 3.56872
1.623 3.57058
1.626 3.57242
1.629 3.57427
1.632 3.57611
1.635 3.57795
1.638 3.57979
1.641 3.58162
1.644 3.58345
1.647 3.58528
1.65 3.58711
1.653 3.58893
1.656 3.59076
1.659 3.59258
1.662 3.59439
1.665 3.59621
1.668 3.59802
1.671 3.59983
1.674 3.60164
1.677 3.60344
1.68 3.60525
1.683 3.60705
1.686 3.60885
1.689 3.61065
1.692 3.61245
1.695 3.61424
1.698 3.61603
1.701 3.61783
1.704 3.61962
1.707 3.6214
1.71 3.62319
1.713 3.62498
1.716 3.62676
1.719 3.62854
1.722 3.63033
1.725 3.63211
1.728 3.63388
1.731 3.63566
1.734 3.63744
1.737 3.63921
1.74 3.64099
1.743 3.64276
1.746 3.64453
1.749 3.64631
1.752 3.64808
1.755 3.64985
1.758 3.65161
1.761 3.65338
1.764 3.65515
1.767 3.65692
1.77 3.65868
1.773 3.66045
1.776 3.66221
1.779 3.66398
1.782 3.66574
1.785 3.6675
1.788 3.66927
1.791 3.67103
1.794 3.67279
1.797 3.67455
1.8 3.67632
1.803 3.67808
1.806 3.67984
1.809 3.6816
1.812 3.68336
1.815 3.68512
1.818 3.68688
1.821 3.68864
1.824 3.6904
1.827 3.69216
1.83 3.69392
1.833 3.69568
1.836 3.69744
1.839 3.6992
1.842 3.70096
1.845 3.70272
1.848 3.70448
1.851 3.70624
1.854 3.708
1.857 3.70976
1.86 3.71153
1.863 3.71329
1.866 3.71505
1.869 3.71681
1.872 3.71857
1.875 3.72034
1.878 3.7221
1.881 3.72386
1.884 3.72563
1.887 3.72739
1.89 3.72916
1.893 3.73092
1.896 3.73269
1.899 3.73445
1.902 3.73622
1.905 3.73798
1.908 3.73975
1.911 3.74152
1.914 3.74329
1.917 3.74505
1.92 3.74682
1.923 3.74859
1.926 3.75036
1.929 3.75213
1.932 3.7539
1.935 3.75567
1.938 3.75745
1.941 3.75922
1.944 3.76099
1.947 3.76276
1.95 3.76454
1.953 3.76631
1.956 3.76808
1.959 3.76986
1.962 3.77163
1.965 3.77341
1.968 3.77519
1.971 3.77696
1.974 3.77874
1.977 3.78052
1.98 3.78229
1.983 3.78407
1.986 3.78585
1.989 3.78763
1.992 3.78941
1.995 3.79119
1.998 3.79297
2.001 3.79475
2.004 3.79653
2.007 3.79831
2.01 3.80009
2.013 3.80187
2.016 3.80365
2.019 3.80543
2.022 3.80721
2.025 3.80899
2.028 3.81077
2.031 3.81256
2.034 3.81434
2.037 3.81612
2.04 3.8179
2.043 3.81968
2.046 3.82146
2.049 3.82324
2.052 3.82502
2.055 3.8268
2.058 3.82859
2.061 3.83037
2.064 3.83214
2.067 3.83392
2.07 3.8357
2.073 3.83748
2.076 3.83926
2.079 3.84104
2.082 3.84281
2.085 3.84459
2.088 3.84637
2.091 3.84814
2.094 3.84992
2.097 3.85169
2.1 3.85346
2.103 3.85523
2.106 3.857
2.109 3.85877
2.112 3.86054
2.115 3.86231
2.118 3.86408
2.121 3.86584
2.124 3.86761
2.127 3.86937
2.13 3.87113
2.133 3.87289
2.136 3.87465
2.139 3.87641
2.142 3.87816
2.145 3.87992
2.148 3.88167
2.151 3.88342
2.154 3.88517
2.157 3.88692
2.16 3.88866
2.163 3.8904
2.166 3.89215
2.169 3.89388
2.172 3.89562
2.175 3.89736
2.178 3.89909
2.181 3.90082
2.184 3.90255
2.187 3.90427
2.19 3.90599
2.193 3.90771
2.196 3.90943
2.199 3.91114
2.202 3.91286
2.205 3.91456
2.208 3.91627
2.211 3.91797
2.214 3.91967
2.217 3.92137
2.22 3.92306
2.223 3.92475
2.226 3.92644
2.229 3.92812
2.232 3.9298
2.235 3.93148
2.238 3.93315
2.241 3.93482
2.244 3.93649
2.247 3.93815
2.25 3.93981
2.253 3.94146
2.256 3.94311
2.259 3.94475
2.262 3.94639
2.265 3.94803
2.268 3.94966
2.271 3.95129
2.274 3.95292
2.277 3.95453
2.28 3.95615
2.283 3.95776
2.286 3.95936
2.289 3.96096
2.292 3.96256
2.295 3.96415
2.298 3.96574
2.301 3.96732
2.304 3.96889
2.307 3.97046
2.31 3.97203
2.313 3.97358
2.316 3.97514
2.319 3.97669
2.322 3.97823
2.325 3.97977
2.328 3.9813
2.331 3.98282
2.334 3.98434
2.337 3.98586
2.34 3.98737
2.343 3.98887
2.346 3.99036
2.349 3.99185
2.352 3.99334
2.355 3.99481
2.358 3.99629
2.361 3.99775
2.364 3.99921
2.367 4.00066
2.37 4.00211
2.373 4.00354
2.376 4.00498
2.379 4.0064
2.382 4.00782
2.385 4.00923
2.388 4.01064
2.391 4.01203
2.394 4.01343
2.397 4.01481
2.4 4.01619
2.403 4.01756
2.406 4.01892
2.409 4.02027
2.412 4.02162
2.415 4.02296
2.418 4.0243
2.421 4.02562
2.424 4.02694
2.427 4.02825
2.43 4.02955
2.433 4.03085
2.436 4.03214
2.439 4.03342
2.442 4.03469
2.445 4.03596
2.448 4.03722
2.451 4.03847
2.454 4.03971
2.457 4.04094
2.46 4.04217
2.463 4.04339
2.466 4.0446
2.469 4.0458
2.472 4.04699
2.475 4.04818
2.478 4.04936
2.481 4.05053
2.484 4.05169
2.487 4.05285
2.49 4.05399
2.493 4.05513
2.496 4.05626
2.499 4.05738
2.502 4.0585
2.505 4.0596
2.508 4.0607
2.511 4.06179
2.514 4.06287
2.517 4.06394
2.52 4.065
2.523 4.06606
2.526 4.06711
2.529 4.06815
2.532 4.06918
2.535 4.0702
2.538 4.07121
2.541 4.07222
2.544 4.07322
2.547 4.07421
2.55 4.07519
2.553 4.07616
2.556 4.07712
2.559 4.07808
2.562 4.07903
2.565 4.07997
2.568 4.0809
2.571 4.08182
2.574 4.08273
2.577 4.08364
2.58 4.08454
2.583 4.08543
2.586 4.08631
2.589 4.08718
2.592 4.08805
2.595 4.0889
2.598 4.08975
2.601 4.09059
2.604 4.09142
2.607 4.09225
2.61 4.09306
2.613 4.09387
2.616 4.09467
2.619 4.09546
2.622 4.09625
2.625 4.09702
2.628 4.09779
2.631 4.09855
2.634 4.0993
2.637 4.10004
2.64 4.10078
2.643 4.10151
2.646 4.10223
2.649 4.10294
2.652 4.10364
2.655 4.10434
2.658 4.10503
2.661 4.10571
2.664 4.10638
2.667 4.10705
2.67 4.1077
2.673 4.10835
2.676 4.109
2.679 4.10963
2.682 4.11026
2.685 4.11088
2.688 4.11149
2.691 4.1121
2.694 4.1127
2.697 4.11329
2.7 4.11387
2.703 4.11445
2.706 4.11502
2.709 4.11558
2.712 4.11613
2.715 4.11668
2.718 4.11722
2.721 4.11775
2.724 4.11828
2.727 4.1188
2.73 4.11931
2.733 4.11982
2.736 4.12032
2.739 4.12081
2.742 4.1213
2.745 4.12178
2.748 4.12225
2.751 4.12271
2.754 4.12317
2.757 4.12363
2.76 4.12407
2.763 4.12451
2.766 4.12495
2.769 4.12537
2.772 4.12579
2.775 4.12621
2.778 4.12662
2.781 4.12702
2.784 4.12742
2.787 4.12781
2.79 4.12819
2.793 4.12857
2.796 4.12894
2.799 4.12931
2.802 4.12967
2.805 4.13002
2.808 4.13037
2.811 4.13071
2.814 4.13105
2.817 4.13138
2.82 4.13171
2.823 4.13203
2.826 4.13235
2.829 4.13266
2.832 4.13296
2.835 4.13326
2.838 4.13355
2.841 4.13384
2.844 4.13413
2.847 4.1344
2.85 4.13468
2.853 4.13494
2.856 4.13521
2.859 4.13547
2.862 4.13572
2.865 4.13597
2.868 4.13621
2.871 4.13645
2.874 4.13668
2.877 4.13691
2.88 4.13714
2.883 4.13736
2.886 4.13757
2.889 4.13778
2.892 4.13799
2.895 4.13819
2.898 4.13839
2.901 4.13858
2.904 4.13877
2.907 4.13896
2.91 4.13914
2.913 4.13931
2.916 4.13949
2.919 4.13965
2.922 4.13982
2.925 4.13998
2.928 4.14013
2.931 4.14029
2.934 4.14043
2.937 4.14058
2.94 4.14072
2.943 4.14086
2.946 4.14099
2.949 4.14112
2.952 4.14124
2.955 4.14137
2.958 4.14148
2.961 4.1416
2.964 4.14171
2.967 4.14182
2.97 4.14192
2.973 4.14202
2.976 4.14212
2.979 4.14222
2.982 4.14231
2.985 4.1424
2.988 4.14248
2.991 4.14256
2.994 4.14264
2.997 4.14272
3 4.14279
3.001 0
