0 5
0.003 3.80238
0.006 3.80138
0.009 3.80038
0.012 3.79938
0.015 3.79837
0.018 3.79735
0.021 3.79633
0.024 3.79529
0.027 3.79426
0.03 3.79321
0.033 3.79216
0.036 3.7911
0.039 3.79004
0.042 3.78896
0.045 3.78789
0.048 3.7868
0.051 3.78571
0.054 3.78461
0.057 3.7835
0.06 3.78239
0.063 3.78126
0.066 3.78014
0.069 3.779
0.072 3.77786
0.075 3.77671
0.078 3.77555
0.081 3.77439
0.084 3.77321
0.087 3.77203
0.09 3.77085
0.093 3.76965
0.096 3.76845
0.099 3.76724
0.102 3.76602
0.105 3.7648
0.108 3.76357
0.111 3.76233
0.114 3.76108
0.117 3.75982
0.12 3.75856
0.123 3.75729
0.126 3.75601
0.129 3.75472
0.132 3.75343
0.135 3.75212
0.138 3.75081
0.141 3.74949
0.144 3.74817
0.147 3.74683
0.15 3.74549
0.153 3.74414
0.156 3.74278
0.159 3.74141
0.162 3.74004
0.165 3.73865
0.168 3.73726
0.171 3.73586
0.174 3.73445
0.177 3.73304
0.18 3.73161
0.183 3.73018
0.186 3.72874
0.189 3.72729
0.192 3.72583
0.195 3.72437
0.198 3.72289
0.201 3.72141
0.204 3.71992
0.207 3.71842
0.21 3.71691
0.213 3.71539
0.216 3.71387
0.219 3.71234
0.222 3.7108
0.225 3.70925
0.228 3.70769
0.231 3.70612
0.234 3.70455
0.237 3.70297
0.24 3.70137
0.243 3.69978
0.246 3.69817
0.249 3.69655
0.252 3.69493
0.255 3.6933
0.258 3.69166
0.261 3.69001
0.264 3.68835
0.267 3.68669
0.27 3.68501
0.273 3.68333
0.276 3.68165
0.279 3.67995
0.282 3.67824
0.285 3.67653
0.288 3.67481
0.291 3.67308
0.294 3.67135
0.297 3.6696
0.3 3.66785
0.303 3.66609
0.306 3.66433
0.309 3.66255
0.312 3.66077
0.315 3.65899
0.318 3.65719
0.321 3.65539
0.324 3.65358
0.327 3.65176
0.33 3.64993
0.333 3.6481
0.336 3.64626
0.339 3.64442
0.342 3.64256
0.345 3.64071
0.348 3.63884
0.351 3.63697
0.354 3.63509
0.357 3.6332
0.36 3.63131
0.363 3.62941
0.366 3.62751
0.369 3.6256
0.372 3.62368
0.375 3.62176
0.378 3.61983
0.381 3.6179
0.384 3.61596
0.387 3.61401
0.39 3.61206
0.393 3.6101
0.396 3.60814
0.399 3.60618
0.402 3.6042
0.405 3.60223
0.408 3.60025
0.411 3.59826
0.414 3.59627
0.417 3.59427
0.42 3.59227
0.423 3.59027
0.426 3.58826
0.429 3.58624
0.432 3.58422
0.435 3.5822
0.438 3.58018
0.441 3.57815
0.444 3.57611
0.447 3.57408
0.45 3.57204
0.453 3.56999
0.456 3.56795
0.459 3.5659
0.462 3.56384
0.465 3.56179
0.468 3.55973
0.471 3.55767
0.474 3.5556
0.477 3.55354
0.48 3.55147
0.483 3.54939
0.486 3.54732
0.489 3.54524
0.492 3.54317
0.495 3.54109
0.498 3.53901
0.501 3.53692
0.504 3.53484
0.507 3.53275
0.51 3.53066
0.513 3.52857
0.516 3.52648
0.519 3.52439
0.522 3.5223
0.525 3.52021
0.528 3.51811
0.531 3.51602
0.534 3.51392
0.537 3.51183
0.54 3.50973
0.543 3.50764
0.546 3.50554
0.549 3.50345
0.552 3.50135
0.555 3.49925
0.558 3.49716
0.561 3.49506
0.564 3.49297
0.567 3.49087
0.57 3.48878
0.573 3.48669
0.576 3.4846
0.579 3.48251
0.582 3.48042
0.585 3.47833
0.588 3.47624
0.591 3.47415
0.594 3.47207
0.597 3.46998
0.6 3.4679
0.603 3.46582
0.606 3.46374
0.609 3.46166
0.612 3.45959
0.615 3.45751
0.618 3.45544
0.621 3.45337
0.624 3.45131
0.627 3.44924
0.63 3.44718
0.633 3.44512
0.636 3.44306
0.639 3.44101
0.642 3.43895
0.645 3.4369
0.648 3.43486
0.651 3.43281
0.654 3.43077
0.657 3.42873
0.66 3.4267
0.663 3.42466
0.666 3.42263
0.669 3.42061
0.672 3.41859
0.675 3.41657
0.678 3.41455
0.681 3.41254
0.684 3.41053
0.687 3.40852
0.69 3.40652
0.693 3.40452
0.696 3.40253
0.699 3.40054
0.702 3.39855
0.705 3.39657
0.708 3.39459
0.711 3.39261
0.714 3.39064
0.717 3.38867
0.72 3.38671
0.723 3.38475
0.726 3.3828
0.729 3.38085
0.732 3.3789
0.735 3.37696
0.738 3.37503
0.741 3.37309
0.744 3.37116
0.747 3.36924
0.75 3.36732
0.753 3.36541
0.756 3.3635
0.759 3.36159
0.762 3.35969
0.765 3.3578
0.768 3.35591
0.771 3.35402
0.774 3.35214
0.777 3.35026
0.78 3.34839
0.783 3.34653
0.786 3.34467
0.789 3.34281
0.792 3.34096
0.795 3.33911
0.798 3.33727
0.801 3.33543
0.804 3.3336
0.807 3.33178
0.81 3.32996
0.813 3.32814
0.816 3.32633
0.819 3.32453
0.822 3.32273
0.825 3.32093
0.828 3.31914
0.831 3.31736
0.834 3.31558
0.837 3.31381
0.84 3.31204
0.843 3.31028
0.846 3.30852
0.849 3.30677
0.852 3.30502
0.855 3.30328
0.858 3.30155
0.861 3.29982
0.864 3.2981
0.867 3.29638
0.87 3.29466
0.873 3.29296
0.876 3.29126
0.879 3.28956
0.882 3.28787
0.885 3.28618
0.888 3.2845
0.891 3.28283
0.894 3.28116
0.897 3.2795
0.9 3.27784
0.903 3.27619
0.906 3.27454
0.909 3.2729
0.912 3.27127
0.915 3.26964
0.918 3.26801
0.921 3.2664
0.924 3.26478
0.927 3.26318
0.93 3.26158
0.933 3.25998
0.936 3.25839
0.939 3.25681
0.942 3.25523
0.945 3.25365
0.948 3.25209
0.951 3.25053
0.954 3.24897
0.957 3.24742
0.96 3.24587
0.963 3.24433
0.966 3.2428
0.969 3.24127
0.972 3.23975
0.975 3.23823
0.978 3.23672
0.981 3.23521
0.984 3.23371
0.987 3.23222
0.99 3.23073
0.993 3.22925
0.996 3.22777
0.999 3.2263
1.002 3.22483
1.005 3.22337
1.008 3.22191
1.011 3.22046
1.014 3.21901
1.017 3.21757
1.02 3.21614
1.023 3.21471
1.026 3.21329
1.029 3.21187
1.032 3.21046
1.035 3.20905
1.038 3.20765
1.041 3.20625
1.044 3.20486
1.047 3.20347
1.05 3.20209
1.053 3.20072
1.056 3.19935
1.059 3.19798
1.062 3.19662
1.065 3.19527
1.068 3.19392
1.071 3.19258
1.074 3.19124
1.077 3.1899
1.08 3.18857
1.083 3.18725
1.086 3.18593
1.089 3.18462
1.092 3.18331
1.095 3.18201
1.098 3.18071
1.101 3.17942
1.104 3.17813
1.107 3.17685
1.11 3.17557
1.113 3.1743
1.116 3.17303
1.119 3.17177
1.122 3.17051
1.125 3.16926
1.128 3.16801
1.131 3.16676
1.134 3.16553
1.137 3.16429
1.14 3.16306
1.143 3.16184
1.146 3.16062
1.149 3.1594
1.152 3.15819
1.155 3.15699
1.158 3.15579
1.161 3.15459
1.164 3.1534
1.167 3.15221
1.17 3.15103
1.173 3.14985
1.176 3.14868
1.179 3.14751
1.182 3.14635
1.185 3.14519
1.188 3.14403
1.191 3.14288
1.194 3.14173
1.197 3.14059
1.2 3.13945
1.203 3.13832
1.206 3.13719
1.209 3.13606
1.212 3.13494
1.215 3.13383
1.218 3.13271
1.221 3.13161
1.224 3.1305
1.227 3.1294
1.23 3.12831
1.233 3.12721
1.236 3.12613
1.239 3.12504
1.242 3.12396
1.245 3.12289
1.248 3.12182
1.251 3.12075
1.254 3.11968
1.257 3.11863
1.26 3.11757
1.263 3.11652
1.266 3.11547
1.269 3.11442
1.272 3.11338
1.275 3.11235
1.278 3.11131
1.281 3.11028
1.284 3.10926
1.287 3.10824
1.29 3.10722
1.293 3.1062
1.296 3.10519
1.299 3.10418
1.302 3.10318
1.305 3.10218
1.308 3.10118
1.311 3.10019
1.314 3.09919
1.317 3.09821
1.32 3.09722
1.323 3.09624
1.326 3.09527
1.329 3.09429
1.332 3.09332
1.335 3.09236
1.338 3.09139
1.341 3.09043
1.344 3.08947
1.347 3.08852
1.35 3.08757
1.353 3.08662
1.356 3.08567
1.359 3.08473
1.362 3.08379
1.365 3.08286
1.368 3.08192
1.371 3.08099
1.374 3.08007
1.377 3.07914
1.38 3.07822
1.383 3.0773
1.386 3.07639
1.389 3.07547
1.392 3.07456
1.395 3.07366
1.398 3.07275
1.401 3.07185
1.404 3.07095
1.407 3.07005
1.41 3.06916
1.413 3.06827
1.416 3.06738
1.419 3.06649
1.422 3.06561
1.425 3.06473
1.428 3.06385
1.431 3.06297
1.434 3.0621
1.437 3.06123
1.44 3.06036
1.443 3.05949
1.446 3.05863
1.449 3.05777
1.452 3.05691
1.455 3.05605
1.458 3.0552
1.461 3.05434
1.464 3.05349
1.467 3.05265
1.47 3.0518
1.473 3.05095
1.476 3.05011
1.479 3.04927
1.482 3.04844
1.485 3.0476
1.488 3.04677
1.491 3.04593
1.494 3.0451
1.497 3.04428
1.5 3.04345
1.503 3.04263
1.506 3.0418
1.509 3.04098
1.512 3.04017
1.515 3.03935
1.518 3.03853
1.521 3.03772
1.524 3.03691
1.527 3.0361
1.53 3.03529
1.533 3.03449
1.536 3.03368
1.539 3.03288
1.542 3.03208
1.545 3.03128
1.548 3.03048
1.551 3.02968
1.554 3.02889
1.557 3.02809
1.56 3.0273
1.563 3.02651
1.566 3.02572
1.569 3.02493
1.572 3.02415
1.575 3.02336
1.578 3.02258
1.581 3.02179
1.584 3.02101
1.587 3.02023
1.59 3.01945
1.593 3.01868
1.596 3.0179
1.599 3.01712
1.602 3.01635
1.605 3.01558
1.608 3.01481
1.611 3.01404
1.614 3.01327
1.617 3.0125
1.62 3.01173
1.623 3.01096
1.626 3.0102
1.629 3.00943
1.632 3.00867
1.635 3.00791
1.638 3.00715
1.641 3.00639
1.644 3.00563
1.647 3.00487
1.65 3.00411
1.653 3.00335
1.656 3.0026
1.659 3.00184
1.662 3.00109
1.665 3.00033
1.668 2.99958
1.671 2.99883
1.674 2.99807
1.677 2.99732
1.68 2.99657
1.683 2.99582
1.686 2.99507
1.689 2.99433
1.692 2.99358
1.695 2.99283
1.698 2.99208
1.701 2.99134
1.704 2.99059
1.707 2.98985
1.71 2.9891
1.713 2.98836
1.716 2.98761
1.719 2.98687
1.722 2.98613
1.725 2.98538
1.728 2.98464
1.731 2.9839
1.734 2.98316
1.737 2.98242
1.74 2.98168
1.743 2.98094
1.746 2.9802
1.749 2.97946
1.752 2.97872
1.755 2.97798
1.758 2.97724
1.761 2.9765
1.764 2.97576
1.767 2.97502
1.77 2.97428
1.773 2.97355
1.776 2.97281
1.779 2.97207
1.782 2.97133
1.785 2.97059
1.788 2.96986
1.791 2.96912
1.794 2.96838
1.797 2.96765
1.8 2.96691
1.803 2.96617
1.806 2.96543
1.809 2.9647
1.812 2.96396
1.815 2.96322
1.818 2.96249
1.821 2.96175
1.824 2.96101
1.827 2.96028
1.83 2.95954
1.833 2.9588
1.836 2.95807
1.839 2.95733
1.842 2.95659
1.845 2.95585
1.848 2.95512
1.851 2.95438
1.854 2.95364
1.857 2.9529
1.86 2.95217
1.863 2.95143
1.866 2.95069
1.869 2.94995
1.872 2.94922
1.875 2.94848
1.878 2.94774
1.881 2.947
1.884 2.94626
1.887 2.94552
1.89 2.94478
1.893 2.94404
1.896 2.9433
1.899 2.94256
1.902 2.94182
1.905 2.94108
1.908 2.94034
1.911 2.9396
1.914 2.93886
1.917 2.93812
1.92 2.93738
1.923 2.93664
1.926 2.9359
1.929 2.93516
1.932 2.93442
1.935 2.93368
1.938 2.93293
1.941 2.93219
1.944 2.93145
1.947 2.93071
1.95 2.92996
1.953 2.92922
1.956 2.92848
1.959 2.92773
1.962 2.92699
1.965 2.92625
1.968 2.9255
1.971 2.92476
1.974 2.92402
1.977 2.92327
1.98 2.92253
1.983 2.92178
1.986 2.92104
1.989 2.92029
1.992 2.91955
1.995 2.9188
1.998 2.91806
2.001 2.91731
2.004 2.91657
2.007 2.91582
2.01 2.91508
2.013 2.91433
2.016 2.91359
2.019 2.91284
2.022 2.9121
2.025 2.91135
2.028 2.91061
2.031 2.90986
2.034 2.90912
2.037 2.90837
2.04 2.90763
2.043 2.90688
2.046 2.90614
2.049 2.90539
2.052 2.90465
2.055 2.9039
2.058 2.90316
2.061 2.90241
2.064 2.90167
2.067 2.90092
2.07 2.90018
2.073 2.89944
2.076 2.89869
2.079 2.89795
2.082 2.89721
2.085 2.89647
2.088 2.89572
2.091 2.89498
2.094 2.89424
2.097 2.8935
2.1 2.89276
2.103 2.89202
2.106 2.89128
2.109 2.89054
2.112 2.8898
2.115 2.88906
2.118 2.88832
2.121 2.88759
2.124 2.88685
2.127 2.88611
2.13 2.88538
2.133 2.88464
2.136 2.88391
2.139 2.88317
2.142 2.88244
2.145 2.88171
2.148 2.88098
2.151 2.88025
2.154 2.87952
2.157 2.87879
2.16 2.87806
2.163 2.87733
2.166 2.87661
2.169 2.87588
2.172 2.87516
2.175 2.87443
2.178 2.87371
2.181 2.87299
2.184 2.87227
2.187 2.87155
2.19 2.87083
2.193 2.87011
2.196 2.8694
2.199 2.86868
2.202 2.86797
2.205 2.86726
2.208 2.86655
2.211 2.86584
2.214 2.86513
2.217 2.86442
2.22 2.86372
2.223 2.86302
2.226 2.86231
2.229 2.86161
2.232 2.86091
2.235 2.86022
2.238 2.85952
2.241 2.85883
2.244 2.85813
2.247 2.85744
2.25 2.85675
2.253 2.85607
2.256 2.85538
2.259 2.8547
2.262 2.85402
2.265 2.85334
2.268 2.85266
2.271 2.85198
2.274 2.85131
2.277 2.85064
2.28 2.84997
2.283 2.8493
2.286 2.84864
2.289 2.84797
2.292 2.84731
2.295 2.84665
2.298 2.846
2.301 2.84534
2.304 2.84469
2.307 2.84404
2.31 2.84339
2.313 2.84275
2.316 2.84211
2.319 2.84147
2.322 2.84083
2.325 2.8402
2.328 2.83956
2.331 2.83893
2.334 2.83831
2.337 2.83768
2.34 2.83706
2.343 2.83644
2.346 2.83583
2.349 2.83521
2.352 2.8346
2.355 2.834
2.358 2.83339
2.361 2.83279
2.364 2.83219
2.367 2.8316
2.37 2.831
2.373 2.83042
2.376 2.82983
2.379 2.82925
2.382 2.82867
2.385 2.82809
2.388 2.82751
2.391 2.82694
2.394 2.82638
2.397 2.82581
2.4 2.82525
2.403 2.82469
2.406 2.82414
2.409 2.82359
2.412 2.82304
2.415 2.8225
2.418 2.82196
2.421 2.82142
2.424 2.82089
2.427 2.82035
2.43 2.81983
2.433 2.8193
2.436 2.81879
2.439 2.81827
2.442 2.81776
2.445 2.81725
2.448 2.81674
2.451 2.81624
2.454 2.81574
2.457 2.81525
2.46 2.81476
2.463 2.81427
2.466 2.81379
2.469 2.81331
2.472 2.81284
2.475 2.81236
2.478 2.8119
2.481 2.81143
2.484 2.81097
2.487 2.81052
2.49 2.81006
2.493 2.80962
2.496 2.80917
2.499 2.80873
2.502 2.80829
2.505 2.80786
2.508 2.80743
2.511 2.80701
2.514 2.80659
2.517 2.80617
2.52 2.80576
2.523 2.80535
2.526 2.80494
2.529 2.80454
2.532 2.80414
2.535 2.80375
2.538 2.80336
2.541 2.80298
2.544 2.8026
2.547 2.80222
2.55 2.80185
2.553 2.80148
2.556 2.80111
2.559 2.80075
2.562 2.8004
2.565 2.80004
2.568 2.79969
2.571 2.79935
2.574 2.79901
2.577 2.79867
2.58 2.79834
2.583 2.79801
2.586 2.79769
2.589 2.79737
2.592 2.79705
2.595 2.79674
2.598 2.79643
2.601 2.79612
2.604 2.79582
2.607 2.79553
2.61 2.79524
2.613 2.79495
2.616 2.79466
2.619 2.79438
2.622 2.7941
2.625 2.79383
2.628 2.79356
2.631 2.7933
2.634 2.79304
2.637 2.79278
2.64 2.79253
2.643 2.79228
2.646 2.79203
2.649 2.79179
2.652 2.79155
2.655 2.79132
2.658 2.79109
2.661 2.79086
2.664 2.79064
2.667 2.79042
2.67 2.79021
2.673 2.79
2.676 2.78979
2.679 2.78959
2.682 2.78939
2.685 2.78919
2.688 2.789
2.691 2.78881
2.694 2.78862
2.697 2.78844
2.7 2.78826
2.703 2.78809
2.706 2.78792
2.709 2.78775
2.712 2.78759
2.715 2.78743
2.718 2.78727
2.721 2.78712
2.724 2.78697
2.727 2.78682
2.73 2.78668
2.733 2.78654
2.736 2.7864
2.739 2.78627
2.742 2.78614
2.745 2.78601
2.748 2.78589
2.751 2.78577
2.754 2.78565
2.757 2.78554
2.76 2.78543
2.763 2.78532
2.766 2.78521
2.769 2.78511
2.772 2.78501
2.775 2.78492
2.778 2.78483
2.781 2.78474
2.784 2.78465
2.787 2.78457
2.79 2.78449
2.793 2.78441
2.796 2.78434
2.799 2.78427
2.802 2.7842
2.805 2.78413
2.808 2.78407
2.811 2.78401
2.814 2.78395
2.817 2.7839
2.82 2.78384
2.823 2.78379
2.826 2.78375
2.829 2.7837
2.832 2.78366
2.835 2.78362
2.838 2.78359
2.841 2.78355
2.844 2.78352
2.847 2.78349
2.85 2.78347
2.853 2.78344
2.856 2.78342
2.859 2.7834
2.862 2.78338
2.865 2.78337
2.868 2.78336
2.871 2.78335
2.874 2.78334
2.877 2.78333
2.88 2.78333
2.883 2.78333
2.886 2.78333
2.889 2.78333
2.892 2.78333
2.895 2.78334
2.898 2.78335
2.901 2.78336
2.904 2.78337
2.907 2.78339
2.91 2.78341
2.913 2.78342
2.916 2.78345
2.919 2.78347
2.922 2.78349
2.925 2.78352
2.928 2.78355
2.931 2.78358
2.934 2.78361
2.937 2.78364
2.94 2.78368
2.943 2.78371
2.946 2.78375
2.949 2.78379
2.952 2.78383
2.955 2.78387
2.958 2.78392
2.961 2.78397
2.964 2.78401
2.967 2.78406
2.97 2.78411
2.973 2.78417
2.976 2.78422
2.979 2.78427
2.982 2.78433
2.985 2.78439
2.988 2.78445
2.991 2.78451
2.994 2.78457
2.997 2.78463
3 2.7847
3.001 5
