0 -10
0.003 -5.8873
0.006 -5.88366
0.009 -5.88
0.012 -5.87631
0.015 -5.8726
0.018 -5.86887
0.021 -5.86511
0.024 -5.86133
0.027 -5.85752
0.03 -5.85369
0.033 -5.84984
0.036 -5.84596
0.039 -5.84205
0.042 -5.83813
0.045 -5.83418
0.048 -5.8302
0.051 -5.8262
0.054 -5.82218
0.057 -5.81813
0.06 -5.81406
0.063 -5.80996
0.066 -5.80584
0.069 -5.8017
0.072 -5.79753
0.075 -5.79334
0.078 -5.78912
0.081 -5.78487
0.084 -5.78061
0.087 -5.77632
0.09 -5.772
0.093 -5.76766
0.096 -5.7633
0.099 -5.75891
0.102 -5.7545
0.105 -5.75006
0.108 -5.7456
0.111 -5.74111
0.114 -5.7366
0.117 -5.73207
0.12 -5.72751
0.123 -5.72292
0.126 -5.71832
0.129 -5.71368
0.132 -5.70903
0.135 -5.70435
0.138 -5.69964
0.141 -5.69491
0.144 -5.69016
0.147 -5.68539
0.15 -5.68059
0.153 -5.67576
0.156 -5.67091
0.159 -5.66604
0.162 -5.66115
0.165 -5.65623
0.168 -5.65128
0.171 -5.64632
0.174 -5.64133
0.177 -5.63631
0.18 -5.63128
0.183 -5.62622
0.186 -5.62113
0.189 -5.61603
0.192 -5.6109
0.195 -5.60574
0.198 -5.60057
0.201 -5.59537
0.204 -5.59015
0.207 -5.58491
0.21 -5.57964
0.213 -5.57435
0.216 -5.56904
0.219 -5.56371
0.222 -5.55835
0.225 -5.55298
0.228 -5.54758
0.231 -5.54216
0.234 -5.53672
0.237 -5.53126
0.24 -5.52577
0.243 -5.52027
0.246 -5.51474
0.249 -5.50919
0.252 -5.50362
0.255 -5.49804
0.258 -5.49243
0.261 -5.4868
0.264 -5.48115
0.267 -5.47548
0.27 -5.46979
0.273 -5.46408
0.276 -5.45835
0.279 -5.45261
0.282 -5.44684
0.285 -5.44106
0.288 -5.43525
0.291 -5.42943
0.294 -5.42359
0.297 -5.41773
0.3 -5.41185
0.303 -5.40596
0.306 -5.40005
0.309 -5.39412
0.312 -5.38817
0.315 -5.38221
0.318 -5.37623
0.321 -5.37023
0.324 -5.36422
0.327 -5.35819
0.33 -5.35215
0.333 -5.34609
0.336 -5.34002
0.339 -5.33393
0.342 -5.32782
0.345 -5.3217
0.348 -5.31557
0.351 -5.30942
0.354 -5.30326
0.357 -5.29709
0.36 -5.2909
0.363 -5.2847
0.366 -5.27849
0.369 -5.27226
0.372 -5.26602
0.375 -5.25977
0.378 -5.25351
0.381 -5.24724
0.384 -5.24096
0.387 -5.23466
0.39 -5.22836
0.393 -5.22204
0.396 -5.21572
0.399 -5.20938
0.402 -5.20304
0.405 -5.19669
0.408 -5.19033
0.411 -5.18396
0.414 -5.17758
0.417 -5.1712
0.42 -5.1648
0.423 -5.1584
0.426 -5.152
0.429 -5.14559
0.432 -5.13917
0.435 -5.13274
0.438 -5.12631
0.441 -5.11988
0.444 -5.11344
0.447 -5.10699
0.45 -5.10054
0.453 -5.09409
0.456 -5.08764
0.459 -5.08118
0.462 -5.07472
0.465 -5.06825
0.468 -5.06179
0.471 -5.05532
0.474 -5.04885
0.477 -5.04238
0.48 -5.03591
0.483 -5.02943
0.486 -5.02296
0.489 -5.01649
0.492 -5.01002
0.495 -5.00355
0.498 -4.99708
0.501 -4.99061
0.504 -4.98415
0.507 -4.97769
0.51 -4.97123
0.513 -4.96477
0.516 -4.95832
0.519 -4.95187
0.522 -4.94542
0.525 -4.93898
0.528 -4.93254
0.531 -4.92611
0.534 -4.91968
0.537 -4.91326
0.54 -4.90685
0.543 -4.90044
0.546 -4.89404
0.549 -4.88765
0.552 -4.88126
0.555 -4.87488
0.558 -4.86851
0.561 -4.86215
0.564 -4.85579
0.567 -4.84945
0.57 -4.84311
0.573 -4.83679
0.576 -4.83047
0.579 -4.82417
0.582 -4.81788
0.585 -4.81159
0.588 -4.80532
0.591 -4.79906
0.594 -4.79281
0.597 -4.78657
0.6 -4.78035
0.603 -4.77414
0.606 -4.76794
0.609 -4.76176
0.612 -4.75559
0.615 -4.74943
0.618 -4.74329
0.621 -4.73716
0.624 -4.73104
0.627 -4.72495
0.63 -4.71886
0.633 -4.7128
0.636 -4.70674
0.639 -4.70071
0.642 -4.69469
0.645 -4.68869
0.648 -4.6827
0.651 -4.67673
0.654 -4.67078
0.657 -4.66485
0.66 -4.65893
0.663 -4.65303
0.666 -4.64715
0.669 -4.64129
0.672 -4.63545
0.675 -4.62962
0.678 -4.62382
0.681 -4.61803
0.684 -4.61226
0.687 -4.60652
0.69 -4.60079
0.693 -4.59508
0.696 -4.5894
0.699 -4.58373
0.702 -4.57808
0.705 -4.57246
0.708 -4.56685
0.711 -4.56127
0.714 -4.55571
0.717 -4.55016
0.72 -4.54464
0.723 -4.53914
0.726 -4.53367
0.729 -4.52821
0.732 -4.52278
0.735 -4.51737
0.738 -4.51198
0.741 -4.50661
0.744 -4.50126
0.747 -4.49594
0.75 -4.49064
0.753 -4.48536
0.756 -4.48011
0.759 -4.47488
0.762 -4.46967
0.765 -4.46448
0.768 -4.45932
0.771 -4.45417
0.774 -4.44906
0.777 -4.44396
0.78 -4.43889
0.783 -4.43384
0.786 -4.42881
0.789 -4.42381
0.792 -4.41883
0.795 -4.41388
0.798 -4.40894
0.801 -4.40403
0.804 -4.39915
0.807 -4.39428
0.81 -4.38944
0.813 -4.38463
0.816 -4.37984
0.819 -4.37506
0.822 -4.37032
0.825 -4.36559
0.828 -4.36089
0.831 -4.35622
0.834 -4.35156
0.837 -4.34693
0.84 -4.34232
0.843 -4.33774
0.846 -4.33317
0.849 -4.32863
0.852 -4.32412
0.855 -4.31962
0.858 -4.31515
0.861 -4.3107
0.864 -4.30628
0.867 -4.30187
0.87 -4.29749
0.873 -4.29313
0.876 -4.28879
0.879 -4.28448
0.882 -4.28019
0.885 -4.27592
0.888 -4.27167
0.891 -4.26744
0.894 -4.26323
0.897 -4.25905
0.9 -4.25489
0.903 -4.25075
0.906 -4.24663
0.909 -4.24253
0.912 -4.23845
0.915 -4.23439
0.918 -4.23036
0.921 -4.22634
0.924 -4.22234
0.927 -4.21837
0.93 -4.21442
0.933 -4.21048
0.936 -4.20657
0.939 -4.20267
0.942 -4.1988
0.945 -4.19494
0.948 -4.1911
0.951 -4.18729
0.954 -4.18349
0.957 -4.17971
0.96 -4.17595
0.963 -4.17221
0.966 -4.16849
0.969 -4.16478
0.972 -4.1611
0.975 -4.15743
0.978 -4.15378
0.981 -4.15015
0.984 -4.14654
0.987 -4.14294
0.99 -4.13936
0.993 -4.1358
0.996 -4.13225
0.999 -4.12872
1.002 -4.12521
1.005 -4.12171
1.008 -4.11824
1.011 -4.11477
1.014 -4.11133
1.017 -4.10789
1.02 -4.10448
1.023 -4.10108
1.026 -4.0977
1.029 -4.09433
1.032 -4.09097
1.035 -4.08763
1.038 -4.08431
1.041 -4.081
1.044 -4.0777
1.047 -4.07442
1.05 -4.07115
1.053 -4.0679
1.056 -4.06466
1.059 -4.06143
1.062 -4.05822
1.065 -4.05502
1.068 -4.05183
1.071 -4.04866
1.074 -4.0455
1.077 -4.04235
1.08 -4.03921
1.083 -4.03608
1.086 -4.03297
1.089 -4.02987
1.092 -4.02678
1.095 -4.0237
1.098 -4.02064
1.101 -4.01758
1.104 -4.01454
1.107 -4.01151
1.11 -4.00848
1.113 -4.00547
1.116 -4.00247
1.119 -3.99948
1.122 -3.9965
1.125 -3.99353
1.128 -3.99056
1.131 -3.98761
1.134 -3.98467
1.137 -3.98174
1.14 -3.97881
1.143 -3.9759
1.146 -3.97299
1.149 -3.97009
1.152 -3.9672
1.155 -3.96432
1.158 -3.96145
1.161 -3.95858
1.164 -3.95573
1.167 -3.95288
1.17 -3.95003
1.173 -3.9472
1.176 -3.94437
1.179 -3.94155
1.182 -3.93874
1.185 -3.93593
1.188 -3.93314
1.191 -3.93034
1.194 -3.92756
1.197 -3.92478
1.2 -3.922
1.203 -3.91924
1.206 -3.91647
1.209 -3.91372
1.212 -3.91097
1.215 -3.90822
1.218 -3.90548
1.221 -3.90275
1.224 -3.90002
1.227 -3.8973
1.23 -3.89458
1.233 -3.89186
1.236 -3.88915
1.239 -3.88645
1.242 -3.88374
1.245 -3.88105
1.248 -3.87836
1.251 -3.87567
1.254 -3.87298
1.257 -3.8703
1.26 -3.86762
1.263 -3.86495
1.266 -3.86228
1.269 -3.85961
1.272 -3.85695
1.275 -3.85429
1.278 -3.85163
1.281 -3.84898
1.284 -3.84633
1.287 -3.84368
1.29 -3.84103
1.293 -3.83839
1.296 -3.83575
1.299 -3.83311
1.302 -3.83047
1.305 -3.82784
1.308 -3.82521
1.311 -3.82258
1.314 -3.81995
1.317 -3.81732
1.32 -3.8147
1.323 -3.81207
1.326 -3.80945
1.329 -3.80683
1.332 -3.80421
1.335 -3.8016
1.338 -3.79898
1.341 -3.79637
1.344 -3.79375
1.347 -3.79114
1.35 -3.78853
1.353 -3.78592
1.356 -3.78331
1.359 -3.7807
1.362 -3.7781
1.365 -3.77549
1.368 -3.77288
1.371 -3.77028
1.374 -3.76767
1.377 -3.76507
1.38 -3.76247
1.383 -3.75986
1.386 -3.75726
1.389 -3.75466
1.392 -3.75206
1.395 -3.74945
1.398 -3.74685
1.401 -3.74425
1.404 -3.74165
1.407 -3.73905
1.41 -3.73645
1.413 -3.73385
1.416 -3.73125
1.419 -3.72865
1.422 -3.72605
1.425 -3.72345
1.428 -3.72085
1.431 -3.71825
1.434 -3.71565
1.437 -3.71305
1.44 -3.71045
1.443 -3.70785
1.446 -3.70525
1.449 -3.70265
1.452 -3.70005
1.455 -3.69745
1.458 -3.69485
1.461 -3.69225
1.464 -3.68965
1.467 -3.68705
1.47 -3.68445
1.473 -3.68185
1.476 -3.67925
1.479 -3.67665
1.482 -3.67405
1.485 -3.67145
1.488 -3.66885
1.491 -3.66626
1.494 -3.66366
1.497 -3.66106
1.5 -3.65846
1.503 -3.65586
1.506 -3.65327
1.509 -3.65067
1.512 -3.64808
1.515 -3.64548
1.518 -3.64289
1.521 -3.64029
1.524 -3.6377
1.527 -3.63511
1.53 -3.63252
1.533 -3.62992
1.536 -3.62734
1.539 -3.62475
1.542 -3.62216
1.545 -3.61957
1.548 -3.61699
1.551 -3.6144
1.554 -3.61182
1.557 -3.60924
1.56 -3.60666
1.563 -3.60408
1.566 -3.6015
1.569 -3.59893
1.572 -3.59636
1.575 -3.59379
1.578 -3.59122
1.581 -3.58865
1.584 -3.58608
1.587 -3.58352
1.59 -3.58096
1.593 -3.5784
1.596 -3.57585
1.599 -3.57329
1.602 -3.57074
1.605 -3.5682
1.608 -3.56565
1.611 -3.56311
1.614 -3.56057
1.617 -3.55804
1.62 -3.55551
1.623 -3.55298
1.626 -3.55045
1.629 -3.54793
1.632 -3.54541
1.635 -3.5429
1.638 -3.54039
1.641 -3.53788
1.644 -3.53538
1.647 -3.53288
1.65 -3.53039
1.653 -3.5279
1.656 -3.52541
1.659 -3.52293
1.662 -3.52046
1.665 -3.51799
1.668 -3.51552
1.671 -3.51306
1.674 -3.51061
1.677 -3.50816
1.68 -3.50571
1.683 -3.50327
1.686 -3.50084
1.689 -3.49841
1.692 -3.49599
1.695 -3.49357
1.698 -3.49116
1.701 -3.48876
1.704 -3.48636
1.707 -3.48397
1.71 -3.48159
1.713 -3.47921
1.716 -3.47684
1.719 -3.47447
1.722 -3.47211
1.725 -3.46976
1.728 -3.46742
1.731 -3.46508
1.734 -3.46275
1.737 -3.46043
1.74 -3.45811
1.743 -3.45581
1.746 -3.45351
1.749 -3.45121
1.752 -3.44893
1.755 -3.44665
1.758 -3.44438
1.761 -3.44212
1.764 -3.43987
1.767 -3.43763
1.77 -3.43539
1.773 -3.43316
1.776 -3.43095
1.779 -3.42873
1.782 -3.42653
1.785 -3.42434
1.788 -3.42216
1.791 -3.41998
1.794 -3.41781
1.797 -3.41566
1.8 -3.41351
1.803 -3.41137
1.806 -3.40924
1.809 -3.40712
1.812 -3.40501
1.815 -3.40291
1.818 -3.40081
1.821 -3.39873
1.824 -3.39666
1.827 -3.39459
1.83 -3.39254
1.833 -3.39049
1.836 -3.38846
1.839 -3.38644
1.842 -3.38442
1.845 -3.38242
1.848 -3.38042
1.851 -3.37844
1.854 -3.37646
1.857 -3.3745
1.86 -3.37255
1.863 -3.3706
1.866 -3.36867
1.869 -3.36675
1.872 -3.36484
1.875 -3.36294
1.878 -3.36105
1.881 -3.35916
1.884 -3.3573
1.887 -3.35544
1.89 -3.35359
1.893 -3.35175
1.896 -3.34992
1.899 -3.34811
1.902 -3.34631
1.905 -3.34451
1.908 -3.34273
1.911 -3.34096
1.914 -3.3392
1.917 -3.33745
1.92 -3.33571
1.923 -3.33398
1.926 -3.33227
1.929 -3.33056
1.932 -3.32887
1.935 -3.32719
1.938 -3.32552
1.941 -3.32386
1.944 -3.32222
1.947 -3.32058
1.95 -3.31896
1.953 -3.31735
1.956 -3.31575
1.959 -3.31416
1.962 -3.31258
1.965 -3.31102
1.968 -3.30947
1.971 -3.30793
1.974 -3.3064
1.977 -3.30488
1.98 -3.30338
1.983 -3.30189
1.986 -3.30041
1.989 -3.29894
1.992 -3.29749
1.995 -3.29605
1.998 -3.29462
2.001 -3.2932
2.004 -3.29179
2.007 -3.2904
2.01 -3.28902
2.013 -3.28766
2.016 -3.2863
2.019 -3.28496
2.022 -3.28363
2.025 -3.28232
2.028 -3.28101
2.031 -3.27973
2.034 -3.27845
2.037 -3.27719
2.04 -3.27594
2.043 -3.2747
2.046 -3.27348
2.049 -3.27226
2.052 -3.27107
2.055 -3.26988
2.058 -3.26871
2.061 -3.26756
2.064 -3.26641
2.067 -3.26528
2.07 -3.26417
2.073 -3.26307
2.076 -3.26198
2.079 -3.2609
2.082 -3.25984
2.085 -3.25879
2.088 -3.25776
2.091 -3.25674
2.094 -3.25574
2.097 -3.25474
2.1 -3.25377
2.103 -3.2528
2.106 -3.25185
2.109 -3.25092
2.112 -3.25
2.115 -3.24909
2.118 -3.24819
2.121 -3.24731
2.124 -3.24645
2.127 -3.2456
2.13 -3.24476
2.133 -3.24394
2.136 -3.24313
2.139 -3.24234
2.142 -3.24156
2.145 -3.24079
2.148 -3.24004
2.151 -3.2393
2.154 -3.23858
2.157 -3.23787
2.16 -3.23717
2.163 -3.23649
2.166 -3.23583
2.169 -3.23517
2.172 -3.23454
2.175 -3.23391
2.178 -3.2333
2.181 -3.23271
2.184 -3.23212
2.187 -3.23156
2.19 -3.231
2.193 -3.23046
2.196 -3.22994
2.199 -3.22943
2.202 -3.22893
2.205 -3.22844
2.208 -3.22797
2.211 -3.22752
2.214 -3.22707
2.217 -3.22664
2.22 -3.22623
2.223 -3.22582
2.226 -3.22544
2.229 -3.22506
2.232 -3.2247
2.235 -3.22435
2.238 -3.22401
2.241 -3.22369
2.244 -3.22338
2.247 -3.22308
2.25 -3.2228
2.253 -3.22253
2.256 -3.22227
2.259 -3.22203
2.262 -3.2218
2.265 -3.22158
2.268 -3.22137
2.271 -3.22117
2.274 -3.22099
2.277 -3.22082
2.28 -3.22066
2.283 -3.22052
2.286 -3.22038
2.289 -3.22026
2.292 -3.22015
2.295 -3.22005
2.298 -3.21996
2.301 -3.21989
2.304 -3.21982
2.307 -3.21977
2.31 -3.21973
2.313 -3.21969
2.316 -3.21967
2.319 -3.21966
2.322 -3.21967
2.325 -3.21968
2.328 -3.2197
2.331 -3.21973
2.334 -3.21978
2.337 -3.21983
2.34 -3.2199
2.343 -3.21997
2.346 -3.22005
2.349 -3.22015
2.352 -3.22025
2.355 -3.22036
2.358 -3.22048
2.361 -3.22062
2.364 -3.22076
2.367 -3.22091
2.37 -3.22106
2.373 -3.22123
2.376 -3.22141
2.379 -3.22159
2.382 -3.22179
2.385 -3.22199
2.388 -3.2222
2.391 -3.22242
2.394 -3.22264
2.397 -3.22288
2.4 -3.22312
2.403 -3.22337
2.406 -3.22363
2.409 -3.22389
2.412 -3.22417
2.415 -3.22444
2.418 -3.22473
2.421 -3.22503
2.424 -3.22533
2.427 -3.22563
2.43 -3.22595
2.433 -3.22627
2.436 -3.2266
2.439 -3.22693
2.442 -3.22727
2.445 -3.22762
2.448 -3.22797
2.451 -3.22833
2.454 -3.22869
2.457 -3.22906
2.46 -3.22944
2.463 -3.22982
2.466 -3.23021
2.469 -3.2306
2.472 -3.231
2.475 -3.2314
2.478 -3.23181
2.481 -3.23222
2.484 -3.23264
2.487 -3.23306
2.49 -3.23349
2.493 -3.23392
2.496 -3.23435
2.499 -3.23479
2.502 -3.23524
2.505 -3.23568
2.508 -3.23614
2.511 -3.23659
2.514 -3.23705
2.517 -3.23752
2.52 -3.23799
2.523 -3.23846
2.526 -3.23893
2.529 -3.23941
2.532 -3.23989
2.535 -3.24038
2.538 -3.24087
2.541 -3.24136
2.544 -3.24185
2.547 -3.24235
2.55 -3.24285
2.553 -3.24335
2.556 -3.24386
2.559 -3.24437
2.562 -3.24488
2.565 -3.24539
2.568 -3.24591
2.571 -3.24642
2.574 -3.24694
2.577 -3.24747
2.58 -3.24799
2.583 -3.24852
2.586 -3.24905
2.589 -3.24958
2.592 -3.25011
2.595 -3.25064
2.598 -3.25118
2.601 -3.25172
2.604 -3.25226
2.607 -3.2528
2.61 -3.25334
2.613 -3.25388
2.616 -3.25443
2.619 -3.25498
2.622 -3.25552
2.625 -3.25607
2.628 -3.25662
2.631 -3.25717
2.634 -3.25772
2.637 -3.25828
2.64 -3.25883
2.643 -3.25938
2.646 -3.25994
2.649 -3.2605
2.652 -3.26105
2.655 -3.26161
2.658 -3.26217
2.661 -3.26273
2.664 -3.26329
2.667 -3.26384
2.67 -3.2644
2.673 -3.26496
2.676 -3.26553
2.679 -3.26609
2.682 -3.26665
2.685 -3.26721
2.688 -3.26777
2.691 -3.26833
2.694 -3.26889
2.697 -3.26945
2.7 -3.27002
2.703 -3.27058
2.706 -3.27114
2.709 -3.2717
2.712 -3.27226
2.715 -3.27282
2.718 -3.27338
2.721 -3.27394
2.724 -3.2745
2.727 -3.27506
2.73 -3.27562
2.733 -3.27618
2.736 -3.27674
2.739 -3.2773
2.742 -3.27786
2.745 -3.27841
2.748 -3.27897
2.751 -3.27953
2.754 -3.28008
2.757 -3.28064
2.76 -3.28119
2.763 -3.28175
2.766 -3.2823
2.769 -3.28285
2.772 -3.2834
2.775 -3.28395
2.778 -3.2845
2.781 -3.28505
2.784 -3.2856
2.787 -3.28615
2.79 -3.2867
2.793 -3.28724
2.796 -3.28779
2.799 -3.28833
2.802 -3.28887
2.805 -3.28942
2.808 -3.28996
2.811 -3.2905
2.814 -3.29104
2.817 -3.29157
2.82 -3.29211
2.823 -3.29265
2.826 -3.29318
2.829 -3.29372
2.832 -3.29425
2.835 -3.29478
2.838 -3.29531
2.841 -3.29584
2.844 -3.29637
2.847 -3.29689
2.85 -3.29742
2.853 -3.29794
2.856 -3.29847
2.859 -3.29899
2.862 -3.29951
2.865 -3.30003
2.868 -3.30055
2.871 -3.30107
2.874 -3.30158
2.877 -3.3021
2.88 -3.30261
2.883 -3.30312
2.886 -3.30363
2.889 -3.30414
2.892 -3.30465
2.895 -3.30515
2.898 -3.30566
2.901 -3.30616
2.904 -3.30667
2.907 -3.30717
2.91 -3.30767
2.913 -3.30816
2.916 -3.30866
2.919 -3.30916
2.922 -3.30965
2.925 -3.31014
2.928 -3.31063
2.931 -3.31112
2.934 -3.31161
2.937 -3.3121
2.94 -3.31259
2.943 -3.31307
2.946 -3.31355
2.949 -3.31403
2.952 -3.31451
2.955 -3.31499
2.958 -3.31547
2.961 -3.31594
2.964 -3.31642
2.967 -3.31689
2.97 -3.31736
2.973 -3.31783
2.976 -3.3183
2.979 -3.31876
2.982 -3.31923
2.985 -3.31969
2.988 -3.32015
2.991 -3.32061
2.994 -3.32107
2.997 -3.32153
3 -3.32199
3.001 -10
