0 0
0.003 0.692659
0.006 0.694384
0.009 0.696121
0.012 0.69787
0.015 0.699633
0.018 0.701408
0.021 0.703195
0.024 0.704996
0.027 0.706809
0.03 0.708636
0.033 0.710475
0.036 0.712328
0.039 0.714193
0.042 0.716072
0.045 0.717964
0.048 0.719869
0.051 0.721788
0.054 0.723719
0.057 0.725665
0.06 0.727623
0.063 0.729595
0.066 0.731581
0.069 0.733581
0.072 0.735594
0.075 0.73762
0.078 0.739661
0.081 0.741715
0.084 0.743783
0.087 0.745865
0.09 0.747961
0.093 0.75007
0.096 0.752194
0.099 0.754332
0.102 0.756484
0.105 0.75865
0.108 0.76083
0.111 0.763025
0.114 0.765233
0.117 0.767456
0.12 0.769694
0.123 0.771945
0.126 0.774211
0.129 0.776492
0.132 0.778787
0.135 0.781097
0.138 0.783421
0.141 0.785759
0.144 0.788113
0.147 0.790481
0.15 0.792863
0.153 0.795261
0.156 0.797673
0.159 0.800099
0.162 0.802541
0.165 0.804997
0.168 0.807469
0.171 0.809955
0.174 0.812456
0.177 0.814972
0.18 0.817503
0.183 0.820049
0.186 0.822609
0.189 0.825185
0.192 0.827776
0.195 0.830382
0.198 0.833003
0.201 0.835639
0.204 0.83829
0.207 0.840956
0.21 0.843637
0.213 0.846333
0.216 0.849045
0.219 0.851771
0.222 0.854513
0.225 0.85727
0.228 0.860042
0.231 0.862829
0.234 0.865631
0.237 0.868449
0.24 0.871281
0.243 0.874129
0.246 0.876992
0.249 0.879869
0.252 0.882763
0.255 0.885671
0.258 0.888594
0.261 0.891532
0.264 0.894486
0.267 0.897454
0.27 0.900438
0.273 0.903436
0.276 0.90645
0.279 0.909479
0.282 0.912522
0.285 0.915581
0.288 0.918654
0.291 0.921743
0.294 0.924846
0.297 0.927964
0.3 0.931097
0.303 0.934245
0.306 0.937407
0.309 0.940584
0.312 0.943776
0.315 0.946983
0.318 0.950204
0.321 0.95344
0.324 0.95669
0.327 0.959955
0.33 0.963234
0.333 0.966528
0.336 0.969836
0.339 0.973158
0.342 0.976494
0.345 0.979845
0.348 0.98321
0.351 0.986589
0.354 0.989981
0.357 0.993388
0.36 0.996809
0.363 1.00024
0.366 1.00369
0.369 1.00715
0.372 1.01063
0.375 1.01412
0.378 1.01762
0.381 1.02114
0.384 1.02467
0.387 1.02821
0.39 1.03176
0.393 1.03533
0.396 1.03891
0.399 1.04251
0.402 1.04612
0.405 1.04974
0.408 1.05337
0.411 1.05702
0.414 1.06067
0.417 1.06434
0.42 1.06803
0.423 1.07172
0.426 1.07543
0.429 1.07915
0.432 1.08288
0.435 1.08662
0.438 1.09037
0.441 1.09414
0.444 1.09792
0.447 1.1017
0.45 1.1055
0.453 1.10931
0.456 1.11314
0.459 1.11697
0.462 1.12081
0.465 1.12467
0.468 1.12853
0.471 1.1324
0.474 1.13629
0.477 1.14018
0.48 1.14409
0.483 1.148
0.486 1.15193
0.489 1.15586
0.492 1.15981
0.495 1.16376
0.498 1.16772
0.501 1.17169
0.504 1.17567
0.507 1.17966
0.51 1.18366
0.513 1.18766
0.516 1.19168
0.519 1.1957
0.522 1.19973
0.525 1.20377
0.528 1.20782
0.531 1.21187
0.534 1.21593
0.537 1.22
0.54 1.22408
0.543 1.22816
0.546 1.23225
0.549 1.23634
0.552 1.24045
0.555 1.24456
0.558 1.24867
0.561 1.25279
0.564 1.25692
0.567 1.26105
0.57 1.26519
0.573 1.26934
0.576 1.27349
0.579 1.27764
0.582 1.2818
0.585 1.28597
0.588 1.29014
0.591 1.29431
0.594 1.29849
0.597 1.30267
0.6 1.30685
0.603 1.31104
0.606 1.31524
0.609 1.31944
0.612 1.32364
0.615 1.32784
0.618 1.33205
0.621 1.33626
0.624 1.34047
0.627 1.34468
0.63 1.3489
0.633 1.35312
0.636 1.35734
0.639 1.36157
0.642 1.36579
0.645 1.37002
0.648 1.37425
0.651 1.37848
0.654 1.38271
0.657 1.38694
0.66 1.39117
0.663 1.3954
0.666 1.39964
0.669 1.40387
0.672 1.40811
0.675 1.41234
0.678 1.41658
0.681 1.42081
0.684 1.42504
0.687 1.42928
0.69 1.43351
0.693 1.43774
0.696 1.44197
0.699 1.4462
0.702 1.45043
0.705 1.45466
0.708 1.45889
0.711 1.46311
0.714 1.46733
0.717 1.47156
0.72 1.47577
0.723 1.47999
0.726 1.48421
0.729 1.48842
0.732 1.49263
0.735 1.49684
0.738 1.50104
0.741 1.50524
0.744 1.50944
0.747 1.51364
0.75 1.51783
0.753 1.52202
0.756 1.5262
0.759 1.53039
0.762 1.53457
0.765 1.53874
0.768 1.54291
0.771 1.54708
0.774 1.55124
0.777 1.5554
0.78 1.55956
0.783 1.56371
0.786 1.56786
0.789 1.572
0.792 1.57614
0.795 1.58027
0.798 1.5844
0.801 1.58853
0.804 1.59265
0.807 1.59676
0.81 1.60087
0.813 1.60498
0.816 1.60908
0.819 1.61317
0.822 1.61726
0.825 1.62135
0.828 1.62543
0.831 1.6295
0.834 1.63357
0.837 1.63764
0.84 1.6417
0.843 1.64575
0.846 1.6498
0.849 1.65384
0.852 1.65788
0.855 1.66191
0.858 1.66594
0.861 1.66996
0.864 1.67397
0.867 1.67798
0.87 1.68199
0.873 1.68599
0.876 1.68998
0.879 1.69397
0.882 1.69795
0.885 1.70193
0.888 1.7059
0.891 1.70986
0.894 1.71382
0.897 1.71778
0.9 1.72173
0.903 1.72567
0.906 1.72961
0.909 1.73354
0.912 1.73747
0.915 1.74139
0.918 1.74531
0.921 1.74922
0.924 1.75312
0.927 1.75702
0.93 1.76092
0.933 1.76481
0.936 1.76869
0.939 1.77258
0.942 1.77645
0.945 1.78032
0.948 1.78419
0.951 1.78805
0.954 1.7919
0.957 1.79576
0.96 1.7996
0.963 1.80344
0.966 1.80728
0.969 1.81111
0.972 1.81494
0.975 1.81877
0.978 1.82259
0.981 1.82641
0.984 1.83022
0.987 1.83403
0.99 1.83783
0.993 1.84163
0.996 1.84543
0.999 1.84922
1.002 1.85301
1.005 1.8568
1.008 1.86058
1.011 1.86436
1.014 1.86814
1.017 1.87192
1.02 1.87569
1.023 1.87946
1.026 1.88322
1.029 1.88699
1.032 1.89075
1.035 1.89451
1.038 1.89826
1.041 1.90202
1.044 1.90577
1.047 1.90952
1.05 1.91327
1.053 1.91702
1.056 1.92077
1.059 1.92451
1.062 1.92826
1.065 1.932
1.068 1.93574
1.071 1.93948
1.074 1.94322
1.077 1.94696
1.08 1.9507
1.083 1.95444
1.086 1.95818
1.089 1.96192
1.092 1.96566
1.095 1.9694
1.098 1.97315
1.101 1.97689
1.104 1.98063
1.107 1.98437
1.11 1.98812
1.113 1.99186
1.116 1.99561
1.119 1.99936
1.122 2.00311
1.125 2.00686
1.128 2.01062
1.131 2.01438
1.134 2.01814
1.137 2.0219
1.14 2.02566
1.143 2.02943
1.146 2.0332
1.149 2.03698
1.152 2.04075
1.155 2.04454
1.158 2.04832
1.161 2.05211
1.164 2.0559
1.167 2.0597
1.17 2.0635
1.173 2.06731
1.176 2.07112
1.179 2.07494
1.182 2.07876
1.185 2.08258
1.188 2.08642
1.191 2.09025
1.194 2.0941
1.197 2.09795
1.2 2.1018
1.203 2.10567
1.206 2.10954
1.209 2.11341
1.212 2.11729
1.215 2.12118
1.218 2.12508
1.221 2.12899
1.224 2.1329
1.227 2.13682
1.23 2.14075
1.233 2.14468
1.236 2.14863
1.239 2.15258
1.242 2.15654
1.245 2.16052
1.248 2.1645
1.251 2.16849
1.254 2.17249
1.257 2.1765
1.26 2.18052
1.263 2.18454
1.266 2.18858
1.269 2.19263
1.272 2.1967
1.275 2.20077
1.278 2.20485
1.281 2.20895
1.284 2.21305
1.287 2.21717
1.29 2.2213
1.293 2.22544
1.296 2.22959
1.299 2.23376
1.302 2.23794
1.305 2.24213
1.308 2.24633
1.311 2.25055
1.314 2.25478
1.317 2.25902
1.32 2.26328
1.323 2.26755
1.326 2.27184
1.329 2.27614
1.332 2.28045
1.335 2.28478
1.338 2.28913
1.341 2.29349
1.344 2.29786
1.347 2.30225
1.35 2.30665
1.353 2.31107
1.356 2.31551
1.359 2.31996
1.362 2.32443
1.365 2.32892
1.368 2.33342
1.371 2.33794
1.374 2.34247
1.377 2.34703
1.38 2.3516
1.383 2.35618
1.386 2.36079
1.389 2.36541
1.392 2.37005
1.395 2.37471
1.398 2.37938
1.401 2.38408
1.404 2.38879
1.407 2.39352
1.41 2.39827
1.413 2.40304
1.416 2.40783
1.419 2.41264
1.422 2.41747
1.425 2.42231
1.428 2.42718
1.431 2.43207
1.434 2.43697
1.437 2.4419
1.44 2.44684
1.443 2.45181
1.446 2.4568
1.449 2.4618
1.452 2.46683
1.455 2.47188
1.458 2.47695
1.461 2.48204
1.464 2.48715
1.467 2.49228
1.47 2.49744
1.473 2.50261
1.476 2.50781
1.479 2.51302
1.482 2.51826
1.485 2.52352
1.488 2.5288
1.491 2.53411
1.494 2.53943
1.497 2.54478
1.5 2.55015
1.503 2.55554
1.506 2.56095
1.509 2.56639
1.512 2.57184
1.515 2.57732
1.518 2.58282
1.521 2.58834
1.524 2.59389
1.527 2.59945
1.53 2.60504
1.533 2.61065
1.536 2.61629
1.539 2.62194
1.542 2.62762
1.545 2.63332
1.548 2.63904
1.551 2.64478
1.554 2.65054
1.557 2.65633
1.56 2.66214
1.563 2.66797
1.566 2.67382
1.569 2.67969
1.572 2.68559
1.575 2.6915
1.578 2.69744
1.581 2.7034
1.584 2.70937
1.587 2.71537
1.59 2.7214
1.593 2.72744
1.596 2.7335
1.599 2.73958
1.602 2.74568
1.605 2.75181
1.608 2.75795
1.611 2.76411
1.614 2.7703
1.617 2.7765
1.62 2.78272
1.623 2.78896
1.626 2.79522
1.629 2.8015
1.632 2.80779
1.635 2.81411
1.638 2.82044
1.641 2.82679
1.644 2.83316
1.647 2.83954
1.65 2.84594
1.653 2.85236
1.656 2.8588
1.659 2.86525
1.662 2.87172
1.665 2.8782
1.668 2.8847
1.671 2.89122
1.674 2.89775
1.677 2.90429
1.68 2.91085
1.683 2.91742
1.686 2.92401
1.689 2.9306
1.692 2.93722
1.695 2.94384
1.698 2.95048
1.701 2.95712
1.704 2.96378
1.707 2.97045
1.71 2.97713
1.713 2.98383
1.716 2.99053
1.719 2.99724
1.722 3.00396
1.725 3.01069
1.728 3.01743
1.731 3.02417
1.734 3.03092
1.737 3.03768
1.74 3.04445
1.743 3.05122
1.746 3.058
1.749 3.06479
1.752 3.07158
1.755 3.07837
1.758 3.08517
1.761 3.09197
1.764 3.09877
1.767 3.10558
1.77 3.11239
1.773 3.1192
1.776 3.12601
1.779 3.13283
1.782 3.13964
1.785 3.14645
1.788 3.15326
1.791 3.16008
1.794 3.16689
1.797 3.17369
1.8 3.1805
1.803 3.1873
1.806 3.1941
1.809 3.2009
1.812 3.20769
1.815 3.21447
1.818 3.22125
1.821 3.22802
1.824 3.23479
1.827 3.24155
1.83 3.2483
1.833 3.25505
1.836 3.26178
1.839 3.26851
1.842 3.27523
1.845 3.28193
1.848 3.28863
1.851 3.29532
1.854 3.30199
1.857 3.30865
1.86 3.3153
1.863 3.32194
1.866 3.32856
1.869 3.33517
1.872 3.34176
1.875 3.34834
1.878 3.35491
1.881 3.36146
1.884 3.36799
1.887 3.3745
1.89 3.381
1.893 3.38748
1.896 3.39394
1.899 3.40038
1.902 3.4068
1.905 3.41321
1.908 3.41959
1.911 3.42595
1.914 3.43229
1.917 3.43861
1.92 3.44491
1.923 3.45118
1.926 3.45743
1.929 3.46366
1.932 3.46986
1.935 3.47604
1.938 3.4822
1.941 3.48833
1.944 3.49443
1.947 3.50051
1.95 3.50656
1.953 3.51259
1.956 3.51859
1.959 3.52456
1.962 3.5305
1.965 3.53642
1.968 3.5423
1.971 3.54816
1.974 3.55399
1.977 3.55979
1.98 3.56555
1.983 3.57129
1.986 3.577
1.989 3.58267
1.992 3.58832
1.995 3.59393
1.998 3.59951
2.001 3.60506
2.004 3.61057
2.007 3.61606
2.01 3.62151
2.013 3.62692
2.016 3.6323
2.019 3.63765
2.022 3.64296
2.025 3.64824
2.028 3.65349
2.031 3.6587
2.034 3.66387
2.037 3.66901
2.04 3.67411
2.043 3.67918
2.046 3.68421
2.049 3.68921
2.052 3.69417
2.055 3.69909
2.058 3.70398
2.061 3.70882
2.064 3.71364
2.067 3.71841
2.07 3.72315
2.073 3.72785
2.076 3.73251
2.079 3.73714
2.082 3.74173
2.085 3.74628
2.088 3.75079
2.091 3.75526
2.094 3.7597
2.097 3.7641
2.1 3.76846
2.103 3.77278
2.106 3.77706
2.109 3.78131
2.112 3.78552
2.115 3.78969
2.118 3.79382
2.121 3.79791
2.124 3.80197
2.127 3.80599
2.13 3.80997
2.133 3.81391
2.136 3.81781
2.139 3.82168
2.142 3.8255
2.145 3.82929
2.148 3.83304
2.151 3.83676
2.154 3.84044
2.157 3.84408
2.16 3.84768
2.163 3.85124
2.166 3.85477
2.169 3.85826
2.172 3.86171
2.175 3.86513
2.178 3.86851
2.181 3.87186
2.184 3.87516
2.187 3.87844
2.19 3.88167
2.193 3.88487
2.196 3.88803
2.199 3.89116
2.202 3.89426
2.205 3.89731
2.208 3.90034
2.211 3.90333
2.214 3.90628
2.217 3.9092
2.22 3.91208
2.223 3.91493
2.226 3.91775
2.229 3.92054
2.232 3.92329
2.235 3.926
2.238 3.92869
2.241 3.93134
2.244 3.93396
2.247 3.93655
2.25 3.9391
2.253 3.94162
2.256 3.94412
2.259 3.94658
2.262 3.94901
2.265 3.9514
2.268 3.95377
2.271 3.95611
2.274 3.95842
2.277 3.9607
2.28 3.96294
2.283 3.96516
2.286 3.96735
2.289 3.96951
2.292 3.97165
2.295 3.97375
2.298 3.97583
2.301 3.97788
2.304 3.9799
2.307 3.98189
2.31 3.98386
2.313 3.9858
2.316 3.98771
2.319 3.9896
2.322 3.99146
2.325 3.9933
2.328 3.99511
2.331 3.9969
2.334 3.99866
2.337 4.00039
2.34 4.00211
2.343 4.00379
2.346 4.00546
2.349 4.0071
2.352 4.00871
2.355 4.01031
2.358 4.01188
2.361 4.01343
2.364 4.01495
2.367 4.01646
2.37 4.01794
2.373 4.0194
2.376 4.02084
2.379 4.02225
2.382 4.02365
2.385 4.02503
2.388 4.02638
2.391 4.02772
2.394 4.02904
2.397 4.03033
2.4 4.03161
2.403 4.03287
2.406 4.03411
2.409 4.03533
2.412 4.03653
2.415 4.03771
2.418 4.03888
2.421 4.04002
2.424 4.04115
2.427 4.04227
2.43 4.04336
2.433 4.04444
2.436 4.0455
2.439 4.04655
2.442 4.04757
2.445 4.04859
2.448 4.04958
2.451 4.05057
2.454 4.05153
2.457 4.05248
2.46 4.05342
2.463 4.05434
2.466 4.05524
2.469 4.05614
2.472 4.05701
2.475 4.05788
2.478 4.05872
2.481 4.05956
2.484 4.06038
2.487 4.06119
2.49 4.06199
2.493 4.06277
2.496 4.06354
2.499 4.06429
2.502 4.06504
2.505 4.06577
2.508 4.06649
2.511 4.0672
2.514 4.06789
2.517 4.06858
2.52 4.06925
2.523 4.06991
2.526 4.07056
2.529 4.0712
2.532 4.07183
2.535 4.07245
2.538 4.07306
2.541 4.07366
2.544 4.07424
2.547 4.07482
2.55 4.07539
2.553 4.07594
2.556 4.07649
2.559 4.07703
2.562 4.07756
2.565 4.07808
2.568 4.07859
2.571 4.07909
2.574 4.07958
2.577 4.08007
2.58 4.08054
2.583 4.08101
2.586 4.08147
2.589 4.08192
2.592 4.08236
2.595 4.08279
2.598 4.08322
2.601 4.08364
2.604 4.08405
2.607 4.08445
2.61 4.08485
2.613 4.08524
2.616 4.08562
2.619 4.08599
2.622 4.08636
2.625 4.08672
2.628 4.08707
2.631 4.08742
2.634 4.08776
2.637 4.08809
2.64 4.08842
2.643 4.08874
2.646 4.08906
2.649 4.08937
2.652 4.08967
2.655 4.08997
2.658 4.09026
2.661 4.09054
2.664 4.09082
2.667 4.0911
2.67 4.09137
2.673 4.09163
2.676 4.09189
2.679 4.09214
2.682 4.09239
2.685 4.09263
2.688 4.09287
2.691 4.0931
2.694 4.09333
2.697 4.09356
2.7 4.09377
2.703 4.09399
2.706 4.0942
2.709 4.0944
2.712 4.0946
2.715 4.0948
2.718 4.09499
2.721 4.09518
2.724 4.09536
2.727 4.09554
2.73 4.09572
2.733 4.09589
2.736 4.09606
2.739 4.09622
2.742 4.09638
2.745 4.09654
2.748 4.09669
2.751 4.09684
2.754 4.09699
2.757 4.09713
2.76 4.09727
2.763 4.0974
2.766 4.09753
2.769 4.09766
2.772 4.09779
2.775 4.09791
2.778 4.09803
2.781 4.09815
2.784 4.09826
2.787 4.09837
2.79 4.09848
2.793 4.09858
2.796 4.09869
2.799 4.09879
2.802 4.09888
2.805 4.09898
2.808 4.09907
2.811 4.09915
2.814 4.09924
2.817 4.09932
2.82 4.0994
2.823 4.09948
2.826 4.09956
2.829 4.09963
2.832 4.0997
2.835 4.09977
2.838 4.09984
2.841 4.09991
2.844 4.09997
2.847 4.10003
2.85 4.10009
2.853 4.10014
2.856 4.1002
2.859 4.10025
2.862 4.1003
2.865 4.10035
2.868 4.10039
2.871 4.10044
2.874 4.10048
2.877 4.10052
2.88 4.10056
2.883 4.1006
2.886 4.10064
2.889 4.10067
2.892 4.1007
2.895 4.10073
2.898 4.10076
2.901 4.10079
2.904 4.10082
2.907 4.10084
2.91 4.10086
2.913 4.10088
2.916 4.1009
2.919 4.10092
2.922 4.10094
2.925 4.10096
2.928 4.10097
2.931 4.10098
2.934 4.101
2.937 4.10101
2.94 4.10102
2.943 4.10102
2.946 4.10103
2.949 4.10104
2.952 4.10104
2.955 4.10105
2.958 4.10105
2.961 4.10105
2.964 4.10105
2.967 4.10105
2.97 4.10105
2.973 4.10104
2.976 4.10104
2.979 4.10103
2.982 4.10103
2.985 4.10102
2.988 4.10101
2.991 4.101
2.994 4.10099
2.997 4.10098
3 4.10097
3.001 0
