0 5
0.003 3.6868
0.006 3.68628
0.009 3.68575
0.012 3.68523
0.015 3.6847
0.018 3.68416
0.021 3.68362
0.024 3.68308
0.027 3.68254
0.03 3.68199
0.033 3.68144
0.036 3.68089
0.039 3.68033
0.042 3.67977
0.045 3.67921
0.048 3.67864
0.051 3.67807
0.054 3.67749
0.057 3.67691
0.06 3.67633
0.063 3.67575
0.066 3.67516
0.069 3.67457
0.072 3.67397
0.075 3.67337
0.078 3.67277
0.081 3.67217
0.084 3.67156
0.087 3.67094
0.09 3.67033
0.093 3.66971
0.096 3.66909
0.099 3.66846
0.102 3.66783
0.105 3.6672
0.108 3.66656
0.111 3.66592
0.114 3.66527
0.117 3.66463
0.12 3.66398
0.123 3.66332
0.126 3.66266
0.129 3.662
0.132 3.66134
0.135 3.66067
0.138 3.66
0.141 3.65932
0.144 3.65864
0.147 3.65796
0.15 3.65728
0.153 3.65659
0.156 3.6559
0.159 3.6552
0.162 3.6545
0.165 3.6538
0.168 3.65309
0.171 3.65238
0.174 3.65167
0.177 3.65095
0.18 3.65023
0.183 3.64951
0.186 3.64878
0.189 3.64805
0.192 3.64732
0.195 3.64658
0.198 3.64584
0.201 3.6451
0.204 3.64435
0.207 3.6436
0.21 3.64285
0.213 3.64209
0.216 3.64133
0.219 3.64056
0.222 3.6398
0.225 3.63902
0.228 3.63825
0.231 3.63747
0.234 3.63669
0.237 3.63591
0.24 3.63512
0.243 3.63433
0.246 3.63354
0.249 3.63274
0.252 3.63194
0.255 3.63113
0.258 3.63033
0.261 3.62952
0.264 3.6287
0.267 3.62789
0.27 3.62707
0.273 3.62624
0.276 3.62542
0.279 3.62459
0.282 3.62375
0.285 3.62292
0.288 3.62208
0.291 3.62124
0.294 3.62039
0.297 3.61954
0.3 3.61869
0.303 3.61783
0.306 3.61698
0.309 3.61611
0.312 3.61525
0.315 3.61438
0.318 3.61351
0.321 3.61264
0.324 3.61176
0.327 3.61088
0.33 3.61
0.333 3.60911
0.336 3.60822
0.339 3.60733
0.342 3.60644
0.345 3.60554
0.348 3.60464
0.351 3.60374
0.354 3.60283
0.357 3.60192
0.36 3.60101
0.363 3.60009
0.366 3.59917
0.369 3.59825
0.372 3.59733
0.375 3.5964
0.378 3.59547
0.381 3.59454
0.384 3.59361
0.387 3.59267
0.39 3.59173
0.393 3.59078
0.396 3.58984
0.399 3.58889
0.402 3.58794
0.405 3.58698
0.408 3.58602
0.411 3.58506
0.414 3.5841
0.417 3.58314
0.42 3.58217
0.423 3.5812
0.426 3.58023
0.429 3.57925
0.432 3.57827
0.435 3.57729
0.438 3.57631
0.441 3.57532
0.444 3.57434
0.447 3.57334
0.45 3.57235
0.453 3.57136
0.456 3.57036
0.459 3.56936
0.462 3.56835
0.465 3.56735
0.468 3.56634
0.471 3.56533
0.474 3.56432
0.477 3.5633
0.48 3.56229
0.483 3.56127
0.486 3.56025
0.489 3.55922
0.492 3.5582
0.495 3.55717
0.498 3.55614
0.501 3.55511
0.504 3.55407
0.507 3.55303
0.51 3.552
0.513 3.55095
0.516 3.54991
0.519 3.54887
0.522 3.54782
0.525 3.54677
0.528 3.54572
0.531 3.54467
0.534 3.54361
0.537 3.54255
0.54 3.54149
0.543 3.54043
0.546 3.53937
0.549 3.53831
0.552 3.53724
0.555 3.53617
0.558 3.5351
0.561 3.53403
0.564 3.53296
0.567 3.53188
0.57 3.5308
0.573 3.52973
0.576 3.52865
0.579 3.52756
0.582 3.52648
0.585 3.5254
0.588 3.52431
0.591 3.52322
0.594 3.52213
0.597 3.52104
0.6 3.51995
0.603 3.51885
0.606 3.51776
0.609 3.51666
0.612 3.51556
0.615 3.51447
0.618 3.51336
0.621 3.51226
0.624 3.51116
0.627 3.51006
0.63 3.50895
0.633 3.50784
0.636 3.50674
0.639 3.50563
0.642 3.50452
0.645 3.50341
0.648 3.50229
0.651 3.50118
0.654 3.50007
0.657 3.49895
0.66 3.49784
0.663 3.49672
0.666 3.4956
0.669 3.49448
0.672 3.49336
0.675 3.49224
0.678 3.49112
0.681 3.49
0.684 3.48888
0.687 3.48775
0.69 3.48663
0.693 3.48551
0.696 3.48438
0.699 3.48326
0.702 3.48213
0.705 3.481
0.708 3.47988
0.711 3.47875
0.714 3.47762
0.717 3.47649
0.72 3.47536
0.723 3.47424
0.726 3.47311
0.729 3.47198
0.732 3.47085
0.735 3.46972
0.738 3.46859
0.741 3.46746
0.744 3.46633
0.747 3.4652
0.75 3.46406
0.753 3.46293
0.756 3.4618
0.759 3.46067
0.762 3.45954
0.765 3.45841
0.768 3.45728
0.771 3.45615
0.774 3.45502
0.777 3.45389
0.78 3.45275
0.783 3.45162
0.786 3.45049
0.789 3.44936
0.792 3.44823
0.795 3.4471
0.798 3.44598
0.801 3.44485
0.804 3.44372
0.807 3.44259
0.81 3.44146
0.813 3.44033
0.816 3.43921
0.819 3.43808
0.822 3.43695
0.825 3.43583
0.828 3.4347
0.831 3.43358
0.834 3.43245
0.837 3.43133
0.84 3.4302
0.843 3.42908
0.846 3.42796
0.849 3.42684
0.852 3.42571
0.855 3.42459
0.858 3.42347
0.861 3.42235
0.864 3.42123
0.867 3.42012
0.87 3.419
0.873 3.41788
0.876 3.41676
0.879 3.41565
0.882 3.41453
0.885 3.41342
0.888 3.4123
0.891 3.41119
0.894 3.41008
0.897 3.40897
0.9 3.40786
0.903 3.40675
0.906 3.40564
0.909 3.40453
0.912 3.40342
0.915 3.40231
0.918 3.4012
0.921 3.4001
0.924 3.39899
0.927 3.39789
0.93 3.39678
0.933 3.39568
0.936 3.39458
0.939 3.39347
0.942 3.39237
0.945 3.39127
0.948 3.39017
0.951 3.38907
0.954 3.38797
0.957 3.38687
0.96 3.38578
0.963 3.38468
0.966 3.38358
0.969 3.38249
0.972 3.38139
0.975 3.3803
0.978 3.3792
0.981 3.37811
0.984 3.37702
0.987 3.37592
0.99 3.37483
0.993 3.37374
0.996 3.37265
0.999 3.37156
1.002 3.37047
1.005 3.36938
1.008 3.36829
1.011 3.3672
1.014 3.36611
1.017 3.36502
1.02 3.36393
1.023 3.36285
1.026 3.36176
1.029 3.36067
1.032 3.35958
1.035 3.3585
1.038 3.35741
1.041 3.35632
1.044 3.35524
1.047 3.35415
1.05 3.35306
1.053 3.35198
1.056 3.35089
1.059 3.3498
1.062 3.34872
1.065 3.34763
1.068 3.34654
1.071 3.34546
1.074 3.34437
1.077 3.34328
1.08 3.34219
1.083 3.3411
1.086 3.34002
1.089 3.33893
1.092 3.33784
1.095 3.33675
1.098 3.33566
1.101 3.33457
1.104 3.33348
1.107 3.33238
1.11 3.33129
1.113 3.3302
1.116 3.3291
1.119 3.32801
1.122 3.32691
1.125 3.32582
1.128 3.32472
1.131 3.32362
1.134 3.32252
1.137 3.32142
1.14 3.32032
1.143 3.31922
1.146 3.31812
1.149 3.31701
1.152 3.31591
1.155 3.3148
1.158 3.31369
1.161 3.31258
1.164 3.31147
1.167 3.31036
1.17 3.30925
1.173 3.30813
1.176 3.30701
1.179 3.3059
1.182 3.30478
1.185 3.30365
1.188 3.30253
1.191 3.3014
1.194 3.30028
1.197 3.29915
1.2 3.29802
1.203 3.29688
1.206 3.29575
1.209 3.29461
1.212 3.29347
1.215 3.29233
1.218 3.29118
1.221 3.29004
1.224 3.28889
1.227 3.28774
1.23 3.28658
1.233 3.28542
1.236 3.28427
1.239 3.2831
1.242 3.28194
1.245 3.28077
1.248 3.2796
1.251 3.27843
1.254 3.27725
1.257 3.27607
1.26 3.27489
1.263 3.27371
1.266 3.27252
1.269 3.27133
1.272 3.27013
1.275 3.26893
1.278 3.26773
1.281 3.26653
1.284 3.26532
1.287 3.26411
1.29 3.26289
1.293 3.26167
1.296 3.26045
1.299 3.25922
1.302 3.25799
1.305 3.25676
1.308 3.25552
1.311 3.25428
1.314 3.25303
1.317 3.25178
1.32 3.25053
1.323 3.24927
1.326 3.248
1.329 3.24674
1.332 3.24546
1.335 3.24419
1.338 3.24291
1.341 3.24162
1.344 3.24033
1.347 3.23903
1.35 3.23773
1.353 3.23643
1.356 3.23512
1.359 3.23381
1.362 3.23249
1.365 3.23116
1.368 3.22983
1.371 3.2285
1.374 3.22716
1.377 3.22581
1.38 3.22446
1.383 3.22311
1.386 3.22174
1.389 3.22038
1.392 3.219
1.395 3.21763
1.398 3.21624
1.401 3.21485
1.404 3.21346
1.407 3.21206
1.41 3.21065
1.413 3.20924
1.416 3.20782
1.419 3.20639
1.422 3.20496
1.425 3.20352
1.428 3.20208
1.431 3.20063
1.434 3.19918
1.437 3.19771
1.44 3.19624
1.443 3.19477
1.446 3.19329
1.449 3.1918
1.452 3.19031
1.455 3.1888
1.458 3.1873
1.461 3.18578
1.464 3.18426
1.467 3.18273
1.47 3.1812
1.473 3.17966
1.476 3.17811
1.479 3.17655
1.482 3.17499
1.485 3.17342
1.488 3.17184
1.491 3.17026
1.494 3.16867
1.497 3.16707
1.5 3.16546
1.503 3.16385
1.506 3.16223
1.509 3.16061
1.512 3.15897
1.515 3.15733
1.518 3.15568
1.521 3.15403
1.524 3.15236
1.527 3.15069
1.53 3.14901
1.533 3.14733
1.536 3.14563
1.539 3.14393
1.542 3.14222
1.545 3.14051
1.548 3.13879
1.551 3.13705
1.554 3.13532
1.557 3.13357
1.56 3.13182
1.563 3.13006
1.566 3.12829
1.569 3.12651
1.572 3.12473
1.575 3.12294
1.578 3.12114
1.581 3.11933
1.584 3.11752
1.587 3.1157
1.59 3.11387
1.593 3.11203
1.596 3.11019
1.599 3.10834
1.602 3.10648
1.605 3.10461
1.608 3.10274
1.611 3.10086
1.614 3.09897
1.617 3.09708
1.62 3.09517
1.623 3.09327
1.626 3.09135
1.629 3.08942
1.632 3.08749
1.635 3.08555
1.638 3.08361
1.641 3.08166
1.644 3.0797
1.647 3.07773
1.65 3.07576
1.653 3.07378
1.656 3.07179
1.659 3.0698
1.662 3.0678
1.665 3.06579
1.668 3.06378
1.671 3.06176
1.674 3.05973
1.677 3.0577
1.68 3.05566
1.683 3.05361
1.686 3.05156
1.689 3.0495
1.692 3.04744
1.695 3.04537
1.698 3.04329
1.701 3.04121
1.704 3.03913
1.707 3.03703
1.71 3.03494
1.713 3.03283
1.716 3.03072
1.719 3.02861
1.722 3.02649
1.725 3.02437
1.728 3.02224
1.731 3.0201
1.734 3.01796
1.737 3.01582
1.74 3.01367
1.743 3.01152
1.746 3.00936
1.749 3.0072
1.752 3.00504
1.755 3.00287
1.758 3.0007
1.761 2.99852
1.764 2.99634
1.767 2.99415
1.77 2.99197
1.773 2.98977
1.776 2.98758
1.779 2.98538
1.782 2.98318
1.785 2.98098
1.788 2.97877
1.791 2.97657
1.794 2.97436
1.797 2.97214
1.8 2.96993
1.803 2.96771
1.806 2.96549
1.809 2.96327
1.812 2.96105
1.815 2.95882
1.818 2.9566
1.821 2.95437
1.824 2.95214
1.827 2.94991
1.83 2.94768
1.833 2.94545
1.836 2.94322
1.839 2.94099
1.842 2.93876
1.845 2.93652
1.848 2.93429
1.851 2.93206
1.854 2.92983
1.857 2.9276
1.86 2.92537
1.863 2.92314
1.866 2.92091
1.869 2.91868
1.872 2.91645
1.875 2.91423
1.878 2.912
1.881 2.90978
1.884 2.90756
1.887 2.90534
1.89 2.90313
1.893 2.90091
1.896 2.8987
1.899 2.89649
1.902 2.89428
1.905 2.89208
1.908 2.88988
1.911 2.88768
1.914 2.88549
1.917 2.8833
1.92 2.88111
1.923 2.87893
1.926 2.87675
1.929 2.87457
1.932 2.8724
1.935 2.87023
1.938 2.86807
1.941 2.86591
1.944 2.86376
1.947 2.86161
1.95 2.85947
1.953 2.85733
1.956 2.8552
1.959 2.85307
1.962 2.85095
1.965 2.84883
1.968 2.84673
1.971 2.84462
1.974 2.84253
1.977 2.84044
1.98 2.83835
1.983 2.83627
1.986 2.8342
1.989 2.83214
1.992 2.83008
1.995 2.82804
1.998 2.82599
2.001 2.82396
2.004 2.82193
2.007 2.81991
2.01 2.8179
2.013 2.8159
2.016 2.81391
2.019 2.81192
2.022 2.80994
2.025 2.80797
2.028 2.80601
2.031 2.80406
2.034 2.80212
2.037 2.80019
2.04 2.79826
2.043 2.79635
2.046 2.79444
2.049 2.79254
2.052 2.79066
2.055 2.78878
2.058 2.78691
2.061 2.78505
2.064 2.78321
2.067 2.78137
2.07 2.77954
2.073 2.77773
2.076 2.77592
2.079 2.77412
2.082 2.77234
2.085 2.77056
2.088 2.7688
2.091 2.76705
2.094 2.7653
2.097 2.76357
2.1 2.76185
2.103 2.76014
2.106 2.75845
2.109 2.75676
2.112 2.75508
2.115 2.75342
2.118 2.75177
2.121 2.75013
2.124 2.7485
2.127 2.74688
2.13 2.74527
2.133 2.74368
2.136 2.74209
2.139 2.74052
2.142 2.73896
2.145 2.73742
2.148 2.73588
2.151 2.73436
2.154 2.73285
2.157 2.73135
2.16 2.72986
2.163 2.72839
2.166 2.72692
2.169 2.72547
2.172 2.72403
2.175 2.7226
2.178 2.72119
2.181 2.71979
2.184 2.7184
2.187 2.71702
2.19 2.71565
2.193 2.7143
2.196 2.71296
2.199 2.71163
2.202 2.71031
2.205 2.709
2.208 2.70771
2.211 2.70643
2.214 2.70516
2.217 2.7039
2.22 2.70266
2.223 2.70142
2.226 2.7002
2.229 2.69899
2.232 2.69779
2.235 2.69661
2.238 2.69544
2.241 2.69427
2.244 2.69312
2.247 2.69199
2.25 2.69086
2.253 2.68974
2.256 2.68864
2.259 2.68755
2.262 2.68647
2.265 2.6854
2.268 2.68435
2.271 2.6833
2.274 2.68227
2.277 2.68124
2.28 2.68023
2.283 2.67923
2.286 2.67824
2.289 2.67726
2.292 2.6763
2.295 2.67534
2.298 2.6744
2.301 2.67346
2.304 2.67254
2.307 2.67163
2.31 2.67072
2.313 2.66983
2.316 2.66895
2.319 2.66808
2.322 2.66722
2.325 2.66637
2.328 2.66553
2.331 2.6647
2.334 2.66388
2.337 2.66307
2.34 2.66228
2.343 2.66149
2.346 2.66071
2.349 2.65994
2.352 2.65918
2.355 2.65843
2.358 2.65769
2.361 2.65695
2.364 2.65623
2.367 2.65552
2.37 2.65482
2.373 2.65412
2.376 2.65344
2.379 2.65276
2.382 2.65209
2.385 2.65143
2.388 2.65078
2.391 2.65014
2.394 2.64951
2.397 2.64888
2.4 2.64827
2.403 2.64766
2.406 2.64706
2.409 2.64647
2.412 2.64589
2.415 2.64531
2.418 2.64475
2.421 2.64419
2.424 2.64363
2.427 2.64309
2.43 2.64256
2.433 2.64203
2.436 2.64151
2.439 2.64099
2.442 2.64049
2.445 2.63999
2.448 2.6395
2.451 2.63901
2.454 2.63853
2.457 2.63806
2.46 2.6376
2.463 2.63714
2.466 2.63669
2.469 2.63625
2.472 2.63581
2.475 2.63538
2.478 2.63496
2.481 2.63454
2.484 2.63413
2.487 2.63372
2.49 2.63332
2.493 2.63293
2.496 2.63254
2.499 2.63216
2.502 2.63179
2.505 2.63142
2.508 2.63105
2.511 2.6307
2.514 2.63034
2.517 2.63
2.52 2.62965
2.523 2.62932
2.526 2.62899
2.529 2.62866
2.532 2.62834
2.535 2.62803
2.538 2.62772
2.541 2.62741
2.544 2.62711
2.547 2.62681
2.55 2.62652
2.553 2.62624
2.556 2.62596
2.559 2.62568
2.562 2.62541
2.565 2.62514
2.568 2.62488
2.571 2.62462
2.574 2.62437
2.577 2.62412
2.58 2.62387
2.583 2.62363
2.586 2.62339
2.589 2.62316
2.592 2.62293
2.595 2.6227
2.598 2.62248
2.601 2.62226
2.604 2.62205
2.607 2.62184
2.61 2.62163
2.613 2.62143
2.616 2.62123
2.619 2.62103
2.622 2.62084
2.625 2.62065
2.628 2.62047
2.631 2.62029
2.634 2.62011
2.637 2.61993
2.64 2.61976
2.643 2.61959
2.646 2.61943
2.649 2.61926
2.652 2.6191
2.655 2.61895
2.658 2.61879
2.661 2.61864
2.664 2.61849
2.667 2.61835
2.67 2.61821
2.673 2.61807
2.676 2.61793
2.679 2.6178
2.682 2.61766
2.685 2.61754
2.688 2.61741
2.691 2.61729
2.694 2.61716
2.697 2.61705
2.7 2.61693
2.703 2.61681
2.706 2.6167
2.709 2.61659
2.712 2.61649
2.715 2.61638
2.718 2.61628
2.721 2.61618
2.724 2.61608
2.727 2.61598
2.73 2.61589
2.733 2.6158
2.736 2.61571
2.739 2.61562
2.742 2.61553
2.745 2.61545
2.748 2.61537
2.751 2.61529
2.754 2.61521
2.757 2.61513
2.76 2.61506
2.763 2.61498
2.766 2.61491
2.769 2.61484
2.772 2.61477
2.775 2.61471
2.778 2.61464
2.781 2.61458
2.784 2.61452
2.787 2.61446
2.79 2.6144
2.793 2.61434
2.796 2.61429
2.799 2.61423
2.802 2.61418
2.805 2.61413
2.808 2.61408
2.811 2.61403
2.814 2.61399
2.817 2.61394
2.82 2.6139
2.823 2.61385
2.826 2.61381
2.829 2.61377
2.832 2.61373
2.835 2.61369
2.838 2.61366
2.841 2.61362
2.844 2.61359
2.847 2.61355
2.85 2.61352
2.853 2.61349
2.856 2.61346
2.859 2.61343
2.862 2.6134
2.865 2.61338
2.868 2.61335
2.871 2.61333
2.874 2.6133
2.877 2.61328
2.88 2.61326
2.883 2.61324
2.886 2.61322
2.889 2.6132
2.892 2.61318
2.895 2.61316
2.898 2.61315
2.901 2.61313
2.904 2.61312
2.907 2.6131
2.91 2.61309
2.913 2.61308
2.916 2.61307
2.919 2.61305
2.922 2.61304
2.925 2.61303
2.928 2.61303
2.931 2.61302
2.934 2.61301
2.937 2.613
2.94 2.613
2.943 2.61299
2.946 2.61299
2.949 2.61299
2.952 2.61298
2.955 2.61298
2.958 2.61298
2.961 2.61298
2.964 2.61298
2.967 2.61298
2.97 2.61298
2.973 2.61298
2.976 2.61298
2.979 2.61298
2.982 2.61298
2.985 2.61299
2.988 2.61299
2.991 2.613
2.994 2.613
2.997 2.61301
3 2.61301
3.001 5
